000011001111110101000101000001101001110000000010111100111010111100110010101011110010011100000111
111111011100000000010101000001001001000001100100110010101010000110111001100110100101110010001110
111100100100010001010010100010101110010100111111010111001011100101101011010111110101001001100010
101011111101110001000101110011100101110100110111111011001100011010101001010111100111100010011000
110001110111110001000010101101000101011100111010101111000110100111011100011010010000110110010010
110000111111010011011011001111011000110101110011100111110111000011000111011010011000000111100110
110000111101101111011100011100001001000111001001110000010110110000010001011111111011111111101000
011101011100001110100101011001011010000100000101010110010010011100000000010101101001001010101100
001001000100111100011011010110111000010100011111111101000100011110100111110100010111001100110110
011110010101110101001001000010001001010101101101000000001100111110000010001111011001010001011101
100101011111001110011101000110011010000011011010111011100110101110110100111110100101100001100110
000110100101010000100000001111110000101100111000110010100010111101010010100011100011000101011100
100000000011011011101000001001110001001100010010011001001001010000111100110010100011001011100101
011001011011111011111111001011000110011110000111111000111011001110001111100100110001111000011111
001111101111101011101001001011000101001101110010000101100000111111110001011110001001110011001100
000110000101101100011001101110111101110001010011101011010010010000011100100010101111101100011011
111111000010101000111111001000110000111110100011010101110001111100111001010101000100101111100000
101100101101011000011000100101110001100001000100111100101100101000010101111001101000100111001001
100101011011001111000010111111011111000011011001101011010101011011001101101100110000101010110100
011111110100011101001011001010100011011111010110100011101110100001011111101101000100011011111001
000010011011001100111110110101011010000000100000110101001101011000011100111100011000001000000111
000001111011001010010001011101101110010010110001010000000000001100100011001111100001010111011011
010110100111111000010000101111010001100110000111010110101111011101011001101110011011110010010000
000110101001101111011001011111101001110001010001111100101000000110010111001010110100110111000001
110111000100000000101010111100110110110010000111110100001001010111011101101101101110011001000100
000110100001111110001110010100111000001101010000000000001111011010011100110100010001011000111111
001101000111011111010011101110001101111000010011100111101100010111010010110000011110110111110000
100101110001001101001001110011100100101101110101111101100001110011001100111010011111011101100111
000000101100101001010111010011011110000001010101000010100000110010101101100111001101010100011101
011000111101100010110010101001000000100011101001001000010110110110001010011010001110000011001011
100101011010000111100100111100111000110000111111101110100110100000110101010110100100101010001010
100111100010011001101011001100100100011111100111010010011011100110001101101110101010010100010010
011100101101010111100110101000101110110001011000100000111110101110011100000010110111001010011100
001001001111100011111111001101101011000001100100000100100111110000101110001110111010000100011101
101100111000111111001011111111010100011011110100101001101010011111110101110010001011010010000100
000111111101000100001101110110000101100010101010100101101011010011110010101101000001010000101110
010010011111011111001101010101111110000000011100010010100010111100101010101110000001011010011001
011111101110111010000111010010011010001101011010110111100111001110110000001001011111111101110100
000110000000111101101011111001110010000100011110111101111011111001100111000110010001011110111110
010001110011111000110000100010011011000111001101010000100111110111101011100110110001000110110011
101101011000110010001001101111111000001100110000100001010110100111011001000100010011110000000000
000110101010110011100000111111100010101111010111000001111001010011011100001001010111000000011101
111001111110001110111010110101000101001101111001110011000001001001100010000100110001111100101101
011010100000100101001011111101110101110100100010110101100111010111001111101111111101000010001101
111101001111001111001101010001000011000111111110000001111110001111000011011101011001111110000011
011100001001011101111100010100011001010101001000111011000111100101101110111001110000111001001111
101001000100110111011100110111000000100111100111010011011001010111001001000100000111100111111010
101000011111010001110010011100001110000000001101100100000111111111110111000100010101011111001100
000000101110100101100010111000101110100101110010101001101010000011001101011110101010010000100110
001011110111001010010000100100101011101000111010100010101000110110111101001011001100110111100110
111011111000001100100011000010101011010011100110000011000010111000111111010000101001111110111101
100101010110101001011010111110000011101100100110101100001110000011100011010011011011100110011110
011000011110111011010110110000101110010100101110000000111101111110101011010101100011101000101001
101101000100000000100011110101011001111011011101110100111010011011101000111100101011011010100011
101000010000000110111101101001011110000010011111110011000010111100101001100010000001010100011110
100111100100100011110100101100100111111111011001101010100101011001011111101001001000011000011001
101001010101101001010011111000100001000000100101010000111010010010010010111001001110110001101110
101100011101000011111100000011111011001111110010010100100001010000000010001110010110111001111011
101000010011011011101110010101010001010010001111101111111100100001100110010101101101111111101010
110011111100000111111011001100001111010001101110010111001110010101111000010010100010000000001000
101001010111110101101100010011100101101010111101011101100001011100101110111100001001001101000000
000110111001010100101010010101110100101001001100000110111111010011011100011111001111110110011010
011001110010100111011010011110011101110111100111011100111111010111000000010001010000010011100111
011000101110101001101011101011011100010000110110010011010000100010001000011010001011011010110100
101111000111111110100010011110100110111000011110011100110000101010111011011001101111110101111000
001010010000110000110000010111011000101111011000110001010011000000111111101000001110111010101110
101110011010110001100101011001001101010001100011011110001110100110000100111001001001100010111101
000101111010100111100101101100010011011100111000011010111100101011010110011011110111100110110001
011000010100110101100110110000100110011010011110101101010000111101001101101111001100111011110010
110011000100010101000000011001110101110101111110101101111010000001001110011000101000111011100110
111100011101111011001000001001111100011010100011010001010100011101101001101001011110100111001111
111010111001010100011000000110011101111010110111111111000100100100011001110001000010100100100111
011000110010010000100100000000111001010110000100100111010011110000000110110101111000111010111101
010010010011100001001011100101000101100011100010111100010110110100010110000100001100110000011100
011101011010111000101100010110001001000110001101110101010101010100010111000000101111011000101110
010001001101010000110001010100000001010010100010000110011010010101100010110100010111110110101001
101000110100101010100101001110111001111000001111001010101100110001100011000100101000101101100110
011110011110000100001000000101100010111111001010010100110000101010101001111000110100110110100110
010010111111110000101010010111001001100111101011010000100110111010111000000011110111111011000101
000101101010110001011001001001100010100010001100100000100101110110110111100111001011100111011001
110001100100001001101010100000100110000110110111111001010111111111001100111011001100000111111110
101011101101110110100111010001000111111111100010010010010101001000010010100101101001000000101110
000101011000010110101110000111111001001011100001000000000001111000110001000110001010111100111000
010001111000001001111111010101101010101101001010010001100100100111111001101101011111001110000111
010001111110010110011000110100100000011011011011001010110001101000100000011001010001110100010011
100011110000000010000011101110010100010001001101000000100101100111010001100110001001110110110001
111100110100100111010001000100010111011111001000010100100011000011001100000110011110111100001000
001101011001000011110000100101111001110101000011111001011100000001110011011111110001011011100000
011101110100110001000000111001111011010111000100111000111110011101101000101101000001011101011101
111001110101101111100110101000111110101001000111101100101010111010000011011001110100110111111011
111100101010100010000000110010101011100100000101100110011000111010010011000111011001011001110110
001110101010000000101000100011111110011010110001101111110101010000001101011110010001001101101010
001111100111101001111010011100110011100111110111100101100000101001101100101110110000010100001000
101110111110010010110100110001111000100110000011100010110000011110101111000111110100011001011110
000100110010110110000011100000111100111111100011001011110010000111011110111101101000110000110101
001110110001111001010011110100101011000001011010100000101110111011100110010100111101010111100011
111010100101101111110101101010000000110011001101010011110100011111011101101010101011100001010011
001100010001101100010010011110111111111111011011111100011010011101110011101000010110011010001111
000110100001010001000110010100110100111010011010101010111111001111010011010010011001101101111011
101111001110010011111000100010010011010011010110010010110101100110010111111000110101101001111010
111110110110101101010100010111001001111010010001011100100001110001101101010010010000011010001011
100101010001101101100110111001111000110000001110000101111111001111111011110000010001010101100110
001010000101111111111111100011110001100100111000010110011001100001011110110011110101010110110100
100111100011010111110010010011001001010100000101110000110010100111010111100000010000000100100000
010011001111111001010011000100010111010101000101110011000000110010101110001011110111110110111000
010010001001111101000100011111011101010011111011010110011100111111000000110100000111100111001101
101101001101110000111011011101010101111101101111000111110011010001110101101100010111011000011110
010111001110101110001011100110001100100010100101100011011101110010101110100100100100101111001001
110001011000101011000110011101001010001011101100111110111110110101001110000011011001001001101011
110101111111110011011111000111010000110010010100101100111000100110101010000011011110101011010111
110000110001101001010100111110010011111010001101100101001101001010110000100001000001101100101101
100101010100101100011000010000111110101101101101100011001010100101110001100001010000111101111011
010101110110000110000011110111001110001111010111110111101111101111111101111010001001111001110000
000001001011011111101011000011011110011001010000111011100100111101101011100000010111110100010101
111100010001010010101100100110111110011101011100110100100000111110111101000010010101011111011010
001110011011110011010011011101011011100100110011011011010111011100110110001110011001011111100100
010100111001001001011110000010100011101011011011011001001111101000111011010101010101010100010101
110101011011010011000001001110000101111111101101110100110111010001101100110100000110000111010111
000110001001011100000111011010111100101010100010100110100001010101100000100110000110101000011110
100110010000101011011101111000111011111000000110000010101001100011100100110101000111111011101000
101110110100110100011010011110000110111011001110111010000100111001001011000111000001001101111110
010011010000110000100110100001010101101110111110001010111110011110100111011010111100110011011001
001101110110100000001101110110100011001011100101100100001010000110010001010110011001001100101010
010100011000011000101110111010111010110101010011000110011010100110100110110011011011011101010110
111101111010111110010010001001000011100110001000111100110110110011011101110101001100010000001110
111010011001111101101111111011001101010100011111001100111101100001011000011101101000100110001110
110000001110100100110001010111000100111101100100110010010111111010010010100000010110100000101100
111010010100010011110111100100101000011101101111110001100110111011100000011101111010010101010010
110111011000111000010101111011100111110110011001100011101001010111000111100110001011010001111101
110100101010001011001000110000011011110010110001110001001001001010010111101010000011001010001000
101011110110011011101000000010000000101100000110110010011110111000001001010000111110111110111001
110000110011100001001100100000101101110100010110101101000100101110110010110110001010101100110110
111110010001111001001110100000111000110011100010000001000001000001100111010111100110111010001011
001111110011100000111111000101100100000010001111000110001010010110111011010011001010011011011000
100101000110100110111101101001010011101011001101100101100111001110110000110000110011101001110010
110111101101100110100011110000010001100011010110010000011111001000000111100010001111101110111001
111100001000000000001000001010101100010111111110000000101100000100110001001101011110010000111100
100010000101011000111001101100011100110110001110010111101011100011010011010111010010111101000000
011000011011101110111100011011011011011110100100011100011111000110000101101011111101011011110100
100001010101000000011101001010101010100010100000110100001101101011011101111100001111010011010100
100111001111011101001110011000111000110011011100011100100000111001010111110100100000011100101011
001011100010010101010101000111001001101101110111111011110011101111001011100010111100010001000001
110000111000011000010001000110010011100111010100110000001111010101100110100000100100001011011110
110011011101011101011010011001101001010011011101110011111100010110110010110000110111110111011101
111010101000100010111000110101100000001010011000000100011001000011110011011010101001011000111010
111110110101110100110010000011100010111011100101100000101000101111000010111111101000011110100000
010010001100100111000000101100001000000000101110010111101000111110101011000110100110011001111011
111111000111001010111000110110000011111101110000110010101110101100110010101011000000010100101111
001100100010010001010111000000000010101010100000101010000011101110001010011100110101100011000111
101110101111010011111000110110111000100100001010001000010110111000110101000000110100101000100001
101010111001110011111001011101110100100110100001110101110011101001011010011010101000110001100010
011101110100101100111110011011000100101100001000100000001001110010110000111000111101001000111011
100010110100011011011110111000010011011100110101110011111000001011110111001000100110101011000100
101110100101011000011101100000000100001110110000000100010100101011001110100110000011000001101101
100100110100010100001010011110001111111010100110111100011111010101000010110100000001000110101011
011000010011010111100011100010001000010111100110011111110111101000111101110100110001100110001110
001010110111001101110101010011100011111011001011101011100101100011000001010111110001100101101100
011101001111001011100111000010001101001111100110011010111001000111010101101001001001010101111101
010011110001010000110011100000111101001101011101111110110100001011010011011000010111000100100110
010010010001010100101001110101000001010010011001011110101100111100010001111111001011101111011101
110100111100000001111100111111101111101100000110010000011100101111010101101100110001010111000101
111100001010011101000001101010101100101100010000111101101010001101000010001001010000001110001010
010010101011101110001100101010010100111000011000011110000101010001101000100001000111000010000010
111000110010110011101000011011101111111010101011010000111101010000101100011000110000011001000111
001110001010011001000010001011110011000101111000101111011110110001101010000101111011110101011110
001110101100101110011010000011010100110011001111011001110001000100100011100000100101000011001011
111011111000011000111101001111100100011010000100000100111011111110011111100110001111011001110001
110110111100000110100000110001101001101111101110010010010001101111011111000101010100001010100001
000000000011000000010101100100111011011101001101100100101111001010101011111001110000110011011001
110001101010000100000101101010101100010110010100111011111110100011011011011011010101110000110111
101000010101111010101101010101101101111010110000110111110111011100010110011111111010100111000110
000011101001110001110001001011000001110010111010011101100111110101010111110010100000010010000111
001001110000001101100000000001001000101001000101000100010000101110011000000111000000010110011100
010111110100100000011110110001100101001011010000000010000101100100011101000110111100111000111010
011111110110111111111110011111010101100110001101110110101001011101011110011011001001000011001100
110110001110110011000010000001010101110110100100000100111011001000010000100100010000010101110111
001010101101010010110010000110101111001110001000100011111111100110001010110111011010101111000110
100100001100100110111100101011001000000011101011010001101001001000000010000001010100001100000010
011111000110010100111010010010100111100110101001101111110010011001110110110111111101001111000010
111100001101101101001100110001101101111000101100111010001100010000110000000001100010100100000100
010101010010100100110001100100001000011000111000001111110000001101011100100110101000001111000101
000011010001010100111011011011100100001101100110100011010101101101011010010000010000001011100001
110111010110001011000111010101100010001011110000100011001000110000111110110100010111000111011101
111101100000010101111111011110111000111101111100111101100111110010010101100110101111011001011001
010110100111100011111111010111111011010111011111111111011110111100111000110100010110110111010111
000001101110110100000101001100000011010000100000000101011100110110110001110110000001011110111101
000111001111100010111000110000110010101101010101011101101100101110100000101011100010000110100011
001100001011101101111011011100010000010100101101101011110000111100101111011111111010111001101000
000001101011111000000111110111001100000001100111010010111100001100101001001000011100111011101011
001101101111000100100110110001001110100010010101100011000011011110111101100011000001100010100100
011010001000101001010000011001011100101110011011100000010101010111101110010110100101001111100010
101100010000010001110101101100110001110110000101110100000000100100011010011000100010101010111110
001001110100010011110011001011011000010011110000001010111011010011101100001101011110110000011111
100001001101111111111010000001010110111011000010000101001001110111101010111100010100110011000111
010010010111000110110100111100001010110011100010111001000011011001000001110110101001010100011000
010010100111100000010111111111110111001101011111001011100000111100011100111001100101101000111101
011111110111110111110010010110010111111001110011111111000011111101101010001011011101101101001110
010101111101000111100110001010111011110100100100101000011111000010000101101101101101110101001101
010111111011010111011001000101000011111110010110001110110010010101000010011110110110100010110001
010111011011010100010100010100010011010011100001000010010110100010111110010000100100100100111100
010011000000010111000001010010101101110101110110110000000101110111011000101011011111100011011101
001001101010100000000000001101000110010011111011110011100000001010011011111110011010111111101111
110000110100000010101011000010000011000010101000101111110001001100000110001010001110111111000001
001011001010100010011010001100011100001001100101010001101111100011100011111011101010011110010111
011010111101011110110110100100001100111010011100100010101101010010001111111011001110011101100111
010010001011101000010100110011001101011010011010000101111111110111111110110000100010001100111101
001100110101001110010110010110101011111100111011000110111011010001001011011011010010100100110000
100001001010010001111101111010110101111110011110011100001010000111111100001101000000111101100110
101101101010110110000001111100100111100111011001000100100101111010101110000011110101110111000111
100101001101010110100011110011011000010010000110101001010011000101010001111010111110111001001010
100110000110001001110100000010000001100010100111100001010011111001101100000101010100010111001101
000000001101010001001011000100101110111101010111100101010011100010011000010110101111100001000001
011011100110001001011001011110010111010110111001000001101011110100000000100110010111100001010110
010000110011000100101111101011010001011000111000011000010111010111010100000101110010101000001001
010100100111000111010000110000010110110000001101011110011000001011001001101001010110000001110100
001111111101101100000101011101111111010001100001010001000011111011011110001111010011101111110000
010000010001100011000111000100010110010001010010000111011000000101110101001001011110101111101110
110111101001111111110100100010111101010000110011011110010011110010000001101010100110001111101011
011011111010110000010101101111110111110000011000100110101011100010100100111100101111110001011001
101000100010000100101010100011010000000101110111011111101001010111100110101001101101010001111110
101111110010100111011000010100010001111101010111000011101111110100110110111110110010001110011010
100101110111110000100001100000001001101111111110110011110101110110000101111101101011110000001101
111000011101001111001001101101000100010100001101110010010000010110110001101001110100110010011010
000000100001010010010011110101100100000111010001101010101101010000000010010111001111010010001111
000101011110001001001011101111011100001001001001010000111100111011110100000101111111001101011111
100000011111100000101101111011001100011001111010101010101100100011001111011011100101001010100110
110001101011000110001001111101100010101011010111111100000000011011000100001010110010100000000110
000111001111110011011000100100101110100111100110110001101011000010010001011100100100011010111010
111000111001010010110010101000110111110000110010100100110000001100100001011011000111111100110110
011001100101000101100000000000000100001010011001111011001000111100110000001011011100011100110110
000010000110110000001110101011111110100011000001111001110001010110110110100101000111111010101000
110111011000011000100000011100111110011010110000100101000011101101100100110000000100100010100000
001101011011110110111110011011001111101111100110100100101001010001101100010000001001100100111111
110011100101110001101001111100111011100000100001110100111000101111010101001011111111010010100011
011100011011011010010101000011100001001110010100111010101110110010001101101111001001001101011000
100000010100011001000001101111101110100110011110101101101000010001000101010100001100101011111001
110110100011000000110101000001011010110100111100011101100111100010100100111110101110010111010110
000110011111101011111011001000111000010101011001011001100100010011111100001110001111110001001111
011110111101101000110101010001111100100111110111110000000111110010111000000010011011110100011010
111100100000111110100101101100100110011101000001011100111101011000110101010010100011001000011100
011011000100101001011000010110101111011001111100110111100110000001110100101101100011010110110000
111101110111011101000001110100110111101101101001101011010010010000110101011110101110010011011110
010011111100010010011101111110101100010101111010011101110111110100010011000010001000110110000100
101101011100010010001110101101000100010010000011010001010001011101111111111101100110010010100000
011111000101011101110000000101001010001001011001001011000111100010000111100111100101001001110001
110111111010011001101001101010001010111000100001001011101111101101100011000011110000101110001110
100100101001000101000011001110111011100110111011001101111110010110101010110000000011100110011011
110100011101100000011001000101011100101011010111111100001011101010101010000000010110101111111001
100111001010011110001001100011001100100000100101111001011100110001010011111111001100001100100101
010110100111100101011000111000011101001010010110000010100111110001101111110111011011100111011011
011010011111010001000101100100000000001000000001100000000111101010011010001001111101111101011110
000101101011101100010101001101110100100001001011000111101100001111101100111010110011000111010001
110000110011100101000111010010010100100110010000111111011001001001010100111100000111100001011100
110000011110110010011110001010101100110111111001001000011010110101101111100101100000111110001010
110011010110011110110000100110101011100110101101001010101010001111100000011100111111001100111101
011100111001111110111101101011010110101111100010000010110010001001011110010011111000100011101101
111011001010101001101101001110001110000111010011011011110100001001111111100111000100001001101100
011100110000001011000001000011101011001001100001101000101000000100111110111001110101011011100100
100011101000001001110000011011110100000111111101010000100101110110011111001100111011010000001001
011110100001000001010111010000100001000001001100011001110111000110100001110000010100001000000110
000100010001011001000101001011010101100001111100101000000111110100011110010011111100110111111100
010000000001101001111000111111111110111000011011100011010001100110011010101111111110011010001010
000100110000100110001011011011101100111111000100001010001110011101010010011110010011111010101011
010010001001010001100000001100100110011010010110111010111010011010011111110101100000011010011110
101110110011010100101110101000001000000111011100011011100110101000100100011010001011100101010101
110011010000100001101100000010110110111011110000110000101111010000111010101011000001000000000001
100110000101101110111001101011011111001010011110111111110011110010001110011001110100110011100101
111001101011111010000110111110101001000011001100001101001100000001100010011101000111000001001110
101111011110011010010001001001101001001100001010011101111100100001101110110101000111101001011010
000111010110110010010001111010001000011011101001010010100111101001000001101100010011111011111111
000110100111001010101100100111000011111000011000110101101000000100100000011000010011000101111110
001110111000011000000110100011000110111011101000110101100010001000110111111100001001010111010101
001001100111000111111010110110101010100111001001101101010001110111110001000100011011101111101001
101110000110011010011101110110010111111011101101011000110101100100101100110011000001001110100110
110010100110111100000010111010010010010001000110001101111100101011001110101101100101110101010100
001100001011000101010101100000110100100011001111101110100001100100110100000101110111110001100010
101111000011000101001110000000101110100100100100001010001111111110100010100001101010010010111011
110010001011110110010110011100000011110110001011001101110011001010100110101001110011001000100010
000101011111101011111011111001101111110111100010100001111001111010110011000000010000111010111000
011010110110110110001000001011100110111000001011011101001010100111000101000110000010111101101011
100000101101101000111100101000101100111111000111001100111001001101110010100001111000111100010110
100100110000001111101000101011110000111111010111001100000010011010111000111111111100101101000001
011111111011000001100100010000110110100110011000000001101100111001100111111010001110011110010000
101101100110111011111100001010010010100110010100101000001111011100001111111101000111011101110111
111011110111101101110000000001101111111110111100110011110100111101110010110010011000000101011001
101001111101111000011001101100011101000011110101000111011100000010101011111001101000110010010101
010000000111000110101011100010011011001100000101000110000010010010100100010110011001110100011101
001011010110100011010010100001100000110011110000000110111100010000110111011101001100010111011001
111000110111110110000001011010111110010001001001010100100110101011110101010001011101010110111010
010010101111110111001001110001100011111100111010010011110000010001101011101000101000111011110010
110100011011100100011010010000111111110000011010000101111010100010110100011011001110100011101011
001000001000010000000000101010001000010011000001001000001100111001010000100000010100011010111110
101101000110000010110101011001011000001111101110011000000011111010100101100001011110100001001010
011000111100010001100000110100110011011011111111100010000111011011111010011011001001001111101011
000000111010100111010001010110000010111110000101101100100100000110110010000001111011000011001010
111100001001010010101110100101011100001101101000110010010010110001100101110000110001011010010010
101111011110000001010110110000100000001100101100101101100000101110010011010110110001111000000101
010101111010111111001001000001010110001100101110111110010000001010110000000111011011101101010010
101011011110101100010001010111111111001011010101110011100111001010001011110110001100110111101001
101011110000000101010000010010101011001001110100001011001101001110110100111101100011111000010110
111010100111101010010010010110100000001010010111101101101100100101010011101100110111010101110001
101101000100001010000001111001101000001110000010011111110011000001011101100000011101111001100100
111011111101011010011110010110101101011110000101100011110010000101101011110011001101010110000011
010100100001010100000000001011111100101000001100001101010101100000011000110000100100101001011100
100000000111111001000100111001001101010111001011111100010011111011101011110001000011011001000001
000011011001011001111011000111000001110100011010000001011101110000000011111001000110100100111000
001010010111010010100011101001010101111100100111010101001001101010010101001001001100110000010100
010110011100111111110101101100000111110100010100011000011011110000000101010001000111011010010110
001001110000101011111000101011011011101110011010100000111010001110111110001001101101111101000100
010000111101101110011001101010011001101100101010110101111010111110000111111010001101011011100010
001100111100111011001101101100111110011111101110000111100110001111101110111101100010001000000010
011001001010100000001100101010011100100110010011011001111111110011111011000000110010101011011010
000011101011101001110111000010100001111011101000011110011011010000010000000111110011000010001000
100010110000000011111000100100110011110101010001001110111010101011001011111101110011100100100111
000000111000101011101100011001111111001001111111110000001100010000001010001000010111011000111100
011011010100101001011000011111111000101110111001011001111011111010100010010101010010101000011111
001011101000100000010011001001011001100010100011101001001100000101100001010111111001111111000000
011001111010100111011101110100101100111110101000100100110000111101101111101011010011010111110000
110111111010110100101010111101110111110101011011100000100100100010010110000011010000111101111010
010011000001000010111010101010000110010010001101000011101101101000010100011101010000111000010110
100100000011110110101111010100110011111101100100000100010011100000111001001101011110100010101111
001011010011110110001001101001000111110000100101111011111001100010110101110101011110011100011010
110000010110101011011011010101001111011001110110000101010010001100111110101111100010000101110000
110111011110001100001011001111001000001001010111001101100110010011000111010100100010010100010000
100100001111111010011101001111110110100000010000100101110010000110011111000001010000010111100101
110011111001111001110101111100101111111001101101001010000010110011101001100011111100100010111110
001010110000001110000001001110000111110100111110100101100100001000101111101111110110001011000110
001010101001111001001010000011000111011110100111001000001100100000111001111111010110110100101001
010110000000110011110101111100000110101110101100000101001011010010001011100110100010100000101100
100000000100000001011101000011001111000011001101101110100011000011111110001111111011001110101011
001001001001010010111000110000011001110000001001001100111100101110000111101110100010110100000110
110101011111010001000110001011111110101010001001100010101100011000101011010110110001000100001011
001011001111000100010100101100111110100000011010100000100111010000101010100000000101010001110100
011100111000011001000000011001001100100011000110100011100010001100011110011000010110001100110110
100101111100000001111010110010101110000000010101010100001111000010010000011101001110101000001010
010110100001100000101110010100110100011011100001111011010010111101011011000101111010100101101110
110010011001000000001010010111111011101111001010000000011111110111010011111111110110011011010111
000100001100111110111010010100110010001010010010011100001100011111100100110100000100110110010010
000001100110100001110011000000111001111000010111010100000111010100110001101011001111100010100011
000000101111010001110010001010111001000110110001000100110001011001111111111000000001001111010111
001001001000001010100001010110111100100001010100011100110111101100001011001011010001010100010111
011101010000111001111100010111111100101001011101011000000100110101100101101010011101100010111000
100100010110100110011010111000011011111100111110010101100111011100111011100101010011010101011111
100010110001001111010000011000011011010001100101011100111101011101000001100111001100100010011100
101001001010101111100111111101100010100001000010110100100111100111101000011110101101101000111011
110010001101111111010010001011011000000101100110101010000010111100100100100110101011001111011001
111010001110111111101001100001111110010111001111010000001100011000101011101001010100000011101110
101100001110100000001001010010110001100001110010011101100010011100110100110011100000001101111011
010111000000111001100000111111010100101010100010100001111001010100011111101000000010110010011001
001000100011001011110000000001010010010010010001000111110011111100010110011110101110100010100100
100010010110110001111001011101100101101101000001011011111011100111011110100010111000100111011011
010001011101101110010100001000101001010010101011101111000101011010001001110000100110110011000111
001101110001110010001011000100110111111110101000101010011111111110011110010100011100001011010111
100110110111011111110001011010101010011001010010000001000110110000111100100100001100001110100101
001111110011110010011001001011010111101111001101011100111011010011111111011111101001011111001011
000110100011011101001101101000110100011001111111110100010010100101101000010010111000010000001100
011100111101111101111110100000110010011111110010100001110010010101111110011010110101111111000001
011110000001010101011111010111010110100011010000101011001001100110011000001010010010110010000100
011101010100001101100000101001010000100011100001101010011101010000011010001111010101100000010110
000101011011000101101111001100110000010011010101100000100101001111100100100010100000011110010111
001001011101001111100011111001000101110001001010100011101101011011010100111101100001110001110111
101100101001111011000010100101011001111000111011101101111110101001010010010000001110100100001010
110110100110001101111101010000011011001001010110001100100011101111001000000011111011011010000011
000000100010111111001111000110000110110101110111111101101101001011110110110101111010011110001101
011010101100010011000010000001100101000010010000010110110010000101111110100110010110010111110010
011101101001101100010000010100111111110111000100010000100110100000111001000000010100011010101101
110011100100001010101110111111111100001110101010100111010100111110100101000111010100111000011000
011110100000111011010100100011100000011100001111101010011111010011001100000111001011100010011110
100010010010011001101101110110111001011101001110111000101001001111001010000011100011001000110101
000110000011011001000111101110110111010110101000101001110100010101000010000010001111101010000000
110001110000101101111101101110100100111011001110011101111111111111010101111001101000101110000000
001111011100011101001100011010100101111101000110111010010010000101001110101111111000101010000100
001001010100110001111111011001011010110111011001010000101101101111000000101101101010100010101001
110000110100111000101010100110001110101110101100011101000101010100110001001000010100000010111101
000010100001110010111101100011010101011100001011011001101101100010001001111101101011000011010110
000111011111001000110011101001000011100001000011011111111110110010010000011000110110110101001000
111101011110101100101110101111110101011110100110011111011100011101010111110110010010111100101000
000001010000011100101110101111111100101110001100000111110001011110101101111100010100011000000001
011101010001110100001111010100011111111000100101101100101000001110100011110100110000101000100101
110110011101110001011111110101111010110110010011110101001100000011111010101010000101110110111101
011001100001000111011111011111101101110111110110101100001110011101101101011111100000010010000001
011100000000000010000111010110001111010110011100010011111001111001100001010111000100111111010010
100111011101000000000000001101010000100110011110001111000100100101010001001010110101001111000001
111111111100011000100001110100100101011101000011110101000001100110110100110110011001110101100011
101010100111000010000110101110000011000001100000101111111111101000101111101111111101100001101011
000110010000101011111000011000001000110011111110001100011000001001001000110100101110101010111101
110011110011111000100111000010010000100111111010001001111100111001110001110000110100101011111010
111000001011111101001001001000100110110011100010000000111110010100111000000101100110000000010110
100111011111111010001100001011001110000000110101100110001000110001011001011010000101110010000011
100100010111111000111101010011101000111011010010011101010011011001000110111110001110001111100110
011001110000001011111000010010110011000100111101011011001110000111100111000000010101101011100011
001110001100101110110100001101101110010110110101101100011010010100100111001100111100110100001001
001011100001111111000011000011000000101111100101000101111011000001010011110111100101110011101001
111111001100110010001101100010110110100001011011010010011011010110100101100100010101110101011001
100111010110010101101101100001000101010001100110000101010100000111010000011000001100111011001111
100011110011101100001101101010111110010000111111101100110110110000111101001000101011001011011100
101111011000101111101011010010100000110100010011000101001111101111100110000000011011111110101100
101011011000000111000100101101111001111010000000110111011101101011101111011010000110001110100001
001001100100001100101101000010000110011100000001101110001101110010101010010111111010000100111100
000100110100111011001101111101100010101111011111100110111110000010100111011110110010100100100001
011001100110101001011000001010111110110000010100110111110100111111110001111010001111111000011011
110000110010010010010100111110110010100111001111110011101110100110110110110000110100011101101100
001011000001000110000111000000110010110110111011000000100011111100101000010011010000100111000001
100100011101110111000100111010001000110101110001110100000111111000101000010010100001100111101010
000100001110010100110100101010101110010111010000111100101001101001000101010010010110100100101000
100110110001010001000011100111111100001110101011110101011111111110001101100100101011010000001100
011110010110101000001001000101110010100100001001111000001001100110011100000010010001000111011011
000010110110100101010101000000101100110010101111110100101100010110010011111101111111001110011110
110010111111100000110011000101011110011001111101001000011110010101110110000001100000011011001010
111100000100001000000101110110101101000100111101111010010010001111000011010101111010101111100100
101001011111000110011011000011011111000001101011111110000111000000000011010110000101101100000100
000000000010001001100000110010110010001001001110011001011111011001011111011101000100110011000101
010001100010000010011101010101111000011111010001000101100001110110111101001010110000011111101011
110111011100011111010111010011111111110110111001000100100010111001001111111000011110011100000101
000010001010111010100001000111000101110001000011101100101000110010111010101000010001111110101001
001111111011101100011000010111100110101010101110110000011110101101010001000011001000101010110001
111011000010111001100000101011010111101110101001001111011000101001101110110110001101110101000110
110001100100001100100111001010001011010110001011000001011000100000101001110110101011100100101111
101010110010100001100010111001000000100010111110010011110110001000111100100101100100010100010001
010010101000000111010011100111001111100010110010111101001000101101000011111110000011100111000100
101111011011000111000111001000110111110110111010100000100111101101110100101100101101101001001111
011011110010111001110100100011011001011010100101111001100001110000101100000011010001100000001010
010111000000000010011111100001000100010101001011101110101110000111011010001110001010001100000110
111111011001000111111010001110001100101011101110001111000110011101101101110111101101011011110100
010001000010011110110010010100000000000100001101111011101011101101100110111000100001000010110100
101001101001000010100011000101110101001000001110111000000100011000010100010000110010110101001010
000010110110101111110110010100111110000000000011010100100101101000010100110000101100111001011001
001011011001001000010011111101010010001010011010110000001100010101100011110101101011011111010000
000110100100000110011011111100111010011011000110001101110000110111011111110100010000010011111000
100011110101101010010101100000110110111111000011100111101100011100001001010001100101101101010100
101011000000011010101111111100010100011011010100010101011110100110011110011110100111111101011101
111011001000010100000000010001001110100111110100010111001011110100010001011101010100111010000010
010111010110100100111110000100010110000011010111100011010010010111110111111010011000000100001111
001100101111000100111100000101010101000000010100100111000001100101100101001010010101101110111100
100011111111000110111101101010001101110100000111111010000111110100010001010000010110010111010101
011001001001001010001010011101011100111010100111100110101110001111001011110000100000110110101000
111111000011101011110010010000110000001110100000000100110011011010101111001011110100101100110010
001110101111011011011010111101100010000100001101101001111010110010101111010000110101011110101000
101100111100000000111010110100011000110011101000011110111110110101011101101011101001101001011010
101100111111011100010000111010101010001010110110101110110101000101000010110110110111001011001110
010010001101000110101110101101001011000010001101101100100110100011011100010011110000001001101011
101001111111110000001000001111010101101110101011110101110010000001100111101010011001000001011110
101101101010111011010101000011001011001100111000110110101001000001010100101010000111100100010110
101010001001001110110100011000100101000100010110110011100100100001010100111011011010001111100110
010011011000110111100010001100100010111101001011011011011100111111100000011000001010110100010100
101010110101101111110111010001101011111110011010010110011111110000000100011010111001100111100001
001111110001101100100011111101011011011011100100001111001000011101101001110011100100111011000000
010101100111001111000010011100101000000100010111101100000101011010010011111010101110000111100110
010101010001110100111000101100010101111111011111110010100010101110000001000000010100101010101011
011100001101001111110101001010100011001011101110001100010010001001000010000001010001000110010101
000100110110000101100101111101100010011101011111101011001001011111111000000101100101101010000010
000111111111011111000101100100000011110100011000111000101001010000011001001011000110110011010010
010111010011110001101010001100010011111011110000110100100111100001100000110111010011100101011111
010111100101011111000000010011100110011011000111101010010110011100010111011100010011101100100001
110101100100001100010101010110010010110101100101000001001000101011110011111110000101011101010001
001001011010000010111010101001001111100011011011110111001111111010001101011001011101101011101111
000001110110111110101000001000110111111010010010011000101010001001010001011101000110111110001111
111000111101000010110000011001011010111111101000000000000011101001111000011000101110010111011111
011011011100011101001001110011001000111111101010011101101011111001100110000111001110101001110110
000000111101101011000001110010100110000111111110000110110010000101110110111010101001110100011100
011100011101100011101110101101010010001101000111011001011100011000001010000010110010110001111100
101111101011101101100100010111000010011101000000010011110011000111110001111100001110100011011111
111110111101001111011111110111100011000010100000110110110101001001000000101101000000011110010110
110110101000100110111010011000000101000100011100011000110011101001010110010011000111100111110101
100001111101101111111001101111011101110001100011011110010001111101100100110011000110010110001111
000101110001000001100011101101101101011101000101000010010100010111011001001111111100011001100011
000010000010000011000010100000101010110001110000010111111010101010110001101110000111011010001000
101000100100101100100000101011011100001101111010011000111000100000001001100001101101111110100011
010001011001101010011111101001111000111000101110111011001001001011100000011011100000111111111011
001011100011001000111101100110011010010011100111111010100010011010111101011011000000100100111001
010010101010101111001111000000111110111101001001100011100111010000100000010000001110001100000100
100001000111110010010010101011011001001100111110000100111000010111101010101110001011001001010001
011000000110011011111000101110111110001010010010101101000010110111101001011001111001010011000001
011111001011011111110000010010001011000110010111100000000000100011110011100110000000100110011000
011011011111001110111000000101010111000000101011001111101010000100011001111011010111111100101010
011000010010101001110001000010011000001111011111101110001100101001011011001010011111110110010101
111100110001001001011010111101010101011010010011010111101010011111101011100111100110000110101101
011010011010100001010100111100110000010011100100110001001011101001011111111110000001101100011111
011001000000100001011010110001110111100010010011111010011001101010010100001101110001110001101100
001000100001101110011100010100001101011010110110101110111101111100010001011010000011110001111100
011101111011110001001000100010000000010101111001101001011000000000110001000011000001101110100101
001110011001111001110010111110101101001100010101110100000001111000101000000100101111000111000001
000111011001100011011011100001001100000001101011011011011001000011000010010001010011110010111101
001111101001001000011110100000000111010001110000011011110000011001000001100001110100111011001101
110011100101011010010011011100010000100011101110010111100101010111001100101110010011011000000011
110001100101001100010101000010001101001101111111100010011111000100111101100110000011110010010010
010101110001001111110010011111100101010111101111110101001000010010011101001001111011010010101000
010001010110000000110011001011111100011100101101011000010001001100001101111001101111110111101101
101010000000110001001100011100111001101010001000000101101100010011111010000000001000111000101110
111000010000101000000011111110101001001010100000101001011001001011101001010111100011010000111010
000100111010100100011010101011101000001010111010011100001111100111011110000111111101100111011111
001011111100110100011111110101010010010011101110111111001110111010111011110010001010100011000100
100000100101101000101110101000101011011111010101111101011001011010110010010110011010001111010010
111100100110101111100111001000000001001101000111101110110111110000100001100100000110000100100010
010110100010101101100010111100001010110000011110011010110110110101110001011000111100110111111100
000101000101011010101010000111101101101100111011001010110011110001101011000100101101111000110101
001101101101111000000100010010110001010111100001101000100010101101000010110100100111001011101101
110000010111011001100111001000101110000000011000010100100001011111100100100110101111110000001001
000001000011101100000000000010101001011010010011000111101101010110000100100001100101001111000000
011111101011011011010101101110011100111000111100110011100110011001100110110001010100001111101101
110101100001101011101011000111111101111100010001010110000101000111011101001110111011100010111100
110100110000010111101111010101101110110000110101001101000100011011110000101011001011011001100110
101010010010100110101100010000011111100100010111100000010001001001000001110000001100100101010100
110000111110100110010101111011110010110101010111100101100010000011010010010000101100011101111101
011000111111010111001101100011110011110011010110000001111010110001100111110110000000010001001100
110001101110011111011101011010010000011000001100011110111000011100000011001101011111000001010111
100101101100010100010100011011010111010010110010111001011111110001011001110010010011110001011010
000110110100010101001001010101011000000101010110110100100111110111101011001100100100101001010011
011010101110110001000010001000111000111101001001000011010100101010001011110010101011101010100001
111000111000001101011011001111110010111100100011001100111001001001101001011011101011111000011110
101100101010011010010011010000110011110110001011101100110111001000110000000111001001111011101110
000010000011100101000001111010100000111110010111101101111000001011010001101011110010100011100001
000000100111010011111000100000000110111101001111011010000000111100101110100011000111001010010000
100000001100010010110100101110010000101100101110110000110100001000000011010101001010111111010010
101001000111000010111110101010001101010111100000110001001101111011110111001000110000100001111111
000010100010000101101101111100000110001010010000010110100000011110000010011100001111101100100101
100100110100001111001011100000001100000111101111101100110010001001111010110001110001100111110100
101001100110001110110111010111011100011100010010100110001110001100001001100100100100110010110000
000001111110101101010100011100111010010010000100011011110111101001000010100011011011100100000000
000001010000101101001001010010100011111011100010011000111101010101010110100000101100001010110100
100101011010001000000001011000110110111011111111010010001001001100101001010101010011101101111011
110001010110010110000000011111000010101100000111010011000111100000001010011101010101101010100010
111101001011010011100000010001011011000101100110111001101101011100111000010100010010101111000111
011100100100101101000000110101011101011101100010011011110111100101110011001011000010001101101101
011110011011001110000100110011010111110101011100011110010001101100111001011101001000111011010100
111110000111011011011001010100010101001101011101000001011010000101001011001001110011001000010011
011110111001010010101010101000100110110111101010100001100101001011000101000110011010111000111111
010111010101110111001101111111001011101110100010101111100000110111101000101011101000111111011001
100100011110101000001110110100001111011011011110111011100110000010100001011011110111001100000011
000000010001100111101100101001110001101111010011010110111100111100100001110111101011100010100111
000111111110100110110001111000110010100101100000100101001111111110000010110011110000111011010101
100111000101101111111010111010011000011010100100111111011100100100001100001111110001000100101101
001101001001000111011100100100001110010101001000001100001010100111111111011101111011111011001010
001100011111101111100110001110011010001011110111111111010111101110110101100100010100110100001010
010001000010110010110110101010000001010000000010010011101100100111101100000100000101000001100110
010011011110100101101101101011001011110111001110110100010001011110100001101111001010000100111100
010100100111010110101011111101011110100010100111000010011111000001000001111000101011001110010101
010011111010111100000001111001100101010101011100110001110010100110001100001110110000111010011011
000100001010000000011111001111010101010011110000001000100000001001110011010100000010110011100111
001001101001110100110100100101010011110110111001110111100011110010011011110011111111110100011110
111101111000110100110101110101000011010111001011100110001101101011111100010101110001111010111001
111010101001000001001101000000110111011101110010000001011010011100011100010111011111011101001001
010001101101111011111111010100101100100000000101011111111000011110010101110100000111110001000011
000011101011010001011111110010110001011001111000111101000111000101110011011111010100110110010110
000011010000010000000001110010010011001111010101110111010001011111100110001101110010010010111101
100000101000010110101010011000001110100010001100110010001111000111000101011000111100001011100000
001011100001111010000011100010100111101101101010100001011011100100111010000110011000011001000100
101110011010011111101001101110100011101100011010110011011000011011010011011100110110010110001010
111101101101011010100101100000110110111010000000101110001011000101110010100110100000100101100011
110011001000011111000011010010001011010010011010100011011011010011101010011001001111010111101110
111011011100111101100100001010111100010011110001001101001000001111110000000110101000111110111100
100110011000111101111110111110011001001000101100001001111110100101100111000001001011001111010111
010001100010000001101110111100111110110011110010011111000001001100110100001101111101000011111010
101000100100011100010111100111110101100010100001000001000000111010111110000010011100000011001101
010110001000001100110101100111000110001000111001011111001110110000100010110000010011111100110111
111100100111111111011101000001000000100011000010111101101000000100100100110011111110000001111111
011101111110110100101000111001111110111010100001010001000111000011010000000011100101100010011001
100110111010111000111101110110100110010000011000010101011011000100100001010001010110010110101000
101111110011110101010010110111111000000100000000100100101101011101000110110101110101001001111010
000101111101000010110001111100101111000111011111011011100111101101000101000100101000011011011111
101100111110001011000100011000010010001001101010000110001001101100010111011000110111000110111100
000101001010101000010011000001001010100011010011101100101101011110100110111010011001000111111101
110000001001111011000000110110100101011011100100100010100000000001111000100011001001000000011100
010101010110000000001101001100101001101110110011101110101011101110010011011000001000100101011101
111100011001001010110100000011100010100001100001110100001011110110010111111101001001000010001110
101111010011111101101111010011000101000110010110111010000010111101001010101100111011010001110010
101101110110110100111011011100101111011010110001101101101000010011011111011011010110001110100001
100100111110111001100101011011101101101010110000100101011111000000001000000000111101110100100101
100011110001001100000011111101110111000111011010110001010010011011111111001110001101111000001110
010011110111011011011111110110010011111000000010001100100110110111100100010110000111101011000010
101001001100001001100110011111110001010111110101110000011001111010011011110000010011101011110011
011010110110011101100101011011010101111000111011011100000100100100010011111010100111111101110000
000100010101001110101111000110101100001110011001010111010111100100010111111010101111110110110101
001000001101000001111100000101111110011101010000110111011011111001111110100100100010010100000100
011001101011001111110100010110011000010100011111110100011001011110100111001001010101111100100010
000100110011010011111101010001100001010101011001110011010000011111010010100010100010111101001100
100001001000101110011010101011010101011101000011010100111101110111110011010100011100010001000001
001101111110010110111001101010110100110100011110100010111110001010000111011010011011001110111110
000011110010111100011011101001100011010111100001101011100000000100111111101010011001101110001111
110010000100111101001010101011010001101011000100111111011000100110011000000010100010111011010101
101001101011111000011111001110010101010011001100011101111010001010011001101111011000100011110000
101011101011010110010011100000101101101100001000001000000011000000010101011010010011100100000101
110110011000001011010100110110011100011001010010101010001111001010110010011110110001010111111001
001011001100111000001010100010100001010001011101110110011101001101101001011100110010110001101001
011001111011100110011011001000110000100000011010010100101101100101011000011110100101100000011101
001111111010111110110100000111001101100111001100000101010000011101101001000001100010010011101010
011011001100100000010011011000101100110010000001110001001011001110010000011101010000110000000111
010100101100011111110101000111001101100111000111001010111111001001010011011010010011100011000110
111111010001000101011000010011011000000110101101001001101101011001011111100110111000000000000001
110101000100100111110011101111100000011111010010011100111110100001011100011101110000010001011010
011011110101100101111000010110101100010110011110010011001101010000010101100111101100100101001100
110101010000101011100110000010111000100001001101111100001000111000000111100000011010100011111011
110111111100101110110010101101001011100111100100001111111100111110111110110100001001001000100101
000110001011010000111001001011011100111110101011101000111111011001111100000010000100010010101101
100001101010001010110111011001111010001100100111111101101010100101010010000100110000000101011000
100000110110001001010001111100001011011111111001111101111001101000101001001001100011110011100011
011100100001110011100011110011111011001011011101100001100110110010111101111111100111101001110011
110101010010011010111101110110101000111100110000000110100111110110000000101100000000010110111010
100101111100011000101001101110000001110110111101100000101000010110001100111001010011010111001011
110101100010110011010100011010001000100001110101110111001001011101001001111111001110111011101000
100101010011101111000100110101000100111010001010100110001001111111010011110000100000110001001111
010101011001000111011100000101001010101010010000000000010110101010010100101001101011001000010101
001100001111001001011100010111100000111001010010011011000010110001110110011010011100000111000100
010010010111010100101001001011100101111101000110011000010011111010001100100110100001011111011101
100100010110101101111111000001010101010011001010101100111110011100000110011101000111111110000100
011000111000001000011010101110110000111100010110111000100001101100100011001011100011000110100100
011011011110111111010000111011100110010001000010000111001100110000000000011100010000101010100010
110010000101101101111001011110011111001110101110101010110110110100001100100101111010010001011100
000011101001001101110011001011000111101101000001000110111010101100101101101100010110001011010001
000101011110001000010110010010110100011110001100111000000110011011000100100010000011101101101011
110101111001100000101010101111001100100100010100000001100101001011100100101111010011000011101100
101001111111111100100000010010000111100110110111110000010000100101110000111000001010011001001101
100011001010110100110001000110000110010011111000010110100111100101011001101101000001100011000010
001111010101001100111100001110001101000100111111000010001000000001111010101111000000101111011101
001111011111101100101111101111000001001101001111110111001110011100000110110001110000100000001111
110000100011000000110101110111011000010101010000001111100110111110110010010100010010110011101010
101111000101011001101100111010111111011110100100111101000110010111111101101101100011011011110100
001001010010111010011101010100110010010000100000000010011111110001111111011011110111010011100001
110111110111010100010101111100001100100100010111111110101100101001010000110000010001101010001000
011111100101100000100100110110001111110100111111001101010000110101010011100100101011010000001100
100101001100110001110101011011110100011111011001100010001101011110111010011111100011011101010001
101010110001000010011010101011111100110010011011100111001001101111010010011001100000000011001111
011001000110101110011110110111111100011111110001000010001101101010101001001011110000011110101111
000000001100011111000111111111001110111101010001111011111100100011110010101010111001110010111011
001000111111101010011111110000010001000000111110110110001001010101101111110010111111001011101000
111001101111010101100101111011100010101101011110101000111000000011110100101110010101001100100001
110110010010101000001110110001101101110111101011000111110111000101011001101101111011001000000110
010010000010011011000100111111100010010101011001000011000110101111001001111000101111001101100111
111011011010100011110101110111111001100111101110001100100100000101100000000001000111101000110001
011000000100010110110011010001100111000000100111101010010111010100111101001010101111001000111001
010111001111001110011111001101100001100111100001000011000010101000000010111111010110000101100100
010100010100011110011010110001011011000010001110010011011110111101100101001010110010010001011100
000110110111111001010000110100010010110010110000001101011111100101110000110001001000010110110011
001010111011101000001100011001011111000101100110110011100111000100001111101010110110110011001011
110000010111011001110010011101101010000110111111100110010001110000100010001000101110100100111010
011111101111000000001000001011111001000100111000001100011101001110111000010110100011100000111110
010110001011010111010011001011101111111111000110001111000101101001001100100011101000101110100000
111001001001111001110110011100000100110011000100101010000110110110001000000001000000101011001001
010001111001011100001101100000101000110011110111110111101000101000100000010011000110111110000110
000100000010010101101100000000100001011111000100001000011010010000111010010100000110001000111001
100101011110011001001011011000011110000001010110010110010111101010010101001000011110100000001001
011111110110101101010000010001011110001001011100011000000100101010100010111000000100010111010000
010100011001000100111101000001110110011110010000100101000101111111011001011110011100111111101000
111010011000000011111101001011100101100010101110111010110111101111000010101010010111000000110111
011000101111101100000011100101111001100100011011100010100011101111110100010110101111111101001000
100110111000000101110011111101101001100111110110010110101111100100101110111011101101000001101111
001100111001101100111010110011110010001111010100101000100000000100000011011101000001101011000000
111001100010011010010110110110010011011011011001100100100110000001010000101100101010000011010000
101010101100101001011111101011111111110100001001110110001001100011001011011110010001010001110100
000101101111111100000011001010110110001000011100011110101100001010001100010000000100010100000010
100101000010101101100000001010000011000000110110011111010001001010011111100111011100000010010100
110001001010011011100001010010110111101100010101101110000010101111111000010010010101000111011111
100011011011101101000111011010010011100011110101100010010111011100110001101110101100011110010111
100100111111111101100010101110110001010001110101110100001110000110110101111011110100111011000100
111010110100101001011110010100010101010010011001010101110001101000111001001111110011100010110100
001011000110010011110001100010111001100100001001011111000111111100010111001011010001100111110101
110011000100010101110100011011010111101111001010100111010101101101111100011111001000000101100000
110001011001010101111101000100010000010011100011111000101110110100110100101101010000011011000000
010111110000010001110100011011101101101101010100000000001001000010011001100110001101010110011111
001001000011010001101111010011010101111101010101001110010001001010100001000110000001000010111101
111100101110011110000011001111101011111011001110100000100100001010011111001100110001110011000010
101111111011010011110101101011011001000100100011011010100111101110011011010110111111001010101010
011010001001111110000110110111010100110111111001110110100001101010101101011110101010011011001100
001000010011011101110001010110001110011110101010100110000100101111101011001101011011110001111001
000100000011000101011110111011111110001101110110010101101000101110110101010010111010111110010110
111010001110110000010101111011111111101101100001010110011100010010111101111110100100000000010010
000111111011011111110001011001001101110111111011100010101011011000111111110100010111011001101000
111110101100011100111001010110000011110011100001001111111110100111010001100110100100000011010001
011110001111100111011010001011011000010111010011000000010100110101001101010101111001111000111000
011101101101110011011101000101100001010000010111101011001001011011111000010001100011110100110000
011110010010101011100110111100111000011000011010110111000011011100111010101110100000100001110110
101111110010111111111111011100100110000110110000100000111011001111100100100110000101111010001001
000001101011001110000000101010011001110010011011010011110110100100101001011110011110010010001101
001111111100001110110010011110000011010110111000011110100000100000010010001011000100100101000110
100000101100001100100001011100011100110110010011000111101100011111100000001010101000000001101001
100010011111010001111010101011100101000100000110111010001010001101001000110000110110101101010101
011001011100100101000110111110011010001000001011010011010010110011001011000001001011001010110001
011010001011111011001001000101111111010101101001001001001011001111111001100000100101111110000110
100110110001001111011110011101111000001001000111100001101001010110110101101101101110111011111010
010110100101111011011000001110100011111110000101000100101001100000110100111000001110100101011000
010110100000010000101111100100010010011100111100111001101111100010100011011000110101010111111010
101100110001001110001101001101110000001000000111110001011001011000011100101011111110110010110000
100000100100011011000100101111111111111001011101111011010010110000001111110000000110111110100101
110001101110011000000000111011100100100111101000101110001100100101011011010111010110010001010000
001111111011001011010011100111110010110111000100001010000001010010011101000001011101100110100001
001000101101100101110100010011110011101011000111010001110100000100111011000110110100100010010011
100110001011110010010110001111111001110101101100010110010000100101100100111001000001110101010011
010001011111100011000101001010001000001101111001111000110100101100100101000100111110010001010111
100010110011011010000100000010010100100011001011111011111010111101101000111011100100001000100000
001010010010101000011100110011011000001111010101111000101000001010011011110100101000111001101110
101010110011001001010100011110010111010010100111101000101110000111011011101111001010010111001000
101010110110111010100100110010000010111001011011111101010011001011001111011110111001001110010101
000001000101001000011110011101111110000010110110111111000000110110000100110110101000101000001010
011011000101000110011011000000101111101001101000011111010000001010010100000011001001111111101010
100010000110111101101111010111001101000010001010000000001100110010000011010110100101010110101000
110001011011111010110111000011010001110101101101001000010110100010110110110010111001101111000010
001100001100000010100011000000101110000011111110000001010100010101001010111101000011010011001110
111001100001111101110000111110011100101101011000111111110101001000111010011000000011011110011011
100011100101001111000010001101000011111011000100100010110101001110100100111101110011010101101111
110111011011010100000001010111001001000101111010000001001011001000100001010010010010011010001000
101011101000010101110001010100000010010111010110001010000011001100000000011110000100111101100100
110010010000010000101111101101101111100011010111100011110001010011010000000100001000000100100101
001000010000011111111100110000011001110111111100110110100101111100011101010101100101110010011011
001100001110000100101110010100000111111101100100000100010100101100010111110101000011100101010101
011101101110011001000010100011011110111010000101101011111111011100011111100010100000100100110101
000000010101110110100111011110001001001001100000001110111000110101101010110000001101100000000010
001100010111100000111110110111011100001110100011111001010010100100011000001000111010000001000011
111000001011111110011101101011011011100001111100111011100101000110001001001100110011010000011100
000001100110010111001110110101110101011000101001010000101110011110111001011011100011110010100001
110010111111110000110111101111100110100101011011010001110111111101101001110000110100011010101101
111010110010110111011001011001001110110011010000110110110000110101111010000001010001010010001110
001001111011101110000110000101000110000110110110110000001110011110010101111001100101011100010110
010000100111110110100111001001010111001011001000011001110001101010111101110100010110100001000111
000100001000001100010101111010011000011111010110011000000010011101001101110000010001100001111110
001110111000000001110010111010011001000111101001100001011110010010001011101110100001111011101100
110010101001111011000000101110011110110110110000010011110011110000011100000101100000101010100011
001111011100001010111101000001100111111111101100110001100010101101011011111000100010010111100010
001000011110111011110011010100001000000000110001110010101001111011100001100010110000111100011101
011000010011011110101111111101101010110000101000000001111001011101111100110100111110111010110011
110111010000000010110001010111001010110000100100001000101110100011011110100100100001001001110100
001110010010110100001000110001111011110101101110101010011000100001111101000101111001110101101110
101111100111101010001110100101000011101001100111111011010000111101100101110111011100010001001101
101110110010100001010101010110010011100111110110010111001010000011000000011101011111100100101011
101101111111010001101111011001110100010001100011100101111010011000010100110100100100100001000011
110110110011101001111111001000101000101011100110011010100101001110101000000100000110001110000111
000010001111001111010011100000101011000010110010001101110100110000100110110001001110111010100110
101100111000011011011011000110001110100100110000000100001011010010111011110101001110110101101010
101001111101100110011010010111110010000101101000001011101111100111011101101010111111000100001000
010101101100001110100101001010010111111110101010100011000011100110001000110010010111110011010010
010010100111101000010110011101111000001011101000000110000110010001100000111101000011000000111110
100001100111010111110010010001111110011001100010110011000000101011011010100101011111100011101100
100110010100111001101111000101101100100011011000000011001111010100100101010011001011101100101010
011000110101001010010110001010111111110000011110000110001010000101000111001100111010010101000011
111100000110110101100111100110101000100101000011011011010100000010000101101100000000001101100011
001100001011000111000111100100000100111101010100010010111101111001101110001101010111000001101001
110110000111011011010100110011001101011001110001011011000101010101001011100010001100011110110110
011001100010100101010001010101011000100111111111001010111100110111010011110100110011010011010000
001000000001100100010010101011100000001100110111101001001110101110101100010000100010100100100111
101110111101110110110111011100111111000011111000011010100010101011110010100100101111010010011000
100010100010111011100111100110110101110100101001100110110111111011011000001100101111000100100000
110001101111001001101001011111101010100110101001100101111001100110110110101010010111100111011100
000010000101101110110111010000100011010011101010100010111110111001011010111101111010100101011101
111111010111101101111110011001100101011000111110100010101111111100110010011000110010010011000110
101010111001011000111001100011100001001100001100010010010101100100000110111110111001001010010111
000110100110011100100010000010111111011011100011001100100100010000001010010001011100010000000101
100001000101100001010101101010000011101101011100110100001001011100001110001111001001111010011000
011000110111000010110001111111010111111010001101111110111101011010111101001011011010000111010001
010100000110011001000000101100110101000111101000001000001001010000111100100111000101001010111111
111101110111110101111000000001110000110111011110000111111110001010010000010101010100010010100110
001001101000101110001110011000101111010110000011111111010010010111110101111000011100111011001011
100111100011111111001100001111010011101010001100000010101011000001000110101101010111000001110111
010110110011110100010001100010000001001101000011010001001110110110111010000110001011100000111000
001011011110111100000010110011011101000010000100011111111011001001010010110001011011001011000111
101001011010000101010101110111010101000100101100100001011100111101111110000000000111111100100000
011101010010000010000111010100110100100100110011100111001100010000111111010011000100011110100001
101000111110010110011010011111101001101110010011001100100110011010100100100110110011110110101000
111011110010001100111011011111011011101101100011011110101010111011101010011100010000011101001001
111010110111111000111110100100011000001111010000111000110001101010011101001010111001100010111101
001111101011110101111110010101011001000000101110110110000000101010011010000000100011000010100110
001010100000000111110010111100001000100110111100000010001011011000011111100111010001111111111100
010110010011011001100010011000111110011101001011101110000100100000000010111101001100100101101001
010101111101011000000011011011110110110110100000011000111001010110100010011000110001101111100010
001110100000100111110011010111010100011110101001110110111001110000001101001111101011010001011010
110010110111000111010011011100010001001011110010001001011110100110100011111101101001000001110110
110001110100111100110101110010100101011100010011111000111100101100101110101110011001110100000001
101100001111011100011101111011001010100100011001010111011101000000000101011111111010101001110100
111010111001101010001111010000001010111011101011001000101000000111001001101100100011001101010110
001010101100111010000111000011001011111010010011001000001000011011110100101111111001100000111110
010010100010111100001111001010010000100111111000110001111100000010001000001010101111011110011000
110110101001111110111010100000100011100011110011111010100000111001101011000101010011010110110011
000110100000111010101011110011101101110010101111101001011000011110010100101011010001100010011101
101100011000101101101110111001100101011000100110011000001110000001000101000101001010101010111110
011011101010001111110001000011111000010010100110101101010010010001011111100000100011101000100111
010001011101001101000010001010100001111110011000011111100110101100110000001000101111100110011010
011101110010011100010101000101101011000000101010101111001010000010110100000000001001110010101001
101101110001011000100101000000101000111010110110110110111101110110000100100000111001101111101111
111101001010110111010101010111111010010001100010110100101111111110100010101001101000011111111100
011001011111000011011111111011001110001001001010001000000110110111100010001110100101001101011111
010011010111011011101111011011000110011000100010010110111010000111001110111001101110111101100101
101100100111011011010100111100111101110011001010001110111010111100110010001011000101010001110100
001011011010010010000101110011011111111100000111011010101000110001110010000100000001111001000011
001111010001010001101110101101111111101010011011100010000111111100011110100101101000010110010101
110111100101110110101010100110101111010100000100010001000010001101001000110101010110101100101100
011001000011011100101000010000110000110000010011100001100001111001010101100111101011000100001011
001001111000000010000000101100110000111111101011101100001111111100011000010110001000101011111111
001010011001011011001010000100100011111101101110100110000011101111110110101001111010000111100100
000110100110101101101000000010001011001011101101100100101001000000000101111000110100111100101010
100010111010011011111010101111110011000101101000110110001011001111011110101111011000110111001100
100010001000100000010111101101010000010110010110100110001111010010101001111011101111001110101010
011110101110111010011000111001100010110010000001111001000011001001100110001110000100101111011100
110110110000100100010010111100100000000101100110000010001010011010001100111110100100001000010011
110011000000101000010011001110111101011010100011111010100100010111110010100101011111011010011000
100000000011101111000100100011110001010010110110000000100011010100001000110000011100100010110100
001111100110110000011001100111011110010010111000100001111011011100011111001000010011100111001101
001001000010100000110010001111010000000001011010010000101010010111011101111101100110111111010110
011011101101000011000111000110111001011100011111001001010010001110010110100101100011101000011110
010110101000011111100100000011110011111001100100100100010011011100111100011001001000011111011000
110001110110100100000100001001000110001011000111000001011010011000010011100110001001010010000100
001111011101110000110111010001101000011110010110111101000100110000111001100001100101101101000010
110100110111110111000100011101001111011100011010001011011000010001000010110100110000001001011111
110101011011110101000101100111010110000010101011000011100110010100010011011101010000001101100110
000010011011100001010001011011010111010011010110101001001111010101010101101001001011011101010110
111101010100101011101010000111000010101110111011100001110110100111001010100001111111000110001000
111000101010101001000001010001100101101110101000000000010001001101101111111010001011101001000001
000100101010011011101000001101011000111010101101101010011001100101101001111100001001010100101111
000111001001111111010010100111010010111001110101110001101000100010001011010110001110000110101011
111110100010000100011000100000000001101011001101000111110000100100110100100100000010111011011110
010000011000100000010011011001100011011010001001101000011000000000101001010000001101000011111011
110000100101010000100001000011000101101011100100001001111000010110000010111001100111011100101010
010011000001010011111010100101100000100101011000111110110111010000011110101110101011110010011101
011011101111010011101010101101010101100001100110000001100000110100010001000100101110011011100110
111100101011101100001010000011110011010001010100011101010000111011100111001000110111001110000011
000001101110001110000100101111010101111100001101100111110010010011111001011110101001100111000110
001110011110000001000100110011001110010000100100110000101000111100000101000111100111001101101000
100100000101011101101110000101001001100100000001110000011100100010011100011010011010001001001011
011111000001101110011111011001111001011011000001001110001101100100010010010100111110100100000000
110101011011110111011010100001110001100000010111001100010111000001101101110010000000101111001111
010101000011111111110011010111100010001101011111001100110011111111011110001011011110000101110000
011011011011011001000101011111011000111001010110111101001100101110101011001001001101010111010101
010010001010001010111000111110101100110010010001100000101010000110101010000010101001011110001100
001011101111010011110010000110110011101111011010111001101011001111101010110101001011101110100001
100101001010000011110010011011111001111101001100110010001010110001000011110001001010110001001010
011000101100100001010110101000110110000101010111101011001111100010001001111000000011111111111100
001001011110000100101000001011000101000100010111001011101000011000100110111011101111011001001000
111101000011110000110111111110000010001100000110100000100110011101100100011011111001101110000010
000010001100011000111101000110100000101001100110110010011001101011001111001111011000010100100101
101111101101011110111110010100011111010111111110101101111110100110001000110010011000101100001101
000010011111110001100101101110000000111110101111100000000001111100010100010100101100101011001110
110011100000110110010111100101110101001011000000101111110000100110110010100010000010010101110001
000000000110111110100010100110010010000000101110101010110101110111010011010101000101110101111100
111101011000001011000000000010001101001110011000110110110011001100000000011100010100111010010100
000110001011110111100001010100010110101110011001011011100001101101011101101111111001000110011111
011110010011010110010001100111110011110100010001001010111000100011110100000101000110101100001011
110001110011111110010011000101011011010101111100111010000101000110100001010000101001011010000001
111010111000010101100111111101010111000000010110000111110111100100011111010010100001010000110010
000101111101010011110101100110000111001100100011010101000010000101100011110110010001010101011000
101010000000110101110100010010100110101001001100101011100001001110001001100010111100101001111101
111011100111111111001011101010100101000011101001000110110111111100110001001100100111011011111010
001001000110111000010100101000001111000101111010011101011110011101111010111010100110111000111110
000000101011110111010100010001000001100100101011000001101110001010001001000100111001110110111010
000011000010111101110011011000001010000000011100000111000111111110110011010110001010110111101100
110011110101100110100111110011010110111100000101111100001110101011100110111111100011010011001111
110010001100101110001010011100100101010101001101000110111101101110100110100110000101011100110000
100111110001111000010001010100001111101001111101011011100110000110010001111010001101000110101011
101000011010001111010101000001001101101100000010100101110100100111111010010011010111101110001101
110001011110001000011001010101000000011111011011011001101011110010110110100101010011001110100010
100011000011011011000111000001111010001011001100110101011110100110010011011011111101010101110011
001101000110111001101101010101011110110001001000110010001011101011000111000111011101110111111110
001010110010010100001111110101011010111001011001000000111111111101011000010000101101001101110000
010011110000010011100001100111000100010101010001111110001000101101001100111010110000101101110100
111100010111110001011100111100010101100011000000110011000001001100101110110111010100000000000110
110100100110001001000101001010100111111111001001001011011110101010001000011000001000101000101011
111011001111110110001001100000100100111000100101100101101111000000101000000010010011001011001010
100101010100111110110011111111101111100010100100100000111000101011101001110111111010010110001100
011010111100111010101111010000010011100001111010011000101010100000111111010111100100111101110001
101010001001000111110101100110100001011000110010101110101100101101100010100001010011110110010001
011110111110011110100100110011000000000011011111000110110100110110000010101001011011101110000100
001011010100000110001111101000110101010101100010110111111000100011101000011100001011011111001010
111001000110001010100111100111011111110100011111000011011001100110111111110001010010101011101011
110100101100011001100001110001100000001001110001010000111000101011100010000110110001111110010000
001100110110100101000111001011100111100001111000110101000001100100110110111101001110001110101110
011010100110110000111100100001000100010100011001011010010110100001101011010111100001111011010010
001111101110100110100100100101000000111011000010010011100101011001010000101110000101001100001101
011101001011111011011101010011101011010101010110001000110110001100100111010110101000101110001101
110101000101101111010101101110000011000111101000011100100001011100001010111100111001100001100011
001000100000000100001101000101000110000010010011010011001000011011110010100001110011010101100001
001111001110011000110011110101001100110111001000110100010001101011111100011100100000110111010001
101001100101100110010001100101011111111111001111100111110111011001111110001011110110010001001001
010110111100110111101101011100100111110001011001000001011111110101011111101010011111010001011000
011000101011101001101100001010001001101001110000010000100001001010101000111010001001011011000100
000111100000101101010010101100100111011110111110001111111011101000101001101110100100000110101111
010011000110010111001100000011010101110011101010100010011000011011100000011010100110110000001001
001100010111110101011100100010110011011011101000100100111101001000100010100001111001000101001011
000001110011111111101101010010011010110100110011001000100001000011101110111110011101111100011001
001111111010100111011011101111000100111000111110111000010110010101101101110011100111011100111001
100110011011110001110011010100111010110110010000001000010000101100000001110001001001111101001011
100101111101000110101010010010011101110001010101111011101111000110100000000101011011000111001010
001111101010010111000001110011011010110110101000001101000001000111011100000001010101110011110010
111001101111010010000100011000001110010010101100101101010101110111011110110111111010010111010000
001011110101110111110110011010011011110100001101010001101100100100011011000001111011000111011100
101000101010111110011100101110011001010101100000111011000101001011111101001010011000111001001001
101110000111000000000110011111111011010010110111010010001111101010100000011001011010111011111001
101011110010000100001011100001010111000110001000111100000101101110101000110000110111011011111111
011011010010100000101001010110110110100101011101111111011011110101111110111110100010101100111100
011000010000110000000111101001110111111110100001001100111100111001010110000100100100101100100010
000111100101111100000010010000010110101011010011000011000111011010011100101011010001101111101000
000101101110110110111100110110111010000100110000000011011000100111001101110001000110111111100110
100010001110100101111101000011000001101011011011100001100001001111110111100100011111100111100100
100111100101101011101100010101011011001001000110100100010010101001110100100110100111001001010000
000011101011011111100111011001011001100001001100111000111110110100100001111101110100111000011110
001001010010000011110101111100001001110111001100110010110011100111110011010110001011111111100001
001101100001001110000110111100111001000111011010000100111101001010111011110111111001100100010100
111011010101001111111100001000110000001010101101010010000011100111000010110001111101110100000101
111001100100001100001001011101100110011001111110010101100111100001111100001010111110010001011111
001011011101010000011100101111100011010000011100111010011101000010011111010000010100011101101010
111000110101000111110011010001010111000111110100111010101011010111101101010111100111101110000101
110000110101001000010101001001110100000010110110100100011011110101001111001111000111011101111000
100101101010001100001100110000100100011100111010111001001100101001001000001101100110101011101010
001011011110100010100010010010101111000100011010011101001101100100101100101000010000001000000111
011011111001100110010111101100110000101100111100111111010101101100100010110010011110110000110111
101010001101000101001001101110110111100111000001101011011100101111110110001000100111011101110000
010101101110100110110100001101010001000011110111100110101101111010011000100000101100111111001000
000011101010100100001011111110111101111101000111100001000101001011100100111001110011110011010110
101111011111101010100101010111110110011110010011000000000110010001101010010000100101011010111111
010101011010011001100001110110110001001000110110111001010111010001001101101110001000111010110000
001001011111111010110111100101011101010111100111101010011100001100110111011110011100100000100111
110011111101010000001111111000010111010011011000000110000010110100011011010000110001110111110100
010111011101110110101101011000011110011110111100110111010100100110100101111001100101010100000111
001110101001110000100010111111100000111110100011011100011010001010101011110010001111001001011011
000010101010111000010110010011101101101110101010010110011001101001101111101110000011010101111011
001010100010000101110110100000101011101111011101011010010010110000001001100000011010100110010001
111011010111111111000011001010010100001010100100111111011010101100101010011010100001000100111001
101110011000100011010110110011011011101010111001000100000010000010100000100001000101101101001000
001001110010111010011111000111111001100100101111010110100100101100101011010010111010100101011010
001001110110101111011110010010111010110110010011101100001011010100011011110110111010100110111101
001011110011100101111011111010111101101100010100100000011000101100100100101110000010100101001101
010110101010010011111011010000001100111100011001010000100010111001110010110000101110011101100000
110101100011101010110010011110110000011000101101010110111100010111110110000000001111111001111010
001100100100010011100111010000001001000100001000101000111011010000010000011100101001001001100011
000100110110101100110001101110010101111111110010110011010111101001001101110111010011101101111100
010001100100000100011000100000001100000110000001011100000011111101110101101001100111000111101100
101101110000001001101101001010011111111110010001100110011001110000010011010111001101010001100001
101100101011001100001111001000100111110011100111100000001010101010011000100001111000101010100011
001110001001111011011000101000100001111011011111011010110001101100100010011101111101001100110011
101000100011001011010111111010110000111010101000010110011110011100110001110111110110100100101101
000111100011000111001001001111101100001101100110100000111100111111111101100010011000000001100011
110001101101000101110110100001111011011000101110001110010110101011011101000101000001101100111110
100011100110101100011100100111101111110011000110001101010101001110011000111011010011001001010011
000000110101101101011000000101011100011001011111111011101010011101110011000100100111110101111100
101011001011111000100110000010000110100101111010011110110001110010011010100100111100100000011111
101100110000100010001011101110110000101101101001100011011100000110100000110100110001100000100100
001110101001111111001001101100001100001001000001111101001100101110011010110000100011001100001111
101011101101110000000001100111101100101000100010101101000011111000110011100101110000011001011011
110110011000111100101010101101100101101010100111010110100001110011001010010011110110011011110100
100011011010110101111001011000011001100110111101101100010110101101101111101101000010001000000000
010110111111011000100110111001101010100100101110001001101111010101101101101001100110000101010001
100011010000001000001011010101111010001010010111100000011011001101100111110000110111001100010010
010000010101001001001000011100101100111000001011100100101101101111000000100100111101011011101100
010111000110101110101000100100010000011111110111110011010110111000011010111011111101010111011010
011000001000001101010111110111111010000111100110001100101101101110000111000101111110011101011111
100100001000011010000111110101000101000000010011001110001000101001001100010111010001111110101101
001100110001110110111001010111100111010111001000001011001100110000011001001011011110011000000100
100001100111010100000100100000110100010000101001000010001001000000111100010010100011000100010100
111001111111101001100101010000000101011011011011110011111110001001000001010100101011000001011101
100111001000101101010100010111110111001001110110000101101000011111110111011101010000011101111011
101001111000111100011110000000101101101000011100101100101100001100110010000110001111001100001111
110010011110100111010010110100100001101100101001100100001100101101011011101111001010100001101100
011000110010001001111011010111001100011011111110110010101001010011001000100100100010101101000010
110111010011100111111110010111101101110001101010001001010011111110010010111110101110100100101000
010111001011101111001110010110101110101101001101101000111001111110111110111111010011000000100001
100000100011110101011101010000110110111100001111100100000111000010101011100110001010100100111110
011101110110001010101010110010100000101110110101101111010010111111010011111011011011010001111101
010101110010101001111100100000111100001000001001000100111001100100000110010011100110101111000110
001100111111111010111100110010111111101011010101110100110001001011000111011010100111101001001101
000000111001010000011101000111001110011000110101100000000111001000111111000011110011001010001010
000110100111101101010100100001001110011011011010111010110001010000111010000011100110011110010101
110000111000011100010101100110110101011000011011101011111111100011001110101111011011011111110101
010000000001101011001011000001011011110011110111000110000011011000011110010001110001110011100110
001011010011001100000011000000011101101110011101101010010000110110010001011111110011110001000010
110001110001010111011011101010101001011001001101100101100010100111110101010011111111110001100000
000100110010110100011100100010011001000110010100000100001011011011001101100110011000111111010100
111001010001100001111011101001000010110100100101010111100010111111011101010111010101000000100110
010100011100110111100101011111000110111101101001100111101011010011001101000000000010010000010100
000000000000001111010011111000101000010001010011001011011010111000011110111010101011101010101000
010001101111001011100011111000010011101111111011001110111010110011101101110110010100000010111110
000011101011100010011110110011101100010111000110000011101101101110001001110110111100001100110001
000101011010111111100111101111011011001000001111101100111111010010010000011110000000101001000110
011011111110101101000101010001101001101000001000100001110011011101110000000110100111110011101000
100110011110111110000011001101000101101111101001110011100111101000100000110011010000000101010011
101100101101110001010111100110100101111000101111110000100011010011001101101010001000000001011101
010001010010101011011101111100101111110110000100101001011101011101110110111100100100101100001010
011010100111010101001100111101110111111001001000000000101100101111100000000101100000010110100100
111001001101101100010100101110010001000001111111101100011100101011111111010101011100000000111001
011010100100110101110011000111101001101110000111011001010011010000010111001010010000000110111101
011111100001010000010101101100001000001101011011001010100101100000011001000100010000001111110011
100000011000110111000000111111010100100001100101101000011000010001000101011101000000001010011110
010000110110010101110111101001101111110001110100101110110000010001010101101111010010111010011100
010011100100010011011011010000000110011101111101000011011100101011001101111000001101111001110110
100010000110100100010111111100001100100101100101110100100101001011010100111110000101001111010111
101010101101101010111011100001001010101010111100001010110111010101001110000000001111011110110000
110110011110111010111101111000111011001101101111100001101100110111101001100011011011101110000000
011000101001010011011101110110001110101001100100101010110110010011101111001100011100100110101011
010010100110111011100010000001100010111111101100001111100011000001010000010000100000101001110001
001010000001001101111101010111110110011111111110110010101111111110101000111101110011001000100011
110001110100010011101011101111010111000010111001010111111001101001000010100000001011000000100110
101101001010101000101101101011000010000011011011111100011110010001011011010110000000010101110011
101100001101010100000100111110000111100001011001000011111000101101011000100110100110011110001000
110110001001001110111010010001000010010011101100000000111100110010000101100100010101000011001110
010001000110101110010010111001000101100010101001001000101100110101011101101101010011101001110110
111111100101011111011100011111101110110111100010100111000011100100011010010001110100100110110011
010011000110011011010000000001011000101100000011100011000111110101011100001100101011000011001011
000101111111010011111011011101101010110011001011100001011000101001100110001001100101111101011101
001010100000100110100111011000011000101101001000010110100010110100001001101100101101011111001111
001000010111000011100110101101001010101011000011011010011011110110011011001100110111110011000000
110001011100001001101110000011000000010111110010111100101000111001101100110001011100111110000110
101011011110010100101111000111001010100010010101010100110110101000101001110010010111010100101110
000011111110111111001001101000000110000111110000011000000111010111000111001010111001100101100011
111110111111010010111011000000001001010001001011110100001111111101010111101101101110110100101000
000001111110100101010001010001010110100101111000100111100000110001101001111010111011100001100000
010111111000000000010110001100100000100101000110101100001010001101110101111010010101111111100010
