001000010000101011010011101111101110111010101111010100100010011010111001000000101001110011111010
100010101011111010011110111100111011101110110001110000110011000000010110101011100001111110000011
010111101010101111100110011011110001110010011010111001000011110000101010011011111110100001011100
000000101011010011101010111010000111101110101011010000001111100011001111110111100001110111010010
100111101111111101010110111010000001100110111110111111001000101100001000001010101100001100011111
100010110111101101010000110101011000101011100000011000110000100110000010101001011000110011001010
010111110101101100011010101001000100110110001000100111111011001011101100111000001110101011010000
001011000000110110110001010110100010110010111011101101011100101010000111110111111101001000001010
111000110110100010100100011001111111010011000010011010110101110000110000110010111000101110001100
111110010010010110001111101111011111110110111000001010001001111010011101101001110010100111010110
110010101101101010011101011111010001001110101110101001100111001011111011001010011001010100111101
100100011000101010011001001001010001100100011111001001100011101110111000101001001000110101111100
100100000110001010100011101110011100111011010100110000000011011001001110010011000111110010111111
011101110001110111011111110110010010100010001011111011100010101101101101110100001110101111000100
001100101001011100111110110101000110111010110100111110101101100110001000101001010111010101000010
001111101101110011001010111111100000011100011110101001011001011100010110100110010100111000111101
110100111111101110110111110010010011111000101101010001111011110110100001010111111110110011011001
110000111111100001110000110010011001110100111100101001000110101000000101010001110000011100011100
011001110101110001100101110001101110000010110001011100000110011001000100111101010010101110100011
110000010001101110010111100000110000111111001111011100101011010101001100001100010001111001101101
000100011000010101010111111011011100010010001101011111111111011100111011000110110011010000110110
001110101001000001110001010101010101011111000011101001110010010001100101101100010110010111100100
101111011101000110100110001111000110000011111111100010001010100100101110111100111110111100011110
110010100011110010110001110000110010000100101001110011101111001110101101111111111110100101101110
100100000111000100001001110010100011001011010010010000001110111110010110001110101000011111100100
001011011000110011100001111000011000011010010111101010111100101011010011000010011001010111111101
110111110000111001011001101100010111101011000010101101101100001010111000100100110010111101010111
011111100000011011111000000100111101101011111000011101111111001000101000100101100011010100100011
001110000010011100011001001011000010111011111011000111010101110011000001111011101010000111110001
110110100110001010100000111011010100001101010101001000110110101100000010111011010101000110100100
010100000101001111011010110101101011000000001111001010100111000100000000111111111011100100100110
100101001001010100000000001101100111111001000000100010111100100010110100011011111110011110011011
101111100010010000110100001001101111010111000000001101101101010010010110111000011111100001100000
000101110101010111011111110011101010001110111111010001001010100100101111101100011000110010011111
001001001111110101110010100101110101000100000110100011111110001001001100010001111110001010001011
001110000101100000110011100101101101000011110111100111111010110101001101101110010000001011000111
101011010110111111101001001001010111011101100001101100010110010011111100111010010111010010011001
001001000111110001100101110001010001100000000110001110000010001001011111110101010110010011101000
010111110100110001001110100011000001011100010101011100111000101100000100000111010001011101000101
100000001010001111011101101111101000010100000010001010001011000011101010101101100010001011011100
101011111001101111101000111110101110101101001000010010010101111010000101001000111011001111001001
000001111000011100110110001000000110101010110010100000000000011111101111101001011000011011111000
001101110000001010101010001000100111101101101000011010110011000100011111010010110011000011100011
100100001101100100111001100110100111111010110101101110001001101111100011111000111010110100100110
010011110110101010010100111010110110101011101010110110110001101010011111011111110010111100110111
101101011010000011100100110010110111001011011111101111100011101000110011011010100111000010100101
001000101100000100000000100010000110100110000010001100001000011000000001000101101111101100011010
001110001000101011111110101101001001010110110000011001101101001001001010111001100001100001010010
101110011100001101100011100011011010011100011011111101000010011000111001000100110110001010101001
001111001010000010100010100100111101010001010100011010001010111111001100101110000000010001101111
100101010001110110000010001110011111111010100110110001110010100111001110100001101010000000010111
001100001011100001010100100111000111010010111000101011111100101101011010001101111011001110111111
011101110110111110010111100001110010000111001010100111011111101001010010101110001111011000010000
110101101101111110111000100011110111100011110010110100001111101110111101010011110011010111110000
001110011101001001001110100001110101100101011011100001000000101001001000101110011101010110111000
100100011100001000111100110010110100110011000001001110010101111011101111101101101010110110010101
100011110111110111010100011000100001110011111001000000111011011000111111010001101110011110100100
000000110010111110100110000010011101110111111001010101111101000111101000111111010000010101100010
110011001011010000000110111110110100111001100000000100011000101001011011100101110001010101011100
010110011010111011010110000110110000010001111010011001100101010001110100000111101101010110101000
001000111100101100011100111101010101010010001001100001001101010011001110001010110101010101100001
111100000100110001110101000111001010100010101101111010011111101101110110101100111011001000011010
110000101001001110001001101011101001010101100000100100010000000000001000110111101001111000111101
000111011011001011100101111001101010101010111111010111000011000001000100011000111001101001110110
011111110010111110111111001000001000010000111000110111011000100101100010111100001011010111001111
001011100011101110100000100110010001011011000111101111000011000011111101100100000111100001000001
001111110011000000011010101010000111011111000001000111001101100100000011011010100011100001000110
100110111111111111110111100101110110011100010011011010101010000001111111101101010011010000111111
100010110100010010011110011101011011111111010100000100100011011010011010010110000111101100101101
000110111110001000100111011101101001110001101101111111000100011011011011000010100101111111010001
001101011011010001111011011000110110000011101111101111110111011111010101101111011000001110110000
001001001101010000110111110011001001000001000101001000110011000010011111000011101110010001010000
011001010100101011111001100100000100111111010101110110110000000001110101111101011011110101111110
100000101001010100101001101100011011100011111001100000000110100010111011101100010110100011011010
101000001011011011010000101110100111010000010010101000111010000000000000001100111010010100101001
101011100100100010110011010000100010001100101010000101001101000001101001111000001100110011100011
110111010110101000010110111010101100100011111110000100100000001011101100101110111001100101100111
101000011010101111000011110011111101110001010110011110001110011000011001111110011010100000001010
110110010000100100111111000011000101100010001110100010111000010101000011101110101001100001101011
001000111101111110110110111011100000000100001110010110111110101100001101101111010011100100000010
001010101011111111011001011000100101111000001011010001000011110111000110100011100111011111101000
111010001111111001000100000001100000111000100111011101001010011110100000000110111100011000111111
111000111001110010111110001001101111110100100101100010001101011001010110111101110001111010100110
110010000111100111101111100111101111110010101110001101011000100000000001111000010001100100111101
110110000010110001000000000001111101010110001001111010001000111100100010010011110001101111111110
111110110011100101001001000001101010011000110100011101111001001001110100100010111101100011111011
001101010101111110010110111010111100001110011101000010101010100111000001110011011110010010110010
100100001011011000101001100100100111011110110001000001001101100111010011001010000101101010110100
011110100100000100101110011001101001101101111110011101011110100001100010100110100001110101111101
010000110001100000110110001111010000011011100000001001001001011100110000101101101110010000001000
001111100001100110001111111011000111101111110111110000101010110101110101101101011110000000100001
110010000111111000010001001001101110010011010000000000010001010111000010111011011010100111011010
111100010111100100010001001101000011101010111110000110100111001100101001111000011101010110101100
000111001000111010111111111101010100111100011000000000010100100010110110110000110111000110110010
101111100100010110110001100100110001000101110100101100011011100000100001111100101000111001110100
110111000110110001100101100011110111100111011111000101111011001100000110111001111001100001001010
001110001111010001111001010100110101011100001011000011101001111011111001011111001101000100100000
000000110101010101100000111100000001100100100110100010001000011001010011101101011101000011010011
100101100011100101100110110010001101000001010010111101100101000111100110110100100101011111101101
100111101110100011010000001000100100101010110010100100011110011001111111010001101101011110000010
011001000101011010010000001110100011111111101010110011110000000011010100110000111100110011100010
111000100000011111100000111000100101101111011011010010000001011011111101010000110011110110111010
101111100101011011110101111011101011100001110001011000101011011101011001101001101101101100101111
000000010010100010111111011110101100110001111110010010001011001000100111001101000001110100110011
011100001101000111000000110000111010101000011010111001110001001101101010000000110011010111110110
111111100001011000000001110100111000001111111000101001101100110100101011110100010101111001100011
001011111110010101011010011000010000001011010100110011001000101111101011110101000100011110110110
001001011111111001011100111000000101100001101011100100111100110000110100111001001001100001011011
000011000111101111000011000110000100011110010011000010010011001010100100011100010001011011000000
001111010010100011101110110110010101110101000110011001000111000000011001110111001111100100101000
100101011101111100111000011011011111100111010101100000000011100011011111001100101110011111000101
111011001101101011110011101100000100000111101101000011000000111110011000101110111110101110010100
110011000010101000111111111001111011110000100100100001011100010110111011010000100000000110101000
101001101100001010001000000010110100010001000011101111011111100100000000001111100100111011100011
100001001110111000010011111000000110101111000100011000100010101101001101000001011010100000111111
100100111001000000101001101100001110111011110010111100110100110101100111101001001010000110110101
101000010001001010011100101110000011010110001100010001101001011010110101100010001111100100101101
100000110100001110110011001000111010110000011001111001010111100001011000111000010000001110101101
000111011100010110000001001101111011001100100100101110100110111000001101110000101100001110010000
001101110100101100011110100101111101001111101111110111100010110011011011001000111000110011010000
110110001111110001001111110001011100111000110100001110100001011010111000101111101101110000011001
101100011101101100001100101001100111010110111010000001110001000010011110100100111100110111001001
100101010000011110110101110111000010101001111011000001001000101001011011000010000101111001110111
111100000001111111101011000101000001000010010111100011011101001011011010000000011010110001110001
110010000111110101010001000100110000001101001111110011111110100010010101111011000011011000100001
111100000011110100011101010101010110000000011001000110000001111001000101100011011010001011010110
011111011111110101101100010111100000011100000000100110011100001101111100110101111101001100111100
111001011011010101011011010001000110011001010011010110100011011110001001011111010111010011000000
101010011111001001101001100111011011100111001010010111100111111000010001001011101010101011000010
000011110010100110011111001000101011110100000100001100110010110011100110000010111010101011010010
011100111001101010100011010110111001101101111100000011100110101111101000110010101110011000011110
110010001011111011111111100111101011111000110100010110111101101111100110110010111000000110010111
000001101100000010101100110010101011110110101010110110011001101011010101110100001011011101001000
110011011111110101111011100000100110111001000000100111110110100110111010001000010011111000101101
000001000001011010010111110101101011110010111011111000101110010011110110111110100110101100000101
101111001111010100100101111101110001011000111000101011001001000111111010111000000111100100111111
111100000111110000101001011100001011100010001100000100000011110110101000110100100111000010010101
001010111100101100110110101101011101011000001110000000010100101101111011010000010000100011000111
000010110101001001001101100000111001111100110100100000000100101100001011001101011011011101101001
011011110011110101111001101000011010011010001101000011110101011000001001011000011101111011011100
100010011110111000001100111000110100110111010000110111000001010000100111111010010000011101100100
011000100001110011000011001001000101111001101111111001100101010100001101100111101000001111000001
011010101100010100011100101111000011011001010111110111010100001010010101001111001110000010101111
010100000010000111100000100101101011100100110100011100010011001001011000000000110000100100010011
110110100001011111010011111010100001100111100001000001001100100101110111011110100101010110001100
101000000000010101011001110001010100011001001100111001010100100000100011001100110010000001100111
101110011110100111110011000100010101001001100101111001101111010100110111000100100110000101000000
011011001111101000100000011011100010001011100000111001011001111000111111111000101010000011000100
100111001010101001000001111110110010110010010110111000100000001101110000010010001101101110101110
100010010101111010001111110100101110001100101010101001110001011011001010010000101111110001101101
010101101101001001101101001010001000100001001100100000101000011011111101111111000000111001100110
010100011000100011110100111001111100101010110110100111100110000111100111110110001110000000001000
011110001111100101101010001110110000110011001110110011111010110010001101011101110101001110000100
001011110001001100100000101110010110001111111001111101000101010011001101101010001001100010001100
101010011101000010110010010110010010000101101111101110011101001000110010000101000111100011000110
101000110101111010010001000011010010001011001101001001111011010011111110110101010001101010000010
100000100110010100000111101000111010101000011100111010011100001100110001001100110100101111010101
101100110111110001000011101010000100110101110110100001111000100100111011000010000101100110100101
001011110100111110001011110110110101000110001000010111111001001011001111110111111100101001100001
101101000011011100110110100000011010010011001100110110000000010001011010011110101111000100011010
010101011010000101001000010010000111100111111110111111110100101011100110000000010101101110101000
111000000100011101100011100111000001010111111000001101100100101100010110100101111010001010010010
110111010011000101101101101111001110011100111011010010000010000011111011001101111011001101111101
110001110100110111100110101111011001100110010111010101110011101101011000110001100110111110111100
000110110110011001110111000001011010010111011000000010111101111101001001110001101101011010011100
101010111111011101111101011011100000010100110000101101011011011101011110000101011110000011010110
011001101101010101001011000111000000110110111110010011001111110100010010000100001001111110110100
011111100000001100010100110100110011001100110001100001110101010110010101110011110111001011000011
100001101111111001101111010011111101100101100011000111100001101011100000101111101111011010010001
001000010011110100111100011000111111001010101011001011100100010101101111011001111000010000001001
001110101110000011110100011001000101100110010000001011111011011000010111110010011101111011110110
101101011000111001000101110110011001000100000010011110001010101100100010001101101001010001001101
011111101001010101000101000001101010010111101011011000111011100100101111000100001010111001010001
011000110110101001011010010101110100010010111100011110011110010010100101110101001010001110111101
101010010110010001111000100101111101101000011111101101110111011110111000011011000101110011010110
101110010110011111110101110010110001111100010111101101101111011111101111110001001111100111001110
010100100000101110001001100110011000010001100011000010010101010110110110011100010100101100110011
000100101111011011000110111001110111100011000100011110000110100100010001010001101001011100110111
010101010010010000100100011101000000010110010000111110000011011100111101011001101011010000110011
001011010001000100111100011011100110000011111010100010010101111011101001110000100011001011101110
001011111110000000111010101101010000111011011100101110110111010011000111101111011000001110100110
001010000011111000011011100010100100000110100101001101001000000111010010111110011101101101001010
011010000011101010001110011010110001000110100111111111111000111100010000011100001110000111010101
100100001011010111001011110100000000011101100111101001101000110101110001111001100111000000101010
110001001111101101000010110110011100100000110001011010011010101001010101110001100101101001100111
011111000111011001101101000111000000011010001101100010111001000010101100001101010101000010000110
101010100001001101111111010111011100001110010110101011010001000101011010011101001011100111011111
011101010110111101101101111100011000010110001100101111010110111110101011000000011011011101000011
110100010111001101100000001101010101011000110011011001101010010001001100011100101100111010100101
110101101000100001011011001011010010011100011101011100110111010011010011011000110000011111010000
110110101110101010001011000010101100101101111001011000111111100010100101011101010110110100011000
000110001011011001100101110000001110111110001011000110000101001101011010101110000011100011001001
100101000011101100111101010001001010001000111111000011011111110101010110001110000011100010101010
110101000010101100101101011100011101001000101011010001001100110110000000000000001100100000011010
011000111010110111100101000001100001100011010100000110110000001110010010011100111011100100001111
011010000101110110111101010110001011101001110101011010101100111100011111011011100010011100011110
011101010101110110111101100101101000110110001010110001100100001100110010100111000100001111101011
010011101110100101010011111001100010101110101000110110000001001101000101010101111100111110011111
011101000010000011011111010001110110010011101100011001111011001101101100110110100011010010001000
111110010011101010101101100110010011110101000111010010010001111101101101000010001110001111011100
011010101100101001010101000110011000011001010001100111011010011100100100100100111000110100110110
001011011001011011011011110101011111111010100011011011000100000100110011100100011000110101000010
110101111111100001110010100010010111000110000110000101101101000010001110111101101100011000010001
110000101011110010110010110101101011011101110011001001010111011101101011110001011000011101001101
100101111101010101100001000000011010101001010110110100011110000111101011001101011101001010001110
000111011111011110000101101011011001010100000110001100100011100100001001010000010101111110100001
001010110001110000100011111111101111011111011101101011001111101010011010100001111010110101101100
110100100100101010101010110111010101001110101000100101101001100010101001011101011110100010110111
010000101111001011010110110101000100000000101100111010011110111010110110001100010110111010100010
101100011010101010110110000001101011111101001000001111000000000010111001000101011110100101000110
000100100111001000110111111100111100101000010000101101100000011011011110111010000010100100101101
100001100001011011011111101110010010100000101111101001000010010000010110011001010010110010011001
000001101011001010011111000010011000111111001101001001011110110011001001111001101101110011000110
000110000101011010001011101011000010101000011011011101011111010111011100100000111010010010100101
111100010101111100110010110001000011110010010100101111101100010011101100001000001010010000100011
010101100010110001101000110100010010011100111110010001011010101100110111101101011101101010100111
110100100110110010110010100000010011000100000011101001010110001011101101010110100110010000010111
111111011100110110011010000101110100111011010000011001100011010010001101000011101010011110001101
000010100100101110000001110011010101011000011100100001001001001001111011000101111011011011011001
111001111111001100101001111110000101010011101011111110110010000011010111110111010010011111011101
000010010110110011000010111101111101001001001001111101100111011111110110111001010010101100000100
100110011011100010101100001100001010000011110001001101110010001101101010000011101110111010011100
110111101100111010111000001001101110000100101100000000001101111010000001111100101101101110101011
110011001010110011011010110000001001100011110001000000010110100101100110101011011010001001101010
000000111101101000001100011101101010111011111010000011110001001101110000111000100101000010111001
101110011010110111100001000001010110000100000001100010101100111110100111001110001001100010010110
100111101100100001001000110001010000111110111010100000000111100110110010001011110111001110010101
000000001111100010111110001110011011010110001010100000101111001101000100010001000111111001111110
100111101011110111000001000001000010111101111001111111100010001010011000100001000110000001000110
011110110011011100100111111001011000111000101010011110011101001000010010010000100010110110001101
011010001100001000000001010110110110110010010011000100011100000000110111011010001000100000101111
111111011100011110110100100100111010011111000101111000110010011100101010011000111000000100011110
101000000000101100110111111001000101110101101001001101001100101111101010010100011000100000001111
000100001100011010100100001101111000111100111110111000011001000001100001010010010011001111001010
001001101101100011000010000111110101101000111000011000100010010111000010001100011011010000110100
111100011001011001111110101101010011000010010111001100101111110111101110001110010110011010001100
011011011100011110001111011011101011001111100000010111110011100010100101110001011010010110011110
000001110110100010110100001001100111001001001011011100010001101100110100111010101100101001110101
101101111101110000011000110101001000010001100110000110100000011110100100011111101101100010100100
011111100111100110100111110100110001100100011100101111110101101001001111111010010110101111000100
101101010110010011111010011011011110111010100010011010110000110100010101100000010111110001011001
010101100000000110100100111111101100001111110001010010000000001100000110100101110110010100110011
000101001111111001111111111000001000100100110011111001000100000001110100101100010101001101111111
001101011110001111010000001010111000110110010110011100110011010001101101001101000101111101010001
011011100110110100000011111010001100010010101011101001011000001110001011100111101011100111111110
001000100000000011011000101000111010110001111110001100100100101111001011001110110101111100101110
110001101010101111100101110000110001010000001100101010101101110001111011101101110111101000101000
101010010010101101110010101011001011111111001111011000000000010101000110011100001110110000111111
000100000101011000100110000011000111001010011010010110100100100110111100100110101110111000011100
100101100000000010101000101101101100010101000100001101000000110000101000010110111000000010101100
001001000011001001001110001101101010001111010001001100111011001001110011011111011011000010001001
111111110111001011101111110100110001000010111111111111010001111000100001001000001110010011111010
111111001000000001011111000001011101100100110000010010101011110000101111011010100110111110011111
100011001111101101010111111100000000010110001110010100101011111110100011010100011000111010000011
001110111111010000010011011100101110111110110000110110011000001110111011100001010111000011010011
101101011010111110000111011101110000000011110100100010000011111011010010111011111000001101010101
110011111011001101110011111001110011101011101000010111010111010011010101111000111011100001011011
111110101101100010100101100011011110011110010101010001010011010100100110100100111010010110001001
000111100011010101111101110010010011110010000110110110101111100010100110011100011011110101000101
001000001000011110110011100010010101011001110111001101000111010010011101001110110101011011000110
001111000100110100101011010100011110110110110111011100010101011100000011010000000101001001100110
101111011011001010100000001011010001111111101011110110111110100001101000010110000100110011000011
111000011010110011111110111001101100111111101101101101111011111100000001000110100111111101101011
101101011111101011101110011011010000000000001000110010100100110110011001101001000110110001111010
011011000100111011000001101101110000001111111001010011001110011111001110101110100010111100110000
100110000001101111011101111110101011000001001101101100001100000010111001011110101000010101111010
111010011011010100000010100010000001100001111110000001101011100111100100011110100101100101000000
111000101101101100110001100100010010011000011011100001100010010111001101101100101100110001011010
110101100001001010111101001000100011100000011001001010110000110011100100111110001100011000010100
010100110101010111000110101011110010001100111110100011100100111010101100010011001011011111001111
101000001110110010110110110011001001101101000101010000101111111011011001000100111101011101101000
010011001101000000110111011010000110110000010111011100100111001110111110011010001011010011100011
000101111100101001011101111010101111011000110010001111100100011101000010001111110101001110110110
011010100110110111000001101011110101000010101111000000100001111101001001001011000111010100110001
010110001111011110000101010000001011110010011001100011010001011111110010111010011111100101110111
011101010101010010111001100101101000110100010111001010011101001000010011011010000100011110000011
110111000100110101011011011100011011010110010001101001111011010011011100000111011100001000011100
011001110001010001010100110111011101000100101000010001000101100100001001010011101111110101110100
101010010010000110011001101010001000100110101000101011101011100101111111000001011010101111011011
101001100111111001100110111010011001111010110001010011010011101010001010001110011010000100001010
100110100101111000100011111110011000001011000110000100110010100100000010101110101110001000111100
100000001101001000101111011000101111011101001100001101101011101010001111100011010100101110001100
110110100111111011110010100000011110110001111010101100010101001100001001111100110010101100110000
000111010111110010100001000011011100011101111000101011110100101000100000100000001011110000001000
001111001001100100111101010000000011110001010110111100001010111000000000110000001001001001110111
000000000010101000011101010011111101010010101011000011000011101000010001010000000101000101111011
001001011010011100010110000111011101011110001011011111010110111001000100101001111110000111011000
101011000101000100010101011010011000111000100000110001001111000110010000011011010101001110111001
111010101011101101000000010101101100000100000001110111000010010111000001110111010111110000011000
010100110100111111011100111111011000001111111011000110000110101110011101000001100111010001000111
110111000111110110110111101111111101000001011011010011100111110001010110100001011001111011010100
000110001010001111001111010001101010110100111101101110100011000011111000011011101110100000011000
011011011010100111011101111101101110101100011100101011000010000110101110010110111100101011100110
110100111000110111110011101000111010110001010011010100001001001000001000110011011011111110011010
100101101101100000110111100100011111100111000111101011000011100010000000111110100110000010011001
100000101110011010000011110100111011001111110011010010101001011001010111011011000111011001101001
100011100101101111100110010000100101000011001011011001001110100110011101100011011010100101100101
000011101100011000000111000111001000100110100100001101000011010110011011011100001111110110011010
011001001101010011111110000010010011001101111110000111011110101111001101110010111111010011101100
111001011101110000000010011100010001001000011001110110101100000100101011000110000100001000100100
011001010111001101110011101001001000111101000000011010001000000010000101101101111010000101110001
110110100011000010110011010100101100010101111100011111000100110101100000111011110100011011100000
011101110011010011001011000101100110100101100101100100111101000001110011101100010111011010111110
010011010111110101011001011001000100010001001110011011000001001011010010011111000000001001010100
011010100011000100101101010100100000001010111010010000110000100001111110110011011111001110101101
000110110111001110000001100010101000011011011101100010111001111100000000101110100100110001101101
010101101011011110000000101000100110101010101000111101010000100100000111011110001011000100011011
000110110001101100000111010001010011011010101010100011101010010010111100001011110011010000010010
100010011001001110110010100100011101001101100111101101001010100011000111110111011111101000001111
110010111011011010000001100000100001000000010001111111110010001111101011110111000111100001110011
011000010011011110000101101100111110001100101000010010111110011000010110010110110001111000000010
000011001000010011100110111000110111101001100001100001110001011100101100000100000010010010010011
100000110000000000011101011000000011110010001001110011111101001111000001111011101101000100111011
110000100111000001001011001101000101010110110000101001101110100100011100110011000000110001110010
001001011000100101001111010001100101100111111011001011101001000001111111011110011100000101010010
111101001111000010011010010100010001010011010010111001101111000000011100010100100110010000111100
110000100101010111110000101001010010110000101101000101100001011101111111011100110100101101111101
101101101011100010111111101101110011110010011010011000001110110011111011110110001001101000010001
110100001111111110001011111011010010110010001000001110111010011000000010010010001100110111011110
001001110110101111011111100101111111100101100011010100100110101110101011101110010001010010101100
110001010001000010001000101110100010010000010010001111101111010110110000011011100011001011010101
101100001110100000010011010010010000011010100001010011011111010111001110101011001000110001000110
001000100011100111000101001000110001100000010110100011100011010011100000000000010000000000100100
011111110001100111100100011000011000001101001011100100111100111000011110000000111010001111010110
011000010011110001111111010100110110000101101100001001100000111011000000110110110011000000011010
011001000110110100000000110100110000001011001000100110110100011011100010111101011001111011010101
010010110100011111111001101110100000011101111101000011010000010100101111001101101110011100001000
101011100001001001110110100001110011111110001001110001111101111100111001011100011001010111001111
110001111101001011100000110011000010110101000100011111011011001101110100111111010011110110101100
011000010000011101010001111101111100100111011001100000001110101101100011010100001010001100001101
000101001001100111010100100001100011000001110100011100001000001011111100001000110111011100011001
011100010000110011110000111001100101010100100111100000110000000010000110010110000011010101110000
101100000001111000111001011011000100001011011000101101010111010000011111010111000111010101101011
111101011010010010010111100101110100000100011000101110111101001011010001111001100101000100001111
000101111010111101011110010011010111000000101101110001100111000101101110000001000111111000000101
001111100011111011111010100011101100000010101111110110101010101101000011100000011011100001101110
100000110101000010101100100011111000100110101011011000101110001011001100100110101101011010110011
100110101010101000110010001111111101110000100010001110111111001011110101011110001010100110001111
111111000000101011000010110000011001111000001111010011001001000000000111001000100010101000101010
111111001111000010100101011010110010011100101100011110001010101111001011000110010010101000110111
011111110101100011100001000100111010100110001101001011001011110101100011111010000011101010111010
000011001110100100001111001101111001000110101110111010000010010010011011111100000011101000111101
100110000010101101110011000100000110010010111111000111101011100010111111010101110110111000000010
011000010000010100110011111110110101101100111100001000111100011010101110101101001001101111011000
110011110000100010101100110110010010111000110010001111100010100101110001010111110101100110110001
011110111100101101100000010111011000001100001011101101011100101011000110000010110100010011011000
010111101101110101111101111001001010101111011010000011111000000111010100011000011010101011001001
100011010100000110000010110001100001110110010110000010100000000100011110001000011011001101000000
110100100110110011000010110011111001111100111010110100010110110001100001001100010110011010000100
001110100101101111100101011110110100101011010001100100001101101011110100011000010010011110011011
001100011111000001110000001000100110110000000001100111111101110101101000010010101000000111000111
000011110110011111110101001100001011000101011111101101110000011000111110001110110000101011110001
110000100110100010010101110000000011001000101011011111101100000011001001100101010001010011111101
100010011100000101111111010101001100000110101011100011100101110100110011000001110100011011001001
011110000111000101010100000100111111101011110000000001011111101000000011010000101111001111011100
010011010100000101111011110101101111000000000000001000000100111000111100110101011000110111011100
110101101001100001000110010101010011000111100110101001110001001101000111110110000100010000110001
001110100110000110011001001000100110010101000001101110101110101000101000110111001011011010011110
001001101100001000101100001011100111110010101110100000110101111100010011100110010010011011011011
110110101111110101101011011100101001010011101110000001000010111110010000101110101100011101111110
011010110010110000010100011000100110010110111000101010111110101000010000110001111110110001011100
011000101000001011011011011010011111000111001000111000110010010111100101001110000111110010110010
100100011001011110010010011100111101110101110010011011101010111111000101100000101110100111101011
111100001101001001100011110000111010101011101010011101000100110110011101100100101101011000001111
111001100111010001000001111100100111110011110011010011010000000110010111100010000110101010101100
010010100100111100000111101101111011010110000001011011101001010100111110000000011000001111101100
011101001010111010001001000111111110011011111001010101011100110101000110011100001010110110001110
001001110101110000011110010011111101001001001000100010110011110111011001111001010010010100100100
100111001101001000110111011011010001101011011101110100001111011111010100000010001010000110010110
011101001110011001100000100101011001011100110011000100000101011100011010101101110010001000011100
011000100000010101000111111100100101000001110111011001111001000010110100001011101100011101011001
001110010000111000011010110001100010001110001011011010000010100011101100000000100000100100100001
011101000010110100111101111110101110000111101001110100100100101010101011001110011001001111001011
001111001101010011101111111100000010000000110000101100011111100011011110000110110011101010111100
010011110001010111101000011010111100000011001111101111000001111011011010000101111000101001111010
001100101010000011100100111001101001001011101101101011100101011010100100000010011111010001010111
011100101000000111010100101011010011111000101100011000011101101111100100001001111010111010100101
100100101011111101010110101101001010000111101010111111110011011111111011100101011111110000000110
001010101001011110000110011001001101101000101101001010100110001000001101000101000001110011110001
001110001000100101000110110111001000010010111100111110010001110100110000100100011111101000111010
001001000100110011011010101000111011000110011001111001111101111000001100011100110011100000110001
101100010100001110011101101110000100010110111001110001000000101111001101000110000011011011100000
000000000011101101110111100101101101101110011110100111011101010010110100111101110110101110001101
010100010000000100010101101101110100010011100100001110110110101001111111110101000111111011100001
111111110110001011001001110000000111111000101011100100101110001011111111110111101110011010100011
100001110111011011101101000000011000001111101010110110100000100111011010100011111100101110110000
110010101110110010001111011000100101100110101110000000011100001100110110111101101101001011110000
111010000111100000001011010001111110100011011111101010011111010010111110000011001111110101100011
100110111010000010001000000000110011110101010100101111000001101000101001011111001011101101110100
000100011100111111011101100110010000111101101010011010110110101100111111011011101010111100010010
011111100100101111001110000001100111000000000011110010001011001111001011100111011111000110111001
100011101100101011110101001101100000110111111110100011001100111001111001100011001101010011000110
110101100111110110111111100011110100011110111001011000001001101010010010000011011110101110010111
010011010001000100101101010110101010111100101011010110000010011011001110110110100110010000110100
101011000011101100101101101001000011110000111010011100011100100111111111011111011100000000010100
111110111101001110010100110101101111010101111110001111011000101110011100011010111111000101101010
000111011101111100010101101110100110000000100110100111000010110000000001100010110001111101001111
110010011111111111100001000010101111110101000001110010001010001001110100110101111101100111000110
110110010101001101111001100110101010011011101101110101100100010111100101111000011010001111111101
000000110101000000110111010111011100001101011001000010001110000000111110011011100111010101011010
100111101110110010110000110100100110101000111100101100011101010001101100001111001010111110000001
101011010110111110100011111101011011001100010100010101110010101010011100010110101110110110000111
001001101101111000111110111111011001100000101110010111101001011110110110110100110111001001100101
110001100011000011101011001010110100110001100011011100011011000100010010010100000011011001111000
110101100001100100001011001111111011100110001110101111010000010100010000000001011101101111101110
001101001111001010011111111000011110111101110110110010101010001100110001000101001011010111011100
001110100001000111111111100011011001000100111111000110010101011001110000101101101010011010110001
101010100111100111010101101011010001110001011111111100001001111111011101010100111010110110001011
100001001101100001110001000001000001100000000101111000111000101101001111000001111111011101101110
010101010000111100001101000110100001000101001111010011101111000101011111000001111110000011001110
111010111001100000101000101101100011010100000010110000111100101110100111101001000101101011101111
110001110100001110010001011100000011101111011011101010100000100010000011111010100110011011000100
001110111100000010111010101001100001001111111100100111000110000111111010111100110111110100110110
000001001111000001111111100110100100001101010100101100000000011110100010100010001010010111100010
010011100000001101010011101010001101110001011111101001010010001110011000001000001001101111100110
011111110000010111111010011001000100101100110110100001101010000110100001100100101010100001011001
111101100111100101101010100011010000100000111011010111110010010011110011011010110101100010011000
110001011011010110000101001000111011110110001100101111001001111010101111011010000111011111111110
110010111100011100001110000101100001000101101011111001010111100011100100111001111010111111111010
001100101011010001010110000001001110111001001011010000001001101110001001000111111001111111110011
010110110111110110101011001000100011101101001010111111001101011101101111010000011001101101000110
010101111111010101010000110110101011001101000001011011001111101010001111011001101000101011100000
001011010100100101011111101000010111011111110110111011111101111010111010110100100000110001010010
110110111000011011000011010001011000001110011001010110111100111010100101001110110110000000011111
100110000010010010110100111101111011000001010101100001011011111010100101000001010111101010000000
011101110010011101011001101010111101001000100100100101100001111100111010001101011110000110010110
010001010001111001001100111101110110001000010110110001100110001001110110111110010010001100000010
011001011001111001010111101110100001101001110101011110100001010000100010011100100000010110100111
000111001000000101011110011111110100000100010101011001101000011000011101101101100001101010001000
010001010110100011100010111010101100110101111101110111001111110110010101000001001001010000000110
010101111000011110111110000111101100110101011100010101011000101011001101100101110000010101100000
100110011011000101101011100111001111100010101011111111101011011100111011101000001111011110100000
010110000010111011010110101100010010001100100001001000011010111010100011111001111011100111101101
001101000011010000101110011010101101011011100010001011011110010010101110011100000000101101110111
011110101110110001011010001001001101111111011011001101100010000110000010010010001001000100001011
110000101100001110111110111011011001011100011010111000010011110000101000000100010111110001111111
000000011011001000101000110111011100001101100101101100011100010001101101111011111110010111100111
010101110101011001011100001000111000010110101000011000011111001010011000010010100000011001011110
110100001101010001100001000111101011000000111111110000110011111100001000101111001101000100010000
010001100001110101101100000010110001000010000000101000001101011100011000110100100010010110000101
011001101110110111010110001111100001011010101100110101010000001001110110100110111101000111010111
111110010111001101010011011110010111111001000111011010100111001100010010011001111110011100110011
010101011111011000010110001001110100111010100101000111101111010000110100000000111110110000010110
100001111111000001001101001101011000010010011101001110100100010100001001010111001110110111111110
110110110101010101011110110111001001000111010000110111000011110101101101110001111110110011111010
101100111110011111100010001000011010101110010100111110101011110001101011011111101110010111110001
010011001100101011001111101010011100001001110000011000000100110011001001101001111001111011111010
011110110101101011110110101011111000011011001010000001001001000100101100110000001111101011011110
101100001111110111001000011101001111111010010111111010110111100011101100101111011110101010011111
011111101010110100110001011001100100101110010110001001101011001010011100110111001000101110001001
001010101000101110110100100101110100000110011100101000011100110001111000011011111010101000010111
101010001010010110001011000111110110101001111000000010010101011011110001011010100111110011011100
111111000001010000111010100110001000011111100011000000100101011000101000000001011100101110100101
010000111100000111101000101000100010100011000001100001100001110001010011001110010011100101001001
010010001110001100101110110000110110001110000100010111001001010111100111110110001010000011011011
010101011011101011001001111110000101111001000001000011101010100101111010111001110101011110110110
001110000001100000101100100100010111101010010101000001001111110000111101001100101100000010001101
101111111101000010000000001011101000001001000111010000100001011111100100011001001100111100001101
010110001101000010001010101111110011000110100100110101111100011001110101011011000001011100101110
110110011111010001011010001100110101010011101110111000010011001010100111101101000101100011011111
010101100100100110000100111110010010001011011100111100110011100100111101010100000010100001000110
010010010111011000111111011011111101000000110111101111101000110100010001110110011011000101100110
000100110111001011111001110011010011101101011100011000001100000000011001111100011101000000110110
111101110111111100000010000011100000111111010011010101001100010001101100010100101011000111000011
001000000111010101101001110000010001000101011110000001101010010011101100010100110001100011010001
100100101011100000101110001110001110101010101010110000111010111110010011001000100000110100111101
111011101110001110110110001010101110000011110010001001001011110001101011110100101110101111000110
001100010100001001001010111010011011010110000010101001111110001000100110010100101111100101111000
110000101010100010110000010001000110011110111111111000010010101110100101100011011001011111111001
101001111110111001010010100001000100101111111100011010100011110001001100000111000110001010011000
010011101111110111001010010100100011010111011011101100001110100011011100100010110100101100101100
011011101110100110000101100100000001101001001011100011110001000000111000101100000001001001000111
101110011110111100111111010100010000011011001011111111111001011010111001010100011100111010011000
011111110010101100011111100010111110011110100001000101111111010111111011111110101100000001000001
001010011001001100011111001101100000001001001001000001111000001101011101110110111011010110101000
001111011111010101100101101100100011010110001010100001000100001100000000111010011110100100001111
000110111000110110000101100101110010001100110000000011000111110100101100101001101100000101010011
111100100101100011111001010110101001110100110100110101001101101000110001110101001010011001000110
101101100000110001111001001100010001111101011111010100100000110001010100111110010001100101100100
010010011110101000001001010110010111001111101001010010101000100000001000001111101010001011001000
100000101010001011001011011110010110111101101001010110011100001000011011111000111011001000111010
001001111010010010111000001011011011010111110001011000111101101011101110100000010001111000001111
011000100111001011001001110110000100101000010111100111010100101011010100110000101010100000101011
100000010011101011110111101011001110000000000110110101101001000010110101010000111110001011100001
000110110110000100001110001010000110110100111010101100001000010011111110001111000111010101101110
000100111001100010111000010110001000101010100111011111011001100000001101010001000110011101111010
001000111101101011000001100001101100001000000101011001110010100010000110010011111101001110011001
011010100001110001110101101110001110010011101100100000000110010111010101111000110000111011101001
000110001011001000001111110111001011111111110011010111010010111000110100011100000110111100110100
111101001000001101011111001101110010000100111011101011011111111101010010000011101100010111000010
101000110101101110001101001011010011101001111101101000110101010111010001100110010000001110110000
100011101111100110100001101001001010010000000100110110001100100100100101000101011011010001001101
100111010000110011010110110100001100001100110111110101101101101011000101101000110000001110111111
101100010001011011011111100001000110011001111011001011110011000101100000111100110100001100110110
100011101011011010010001011100111100010101000101101001000011000100011001100001000100001111000110
111011111001000100000010000110111110111100110010111011011000101111101010100101001110000000001000
101010001110001001001111101001100011001110000010100010101101001101101011001110010011110011010001
110110011001110000111011100010101110000001110010100110000000100010100001111010001101011011110010
100011110100101001000011001010100010010110100010101111001001101100011001000000100001001110011110
101110010001101011101000011000110010101101000010101100111110001111100110011001011100100100001100
101000010011101000101101001010100011110110000001101010110000001111010111100110110001001101110011
011111000100101100111100101001001010000101111010000001011010011010011011111100100100101110000000
100000011110011101100001000110101101111001111000001110101011001100000110100111101100111110111100
011000010111101001001010101100011111101100010010101000001101010011011110011011111001100111100011
111100111101110000001011101111011011110010101100011010110111110000010100100110000011110011011000
010011100100100010000110001000011000000011011000001000100100000101000000010010011110101111010011
011111001100000100101011010100001110110001110110000011111000101100001111011110000010001011010100
101110011111110010111100111100100111110010001101001000000111000110011101110010011110000111000011
111101011011010011101101010100011010001000100110101111001101111011111101111110110010011011011101
011001010000111000011101010000100000100110001001111111001001011110001001010011000110101110000000
010000100010000111100000110111110100001110010010000001000101001100101000011101111100100110000011
000010000011111110110111001101001010100001001111000101100101010001100000111111010111111000011010
100101110000010111010011111000000101100111100000111010110100011111011000111011101111110101101000
110101010100110100101000001001001011110111111100011100111010010111010001000011100010010110001101
100001011001101110100110110001101011110010111111111001100001010010011010101100111110100010001000
111100000000101101000010110010110110001111001010001001110111001011101100011110111101111000101101
010000101111111010001110100011001001100110011000000011110001111001101101100111100010100001110001
101110001110110010011101011110100001011010110111110111101101101110111000010011111000001000010001
010101100011111000001000000110101101100000111011100101110010111000101001100010000001110111011001
001010111001100001001011000111100001110101100101100011111001101110111111000101110111001011001010
011001100010100011011111100011001100011100100100011110110001100110111000100110001011010111111100
011101100011110110101010011011010010011001011011111111111100111100110101001011100000110111101000
111000000100100100001011110011000110110100111011000010011111111100010010010010000011000110111100
011100001011101001111111101001000001010011011000001010111001011101101000000101011110000111101000
101001100010010001001001001111010111001100110011100000011110000000000001100010000101011001111010
101111101011111100001001111110111111110101001101101100001101111110101000000000110011010101010001
100100011100111010110101111100010111001101011111001100100111001111111001001011001010001011010000
101000000110110110101100110001000001110011110010011100110101111101011101110110111111110011001001
111110100101110110000010101111001111010101010101101111011101100010111100010000111001011010010011
001101110100011111010110100000100000000001101111100100000011110101100011111001000111010001100011
100101111100011000011011110000010000101100000101000011110101110001010000110000000011011110100110
101100001101010111001100010101100111100111010110001001001110110111000100000100001010001000011101
001010101010000010011000101110110010110011111111011100001101101000011010010000011000010000001111
100101010100001111101011101000000010101001100110110000011110110001011101110011001001100110100010
110000000100110101011010111010000111110000011010101001101110110001100100110011010001100000110000
010110110111010000100101110111001011110111000101011110001110001110101001010110101011100011101000
000111010101010000101101111110101001001100101001000100011110100000010010011001101000111100101111
110101000110001111111101000100100010010010110100001000001010001100000011001111001101100001111100
011101011101100111001011111110101110100000100000011100010100110011010111110110001000110110001001
000111100001011011000011101111101001111101100101000111001001110000011111000110010111100010010101
010101001000000011111011011010101101100100000101010100001011000101101011011111110101000011011001
001100001010010111100000101111110101011110011111011101000100000101000001101110000000010001011100
111111010101111110101001110101001101000101000101100011111101010010000100011100111111011001111100
001010101101111010101011101101101010101101001000001010110001111111111101001000011001101101010001
101011010000011000001010011011000011101101011101101001111001110010000000001000001010111101111011
111001010001100001101001111101101110001000000011010101100110000010010011011001101000010010101010
111100111000110011010000000011010110101011111100011110111100001100000111111011010000100110001110
001100111110100100111010010100000010101000010010010110000000110101010101001001011000111000101110
011110001001111100010000110011101111001100100100011101110010100011001010101101100101000011100101
010100011000100100111000111101011001101000010100001011000001111010010000110000001010010010110011
000101011010001110000001011010001000100001111110111000111110010100010011101001010001110111110000
000111011110000111111010010011111110101000111101101101011111110101011010001101000111011000100111
100001011011011111010000000011011100010111111100100010000111011110101101001110101111010011001101
110101101001001101010101111001111001101000000111000010011000101111111111001101010100010110001110
000001100010111111000110010100110111010111110101000000111110110110111011100001011100100101001001
010000010011100011100110001001000010100010100101011101000110010101011001001111010110011101000111
101000101110111011000111011011100010101110110111101101011111110000110000101110000101000010111110
000010001011010000111100111110110000100110001010110111101110101011010011100001111101100101100100
101001111011101110011010110011100101110011010000010011101111100101001000001010011110100111010111
111010000001101101100011000001111110011101011100011100001110100000110010000011010010111100100111
110001000011100110100110010000000011010010101001101111000001000110110000110011101001101001000101
110010011110011000000111000010011100100011100001101000001001110000111011000111111101101001010101
001111000000101110001110001111110011011000000111010110011110000110011111111001000000110111111000
111000100000011011010100110001110011101111010011101001101101111100100100011100111110010101000011
001010011101100100000110010001001101000111010110111011110010000000001100010001011001101101001010
111100101000011100010101010010110000110110010010011000000101011100000001000010011101001001100010
000001101101011100110110101111111110011000110110111001111111111100100111001100000001010101000111
100101010111001110110011011001100001101111110101010001110100111101000010111011111100101100010101
001101110001110111011000010010110111101111010101111101111000010111010000010001111011100100110110
001010011000011100000000100000001000000011111111101000011110100001101101010010000110101010111010
100000001100011101010010101001100110111100101101101011001010110000000001000011110110110110101000
010011001010010100100001011100111101101110010011100010010000101100100010101110101100010010010010
111001110100101110010101011000001010111110110011011010000100000010001000011010010001110000001010
100011110010110100101111101001100001101111000101101011111000000011100100001000000111111001010011
101101101010010110101101101100010100100010010010001000110101001111100011011110110111010000101110
111000010011010111111011000100110110001100101100000101100010100000101100001000000011000011111110
011011011101000000011001011010100100101110001000100100111010000110110100111000111100001111001101
000101001011011010010010011101100111010110101010101000101101011011111001111100000000011010010110
111011000011111111001011001010001111011110110101110110100100010101011011000100110010001110101011
000100110010000011111101000001011010100011111111100010111101001010110001011010110101001101100011
100010000001010100000100001110111010110101100010000100000011001000100000110111111001100111000110
101110100001100011011100000101011101110000101101100101101111111011001110110111111011110011111001
100011101001110000110100100011110010010100010110010101110000101111100110001010110000111101000101
000011010001010000101000001110110110111000000100110101000101011011110001111100111000111110001110
010101010101110011101111011100100000111001011100111011101111111011110010011110001111000100010000
111001010000110110111011110100100011000011010100011010010001110001001111100111011111011100100001
001001000101011101111010110100110001100101001110001101100100010110011100111100010000111010000101
011011100000110010011110101110011111001010101000101110100000111000011110100111011100111010110100
101010110100101111000110000110101000111111110110111111101110001101111110011110110110111111001101
111100001010101110101111000110100010000011011000000000110001010100010010000011011110011110111100
001111011001101000001110100011011001110001101000010011000000111100011010111010100001000001010011
100000111111011001000101110010000110011010000001011010100110101011010001100110101100110101000111
000010001010011100110000111101001001110111111011111011000011101100100001101101000001010011100101
001101010010101011100110111000001000111000001100011100010010011010011101010000110111010000010011
001101110011111000010001010110011110001000111111101110011010000100000011000110001001010000011001
111110011111001010011110011001111010111101111101010111100011010000001000100010000101110100110100
000010111011101101100100110111010000010011111111110011110110110100000010101101000011010011000101
000101011101111010110001111010001000011110110000101001110100011000011101110101101000010001000111
010001111101010100011100111001000010010111100111001101011001010010001110111111011110001000100100
000000011100100111000101110001100101001100111001010100010110001011111111010101110111100000010010
010110111111101111111010101001101110111011011101101000100001111100100011111101111011001111110000
100110111111001101010001001100000110111101101010100111110010110111001110001010101001100010010001
101111011000110000100110110100001011010010110011000000001100101100110100001000011000000100110110
101100111011111101010011110011000011011101111100100110100010110000110100110000011111100111101011
110111110111111101001010011010100111010101001011100010111001001001001011111001111111011001100001
000110001001111100001111110100010000111111010111111010101110111100011111001101000010101100111100
010110111110010001010010100111011011000011101100111011110010111111111110110101100111110001100011
111101111101101110110111110110011111100000010010010010110000000011111101100000010000111011101100
100100011001100001000111001100111010111101001000010110110001011111111110110000011010010011100000
111000011100111110100011011001111111111111110111110000110101111111111111011111001000111010111101
000011100111110000110011010101111010111010001010111000001100110101011010010100101100010001010000
110111111010110110000101111110111101011101001100001111110010010110001110110110000101001000101111
010011110100110001111011010000101001110010000001100100010010110110000100001100010100101000110011
010010011001001110111110111001110110001000100010000001010101010101010110111011000000001100110001
101101100101101000011000011100111010000011010001000101000111100111001101010101100010001000000000
011000110010111100101001000000011111010000010000000101000100110100011000010011011110111011011000
000000011011110110011100010110000011111000011101010101101011111100001110101001000101100111011101
110101011000011111010101011011001100000010101111010000010000011101011000100110000011011111011101
010101011001110111001110000000111011011001000101111010110100010111011100000000011000010000010100
001000111011011011000101100110111110101111000010100110001101100111010111101000101100101100101011
111100110111111011110011101101001001101001010001100101111010000110001011101001001010101010111101
111010111110101110010111100111000010011000001100010011010010100110010001010001001110111000000011
001000010010100000110100010111101000110011000111110010101101100010110010001000010101001110100101
110101010111101001100100111111001110110001011010011000010000100010101100111010001001111001000111
100010101110011111010101000110100011000100101000011100001110110111100001001100000110110010011001
101100100001111100100001011111100100101101000001011111000101100000111110111001011110101001100101
001111010010110000111100110100101111100101101111101000101100010001000001111111110101110000111111
001010110100111000011001001100100001011101101110011000110111010001011001111010011111010000011110
101000111100011000100100001011010110010011100101000111001111110101000100100011001100010000110110
000011001110001110000101011000011000110111010011110001000000010101111011111000000100011000110110
100010010100110001100101010101101100001011101011010011100101010100110110010001010010101110100111
000111011001011111100011101001011100001100010110000101000000010001000111111011000011100101001011
001011001101001111010101010111110111010110111010001001100001010111011101100111101000011001111011
001111100001010000001011111001011101110111101101010100001001010101111110001001100101000000000110
010110001100011010010101011111000101010000111111110001010010001001010011111010101110110111010101
010110101011010100100010110110101000111111110010110001100011101101101101101001001010001011000101
011001111111010100011010101100011010101000111100000011101011001011101011000111011011011001010000
011010101110111110111101101001010101111111111110110011101010010000100010010101100100110110000111
110101101011011000110010111101000100011110101001011011010011000101101000100010101100100100001100
110001010011010000101100011010101100000000111000011110010000000100001010100010001111000011010000
111001001000101110010000011110100001000111110000001101111111101100100111000001111100100000001111
010001000110101001001101111111111110010011110000100111011111111010001011010010100011011111101001
001100100010001110000000011000011101011101110010010000001011100100101110101000011101001001001101
101101101111000010101101011110110111000110111101100011011001010011000100010110010001111010100010
001011001110111011110001101001100001100101100101111100001010110101101101011101101010000100010001
100011111100001010010111000100100000111111100000110010000100000001101000100101010110010100111001
100010000111010111011111000001111001011011100111101011100101010010011100100001110001101111111010
100111100110001001010100011111011110000101110101100110111000110101001111011010111000010110010111
001001000101110100111100000101100101011000111101111001000010000001001111011101110010000111000111
111100101001100111111001111010110010011010000110010001101011001010000110100011100010111010100110
101001100000110010100000100010000001001100100001000010100010111010001100101110110111001011001001
101000101010110000111000011001001101010110100011000000100011010111001111101100110011001111001010
101110011010111110000101101010000100011001010010111110101101110101110110010010101001101010001100
100001011110011101110100101011100111110010000111101011000110101110011001000010100000001010000001
000010101110100100100100011100001001111100110011000010010001111001101010011101101110110110000000
101100110101100000100000011100101011110011111010100111011111101000100100000100010110100110000111
000110101101000101110001010000001000010011001000011010101010010011011000101101101111100000111111
110010011001000111101100001100100011011111000001111110010000101100010110111001000001101100000011
110010100110000100010000001010000000000100000111011000001010110111100100110010010110110001010100
111110001001011100000110111000001101000011001101110110101101100101111100001111110000001100011011
110011100001010001000010000110110110101000101100110101110101001011100111010001101000010110110100
101101011101010101101110101001010101011111001111111001101001111100000000110111101110100000011011
010010100110111111000111011000100101000110111000011100011011011000001001000010010111010011100101
001111100111001001100001001010001110000101111101101101011011000000111111110100110010010101011101
111010110111000101010000110110100111110101101000010101000100000111001010110000110100010100111000
010001000101001101011110010101001000001110110110110100010111011101001100000111111011110010101001
010110110100000101001110011101010101000011011000110100110111000001110000100110001110011100111101
110101010001110011111011100011101010100101000000011010101100110010101101101010101100100001011000
001111001100100111101100000011001100101001000101110110111011100011111110010010001010101001110010
010001100001001101101000111000110101101011110111101000001100000010001101101110000101000010001110
111111101100101111000111011011001010000101000010000011111111100110101111011000000111110111111001
111011110000010010101010010111110111010101101011111000001110100011110100001010010000100001011101
101101110110011000101001010110001110000101110011011010110110110010101110011100100101110001001100
100101010101101000110101101011010110111101111011110110110100110010000111011011111000100010101001
011000010101100000111000000010110100000000110100011100111101111100111000001111001110111110010001
110101001001101100001110011011111000010100000000010101101011100111000100110000010011111100111111
000011010001101100011001010100010101100100110001011100110010010011111100110100111010100011101011
011111001101110000100011101100111010010100010001110101001111000001100000100011001111010010000101
010010101110001011110001000101110011010100010110000010000110000100010111000110110111100111011100
101111010001011010111101001011010011111000011101011110111000100100010111010101010111000010100100
011101001100000101101100101110011110111011111101100000110111111101100101110001010101101100011101
001100110011101110000100111011101010111011111000110110001001001001010011000011110111101010010111
001011101101001000010110010100111000100001110100101001111110001001001110101000000111101100111111
000011100111001001011011000111101011111010011001100111100110010001100110111001001100001000111011
111000010111001000101111010010100100010110101100001011110111011011011011100100011000001011000000
111111101010001100000100100111000111011100110011011100011101001111111010111010001000111010110101
011001001100111001011101010100010001111110010110000000101110110000111111001011101011100111101010
111011010001101111101111011100000100010001000010101010000101110011000011001001110010000011000101
100011001111011001100011010011101101010110100101111100110101100011000011111011110111010110011010
110101010101111011100110001011111100010110101001010100101100001100110110110000001110110100101101
011010001000000011001101010110100100001001101111100100110001010001100111110101100011011111110000
110100110000101111000011110111011111001000101101101011110101011001110001110001001001011101111000
001000100110011001011001001001000001010011011001110001111011010011010101011101110011000011000000
000000000101000101100000010101010110110100001100001101000111010101110101011100110100100010001001
001101001011000010000010010011001010001001100010001110110001011000101011100110000100100001101100
011000010000100011101011100110001000010110011010111001101000100111001011101101110001010100101010
100111101101100010000011010001011111100100101111000010011000001100001001101111001000101011010010
101101001011101110100110001110101011000111010100011110001000100101101111100111111001100011010111
110100001110011010111101000110100010011110101010000100000101101001111111000110100000110101111101
011000001000000000101111100101010000001011110110110000000001000000101101001011011111000000001011
010010100011101011010111100100001101110001010011111011011011110010100001100111111011111101111001
001011010111000000011010000001010000011011000011100001101001100000001101100110011001011000111011
111111111110000100100111010111101101000000001001100000101001110001110110001100101101001110110111
100110011001000011110000110111011110001110000000011011111100101000100001001111010111010100100100
111110000000011010011110100010110111110100110111101000011110011010110101011111010001010110001111
000110110100010111010111110111101001011001001100101010000110000001001011011110000000111111110000
000000001011100111111000100101100111111001011110011111010001010111110001110011001001001001001010
100111111101001110000101001101110111010101010110101010001100111111110100101101101110100101110010
011000100110011100110111100100111011010111100101111101111101110110011101101111011010111000110000
011100010101111001101001010010011000010110000111111000001011001101101111011011010100100110011100
111100110001100110111101100101000101000010100101010110101011110100101110011000110101110100111001
001001010011000110101011010110010101010000110010110011001100100101101110111101000001010011011001
110111101111000111001101100000000011010000110011001101010000010101001011110001011001011101010101
101010101100111101011010100110101010100011001101111011111111100011010100111011111010000100011000
111111111110100100111001110000001111111110100100101110110111010011100000001011001010111111001011
111011001111100110011111010100111110110100110100000000101100100011110100111110100011101000000010
100100111110000010011000101010100011110110010101110010001101000010100000111101101101000010100101
000010001000100011011000101101111000111011100101111011110101011011011100110110101011110100000110
010101011010000101110110001000110010001000011110110111111000110110101111110000111011111010101101
100010000010011000101011001010010101011000110000011110000100110011011011000001001110011010110100
000101101100010001001000000000101011100001101111011110111010101100011011111010011111001011010101
011110011011101010011010100000000100100101001011001101000010100111010111001000100011100001010100
011010111011001101001111011100001111110011010111010111111110001110000111101011011010010010110010
010111000001000110000001100011110010110011111000011110011011000100011100001011000010011100101001
101011010100011101111111011010010001111101010011000110111011011100101100011111000000010000001000
010010001101101111100010010110110001010001110100100110111111010000100001001100110111110100011100
101001010101000001101001100001100101100101111000011101000111000101110101100111001110100100100101
110100010100101100101010111010011101111010110010000000001011011000001100101010001000110111011001
100010011001001010100100111110110111100111100110100101111010100010111111011100100000011110110000
111001110101111101100110101110010000001000101011001111100110111001001010110001001000100000111101
011011100101100000011000000001101000011111011000000111101010001001010100001000111111111010101100
010011110011010001010010110011010000111010000000101110101011111111111010110101100110100100111110
110010010101111101001001001101110101111110000011101110110100101011001100101010011110001011101110
111011100011010110101110100100010100110100110110000101000010111111100111101010000100100100001000
111101110001111001110001100001001100101000011000101110110011111100000011110001110000000010111100
100010111101110101100111011100110011010101001000111010011001010111101110100010000011100000100000
001000001010100100100000000111001011000110000011010101000110000011000000000111000010100110010111
100001111000110010010011100101000100010010101001101000000010101011011000010011010111000101010110
000000011110001010000110001111101110011010111001101110000111101010010100110110110000000010101001
110110111000101101100011101110010110000001111000111011100001010110101111111110010010100010110010
010010110101111011100110001010101011110000111010011111001111011010010100101010101100010010110111
001010110100001000101000001101011101111010100100111000010000100101100101100010011100101000011010
111100010011000001110101000011101001110110101110011010000000111111101000011110101111100000100111
000010100111010000111011011010000001110001110111101011111110111010110011110110010100111000101101
111100101000010010011101100001000010001010000010000100101101101110000001011110011001000000001100
001111111100100011111001000110000110110101110010101111000110001101101011111111100001011100100011
011111010111001011100001001011011110110000000100111100100011101010000110100000010011010010101101
011000010001110001011111101011000010100001010000010010001011111000001100011001100000011110000010
000101001000010000110010011010101010100011000001010001011011010110010001111100111010011111001000
100010000011010011101111100100111000010110101000111101010110100000101111111001010111011011000101
011010001011010110111001111000100100111001010010101001111110011010010000010110010011110001010100
001111100000110001011000010110101101000011011101011011011010110110011110011000011010101001110001
011000101001011101000110000000000100001000100000101110010110011011011000110101100100001100010010
110100000011000100100101101010111010100100101100000000001001000110110101110101000000010000001100
010000011011010000010001100011000010111001011001000101110101000110010111100001100111110011111101
101000111110101101111111110010100110100011000011011011010010101000100010100110100110001111001111
101100111000010111001001011000111000011100001110001101110000010000101010001000110010100110001011
101011110110011101010101110100100100111000110001001000101111011010111010101100101111101111100111
010110111001011001101010011100110101101110000001011101101010101100001011001010001100001110010111
101101000111101011000010100111010001100011001110101001011011010110010011010100000111000010101010
011110000010010001001110101110001000110001011111111001101111101000110100010101001111101001011110
101100111001011011101100011101101011001010010111010100100001100111101100001001110000001111101101
110101110110000001111011110110111111101010000101101000101111010011011001010011111101011000010000
000111001011000110111010111001010110000101100110000100101101110111001011110001001110110100000111
011100100110100110000010101010000110100001010100010001011001011111011100110111111011000101001110
000010110000010000010101001000010000000001001000001100100101001111100001111100110011000110111000
110001010011011011101010100101001111111111110111110001110001001000100000010000010101001111100011
011000011100010000110010010101001100001101011011010000011010011011101100000001000001101111111011
101100000011111100000101011001010100001011000100110110001101010100011100100011001001001111010000
110100010000110011101100110011110110010100010110011010010110010111100110111001010101010000111011
001100011010111010110111000111011010110100001001010100111000101000001111100111101001001010001010
100111100000000010010101111011101000000110101111000110110000101100111010011111101001010010111110
101000110101100011110101100000000100101110111110101101100001101110110010110010111110000100001100
000000100010011001110010001101101111111101010011011011101101111010011011101101011010111111001000
001100101101111000100001100111000100001101001000101110000111000101100001001110001010100000110110
100101101101100010011001010101110111000010111010100110101011111001110100011110111100100010011111
001000010100001111010110111110110111100010011010011111111101100010100000000011001111101111010110
010101001111000010001001011100110110111100101010101111111100110010101101000111001010000001011000
001101111101000010001101001011101000011000101011011011000001000101001010010101100000000000101001
111111000111110001001110100010010000111011000011100111000010101001000001100011010101001100110011
111100001110100010010101101000111111101111101010111101000101001001010101010110011010000011011101
011010111110111110010010000110010011010001000010100001101101010001100110011101000000100011011111
110010100000100000110001000110100111010011111010010101110101011101000110110110100100110010100011
000101101111011001010011111011101110001001110100011101101001001000111100110111001110000001101101
101101100110100010000100010000101111111001000001100100101001011101000001010101011110000110101111
001110111101100111110011110101110100000011110000101001011110010100000110010010001100001011101101
101011110110011001001011010000000011010101010000000101100000110000111111100110111101011110001100
000111100001100010111001011000010101110101011000001010101110011011111101010100111110010100000100
000010110001011011110101001000011001111001011001001010001000100101011101000101010011110110000011
101000000110100000110101100101001111001101111011110101000011000101101100111101100101010111000000
100110111011011110010011011111000001111100100111001011010101110111011101100100000100010011010011
100100100011111100011110011111111001101110011100001000000001100100000010001010011000010111101000
101001001000010111100000001111110001110111100100100010001110000000110000100110011000001011010010
101100001101011001000110100110001000110101011000101011110001101000010000011111011010111011000000
111101110000110111110011000101001110100010101110010100111000001111110100011100001010100110010101
110111100100010100111111000011101101111100110111111101000100110011000100101010110000001110010010
001001101001010011000100110011100110101001000010000011101000000101010011110110000111010110000101
110111110111100010010011111100000100101000010111100101000110000100000000100011010110111010000111
000100011001100101110101000111000110111011010111010110000001101010100010111101100111100001101110
001110010011000011011110110001101101110001110110100100011011000001011100011011000100101110010101
100000011111001111011111011011010100110111101010110101010100111100010110110111010101001101110111
100101101010011100100101001100001100110101011010101010101010011011001110010100001110100110100011
110010000010011001110111101100001001011111111010110000110001011011100010011011001100100010001110
111100101010111101111010000010000011110000000010001011110100101011100101010100111000000100001000
000010010111111111000001100110101100111110100100010000010010011000100111110010101101111010110101
000010111011010110000110110010011100000101111100111100101110101000001001111101111010010001010011
011001001100110010000110010111111110000101110110000011011011100001110011111011101111101100110110
011110101101000110000110010000001000001000010101001100000010010100010010101110110001000110111111
010000000101111011100010111100111010110001010000100000100110000101000101101011000000011000000101
111011010111100101011010000000011110000010011101101111010101000001100011010000000000101001100011
111011001001100100001010111001100011110101110100000110010001100110100111011100110100010011111101
101100100000001010110101010010100101011000001100100101000001010000000101111111011111101100100101
110110101000010111010011010101110010111100001001100111001001100001010011010100111110011010010101
011001111110111011010101111001010010101010010000110110000000010101010111010100011110110101011110
010100000100000100011010101100000001000101000011111100010000101010010100010110010101001101010101
101110101000100001110110001101101101000110001110101010101001111011011010110110000011101011010001
101111110111101011011101111100101001001111111011001010111010001111001011000100111110000010001101
011001011000101101010000101101001001100101101100100000001101111111001110110000101001100010111000
001111100110011010000110101001001110000110000001011100001111111100111000001011000100111000000111
001000010100011110000010110100111001010100111011101110111011011011011000110001011000111111111010
111101010011010000010011101110100000011110011100100100011101000010101010000000111011011010111111
010010011001100111111010100110001011111101011110010011100101010011111101011000100111001010101001
010110110000000001001111011110001100100000111000011011001011101011000100100101000111111010010111
010111101001111001000110100010000110010100011010010010111110010010100101010100110010100110011100
000101010001111001110010101101010111111010110010010001111111101010100111000100001001101000110101
010111011000010101111100001111101101110110111100100001100011110100111001100011110000111101001110
010011010001100100000010100001000011101011100110011111011001011001111100010011000000110101101001
110010100110111111110100000111011000100100110000111101010100011011010101110111001010111100101101
000011010111011111011001001010001001000110011111001100110000011101000100000100111101110011010110
110101000110010111001001001000010101001111111110100001000011010101011001001110000011000111010001
111011001110111000110101111010111011100010110110111010101001001101010011000001101100111000110001
101000010111110000100001110011101001001111010010001111111111101111011110101010001000100111000101
001010001101001011111100101101001001111100011010100011001100001100110010101101010001000110101001
010110110000010010000111101010011100010001010110000111111110001011011011101000001111111111111110
110010111101100000000010100100000111010001011011101000010011101011111000000011010001010010110111
100110010111111111100011000111100011100001110111111010011100001001010100110011111011000110100110
101011001010110001000111111011100101000101011110101100010011011110000111011111110111000010111110
010011100011010101011011100000110010111101011010101001110001100110000001000000010010110110100111
111101001001100100100001101100000111100001001011100111101111110011101010001101110000011101010111
000011100010111101111011010100011000101011111101010100111100011011000100000110001011100011001101
001010010000000010000011110111111011011110110000010000110001111010001100000100111101111011000101
111000011001001111111111110110001100001101000111111111010111101010001111000000011100001111110000
101011110110001000011100100000100111011110011101000000001000001101110001111110010001011011010101
000101100111001010001010000011110101011101101100010010011001111001001101111101110110001011111101
101111000001001101011011101100010111101110000111110011001001000101110101011111100110110111000000
101101010101001001000100100000111111010101101110011001111111111111110010100000100100011101110001
110011111100001101100001100010101110000100100111111111110010100011011100111110001111011010111001
100110110000101100001000100110010100101001100110110110000101001010010100110011111001101110110101
101010110100101010100010101011101101011100110010110001111101111101110111011100110101000001110011
101001011111110001000010000100000011101001001000110011100011001100011100000101001001000011111110
110001000100001110001100000010100110110101000100011110101100001110010110110111101010100001011101
011111101101001101101011001001111010000010010101010100100110111111110100111011011000110101010010
100001011001101011010011111010100111001001101101110111011000010100100001100010100101111100010101
110010110111110011011110110101000111100110010011000110101011110000001111111001110111010101001110
001100100100111001011111100101000101110011000011111000010010111101110001011101110100101010100001
101101000111011011110101100001101001010111010100000101100111001000001001011001001000011001110001
010001100011000001110001100000010100010111010100001011001100000101000000100111000101110100011000
011110110001101000110100111111111000110101101011011010110001100011101001000001001010100111100010
001101110001010011100101111111010011011010011010100110001011010100101010001010111111000010001001
001100000110000001101110100011000000010110110000000100110010100001111110011001000010110011000110
100001011000000000100101000011111110110001101000000101110110110111111010011011001011100111110000
110100110111010011001111111001010011000010011100011111000010001000101010100000101100111011010100
000111011010000100100000110111010101010101011110101011111110001110011011111110101110000110011011
010001111101111100001111111011001011001100110001111100101011010000111100001111001000110100100011
001111111101100111100111101011010101101011100111010001101000010111100100111110111000011111001101
100101001001011110000111000111001101000010010111001111111001100010001011100111111001101100010100
001111001101010100100110000001000010001001011110000101111101101111001110010000000000000110001101
010111110011111011000101001111110100011111011010010100001000010000111001001011100110000010110101
000000100110001010000101110111011100101111011010011001110101011111110011010100111101000011001101
110000110100000010001101001001010111001100000100010000100111011110011111010111111111111001001100
010001001010100010001001011100000100101100101111100110000100110000111010001000110011000100101100
111010011000000110010111001111011010111000000110111000010111001111101111000010100111011110111000
110110010000000110011011000100110010000001101001101010110011001110000110001010111101000100001000
001010000000111011001011101100111111110100100111111001101011110010111111000001010000110001110100
100000010111000111011001100001011011000000001011011001011100011110110110001010111001110111101000
000011111110111110011010111110010100010110110100110100010000011000101100010111100111100110011000
110111001100011101111011100111010010001101001111000000010010111101110000110101000010111111111010
100010110110111101001101001111100101000100000100101111001001000010101100111111110101010011110011
000010101100110011001001110011100001000101000011011110100001001100100101010011110001010000010000
111111011111111001111001100110010111001101000101000000000101101111100001101011110101100101000001
101100000011010101011011010001111100111001110001111110111011010101011111110011111001010100111001
100010110000100011110010001111100100010010001101101011111001100000001100111000001000111011101111
101110111010111110011011000011110000010010011000111001101011100000000001011001001000010011010100
010001110010110010011100011000111110000101001111100001001101001100100010100111101111010110111010
101001000101111111001000101110101110010001010100010101101110000110000101000010111110101110111001
000001000110001000001100100011011110011111111101001011111011101110011101101111010110010000111001
100001101100110011011111111110110110001111110001010000000001111101000010101000000111110100111000
100000011011010000100000100000010111100110111110111001100101011010101001110111010111110011010011
111010000001000001011000010000100011100001010010010010100100110110101001011010100111110101110001
011101100010001110011111011110011100110001111100001001101111010001110000001010000111111111101111
001010100100010001000010010100100000010001101001111101011001000110011010111010000100011100110111
010100110010101001011111101001001111100011101101101001000001001101101101010111000100100101111110
001010010101011101101001111100100011101001011010110101011001000010010101000101111010010000101110
111110111000100100010011111110000100000001111010111111001001011101100101110110111100011111011111
111101010110010110111100100111010111011110001101101111010110110010011011001010010000110011000111
011101001111111101001011010010011000100011101100011110010101100111100101111101100010010101111110
001000000001011010110111110100111011101000110111110001111111111101101100010011010101000111111101
010100000100000111010010000011110110101011000001111010011101110101000001111000000111000111110110
111000100111101101000011000000011111100110011011110001101010110011011011001111101010111111101110
011101011010000011000110110011100110101000100111000111101000111010110101111010100010110100100111
111111101010011001010000101110001010000001011111111011101100111101101100011111110011111001000000
111100011111100110100111101101111010111011010111011110110000110111100011100001100110110010011111
001100010111111011011110100101010111101011111001101100000011101000111001010010110110111000011011
111000100001011101011010001010101011000101010110111001101001111100110011100111001001110001011000
101110101010100011100110000001000110011111011110000110000101011100111100010011000010111100000100
100001110100111111000000000100010000100011110000000101000010101011100100011100110011111000000000
101001110000100100011011111011011100000101000011000110110101110010010000001101001011100011001111
000100100001000001110110001100101100010101111011100001001110001100000111101101110110111100100110
001111000100110101010000000010000110010011011011111011110101101010001110110001010110000100001001
001111001011110101111110010011100001001100011101001100001100111110000100011001000010011100011001
001100001000111101000110000101011111100001001101011101101110110011100000000001111100001100001101
110100010011111001100001100001100001110011111000010000001101010111101000000011110010110100110101
111111010001011111001100110100111101100100000111011100100100000000000111011111111010110000101100
110101010101101001100100010101001010000001110101010101100110010110101110100011000000010101001110
100100111111100011011100101110010110011101001011001010000011101010011111001001011010101100100000
101010101000101101101110010111001010010010101010010000000111111001011101101111111001100101100110
100100101110000011110010010101001000011000000010000101100000011000001000101010110011111110100001
010011101000101000100001100000110010010001111010001100111000011011100010010111010111010011110110
100001110110100111011110111100100010100000100010011000001010101111010001000101101001111101011111
111110101100111010000001101000111101101001001111111001110001111001011110010001010001111001001010
111011011110010010000000110010100000001100110010000010010010110000000000100111010111010011110110
111101001101111011100110010000001011111010101010010010101001101101110000010100000101000100011011
110110101011110101101011000001000110110010110100001001000000110101100011100111010110101011001111
110000100010100111010101011101001110101110000111011100101100111000010010000001111011000111000110
000111101101110111000111011101111000001010100010001110001101111001110010010100000110111001000000
010100110100101100010110110001110010000100001000110000111000001011100010010101111100101000000101
111100101101000100110000101111111011011101010011100011110110000010100100101111000000010110000101
001010110000011100101100110101111111000000111110001011010110010101000010010010110011111100010000
100111111101100100011101001001100111101100010111011010011001110001111001010111101011001000111100
011000011010110111010011111001010110111111000111100101111001011000011100001010110100000011110110
100001110111110010101101101100100110110100000101010000110100111011110001011001110111001000110100
110100110101100101101000111100100100010001010010110000111100011100111001010111110110111001111001
011010101111011010011010110000001110000100011010000011111010110010100111011011010100001110100111
100111101100001010001010100001000110101011110011110011010010010010011111011010111001110001010110
110010001010000001100011001010011010111100000101101111110110100111011000110011010011000100111010
101010010000001001101100101101001111100010100000000011110100001011100000000001101101100111010100
111010111100110111100100110111100100010001101110011010011111010010001111011100101100100110100010
100011111000010110110100111010111010011001010100001001110001001000011100100110001000110111101111
100100101010011001100000000101111000101100001010000110110000011000010000001101110111101110110101
010010100111010001010110100111010110000010111110101010000010110010010000110111101101000010011110
111000000011011000010001111010011110010000110111110011001011000101010010101111111010001101000010
110000111111010101011000110110000111001111111000110110011100100010101001110111000110100111101000
011010000101100101100000001010000001000101100101111100111000111000001011001111110111100001010011
110000010000011111000011000011111111010010100000000011011000100010000100110100100111110100000110
000111001000100110101010000100010101010011101001010111110001101100011000000001001101110001101101
111010000111111101011000111001110001101101100111101111011011001110011001010100011000010001000001
001101100000010111000000000001011111111000011010010101001001001011010001001111110111100011110011
010001111011101110000110110011010001010100111001011011110011001100100111010001100100000011000001
001101100001111110011000111010100100110100000111100101111101111010011101011100111101011101001100
110101011111110100110100101100001101010011011101001110001111100111111110011100111001011100010100
010001000111100110000110110101110000011110110100010100001101000001100011111101110000010001001001
111011000111101000011111101001111100001100001010111100110000011011001010101001101111100110100001
100011100010100101101001001111110010101001001111000100001110010001101111001010100001101111101100
010111111110001110101001110100010011011011101111101100111111101110111010001110111110100011011100
111010010011110011110010110011101111010010100110010100111100000010101110000110100010010010001100
100010001111001101101101101010100110101110100011011010010000010101111000101110110110110011110100
110111010011010010111110101101011000111110111011110010111110111100111000011011010010101111111001
010110111011100011100110101001100011000101011100010001001010000010100110000110001000111111110101
100001101001010110010010100010000011110101111011110010111011011001010010100111110111110010011001
110101101010011100111000100100000111000111010110101000011000110100000111111100110011101000000100
110010110101010110100111011011000011010010000110001111110011010111101001111111011011011001011001
110001001111000011011011010000110001000000001101111111001101100111000000000101111110110110100111
001111011111011100111000110010110011111001010001101101010111100001011100011000111011010000010000
011011010111111101010010001101010100101100110010010001111111111111010111100110001001011100001110
101001000011000101000011010110110101111011111001010101100111110101010100111010011111010101001000
010011001100110011110011111011011011111011110010111100100100101110000110111010111011000110010010
100000000001001110100111101001111010110100110110110011001010001010110101111111101100110011111101
010110000010000101111110011011010111000010100010010000101000000000000010110000100001101110001000
111101001110001011100110010100010100101000001101000100000001110011011000001110101011111010001011
101010011100001100001000000101100101010001010000101111111111001011010001101000011010110110101011
001111001100110101001100001000011111100110101110111011110010110111100010110100111011010000010011
110010110010110000001110101110011011001001001110100111000000111010110111000111010001110100010001
010001100000100011001001111011101100101011000001100010010110110101110100111100100100111101101100
001100100101101010100100101110001100000011010010111110010111110101000001010010000111110100101110
001010000111011000101100000000000010111100010000101010111101110001110101010010000011010001000001
100001001111100110100001010000000010011001000101111011101101110101010010110000011011111110110011
010111001000001001101111010001000111101101000110011100010000100100100100111011101000010111000110
000111010001100101011110111101001101101010100101101100011001010101101011111111000100100011001011
100000010010010101011010011110011110010100011110111001101001000000001001010010010011010000110001
000001011101000110010100000001000011010110100010110000111101110100011000111111001001000010001011
000010110001100000010101011101110011001001100001001111000100101111100101010001101101011101111000
001110110000100100111101001100100011011011101010101000101000000011111010100110011001000010100000
010010000010101001101000001110000010001101100000010111111110110010101100011111011100101110001000
100010111101110001110111011000010011001010000011111000111111010100101001000010100110101001011010
101011101101001100111101011010111101000110000001001100100010100010011010000001001000001111010001
101101110011110000101001100110111011100111110100000000110001000111111100101110110000101011011001
011101111110001011101100011110110100001000100010000110000001010101101000001100101111100010100101
011100011111110000100010100000110000011010110001101101011010000110001110000101011010101111101101
001110111000001010111101101111010001011111111111011000001100100110110110001001100100011011010010
000101001101011011111110000001111000110011100000000100100110000110011001100101101110000111101000
000100101100001010111101111110111101100101000000011111010011000111110101111010100000010010111110
010010110001111110000111110000110101000000111101100110111111001011010110100110111010100001010000
111010011111000110110111001111011111110001110011111101111101010101111101101010101011011010001100
110011011100110000000001010000011011101100111110110100001100000000111100100011100111010010111101
001111110100000010010000001000110101101011100101110101011111010110111100111101111010000000101110
011101010110010101000110100110110011110100011111100010111101111111000110001010101100101101110011
111101001110101100110000100110111100001101110101000011011110011001111111011001101000011101010100
100001000001010101000011001110110101111001000110011100001000100000111101111100110111101000001101
001101010101010101100110110101001011101011011011010000001111001001010110110010001000000000010100
011111010110010110111101110000011001110000011001001101001100010101010111111110001110111000001011
