101111011111001111011101111000101011001010000101011001101110111010110100100110101010100001101111
101011101000000100011011010110101001101010100111000111011010010111000000101110011001111010111110
011010001111001111100010011010100000010011011100001001011011101101101010100011010110001110100001
110100111000001010111101110101101100011010011001111101101010000100100011000111100011101100101011
101110000110001100010101100111001110010010110101111101010100100000101010001101101000101011101110
011010001111011101101100101101110011001110100100010110110010100010010110000111000110100010011010
101000111101110000110100100000000100101111110110010000100001001010000100011010001001100011101001
001011010111100111000000100011000000111100110010100110010110100111111010111011000000011101111110
111111101111010110111101001001100110111110101000110001010001001100011001110010111001011011101110
110010010011111111110110110010100010001111110010110001101110100101001000011101111101010000011111
010101001111001011011111111000000100110110000000001111110010000010101011111100110111111100110000
111101010100010011000111011010011100111111010111100110011100011110101111111011100010011010011101
100110100101110001101111000011101101110010000101000100110010110111100111010000111100101100011101
101000100101011001001000100000101001010101010100110101010011010111001100101011011100000110101111
100010100110011011010111101100010011101111001111101111110011111000001110101101010010101111111110
001011011000011110100000110000000010101110111111100110100001011000000010011110001000011110001101
110111001111001101011010101101011100101011011100001100100111001010110010001111101010001101101010
001000110101001110011000100000101001011010111100001011011100000011100110100111011000101000100111
111010101000101110101111001001000010111001010111010011111100010111010010000000111000010100101010
101101000111100111011000100111110011011110101101011001101001101001110110101101100001101011001110
111111110010100010101111010111011000010110101101111110010100110000101011101001011001101110100101
101011100111110100011010110101000101001111000011110111011101001110000011111000001001101000101010
110111011011100011111101011000000000100010001101001100000000100000011110000110111001011100100000
111101100001110011101110001101100010100110011110010001010111000010110000110011101110011101000010
001001011000100101001001101000100000111100110011001100000000010101111101000010100001100010001001
010100011001111001101011110010110001111111010010100001110001110001000111100110001010101111101001
111000010100101110110001000011000110011101001100010011011101100110011111100000100110101100001000
001011100010011100100111000000011100000101101000011111110011000111010101001110001110100101010110
000001011011010111011001101100001110011010110101100100001100001111100000000100101101100100100101
011101011010101010110001000101011101011001011000001011100111111111000010010101011110000001000111
001101001110110111111111010101001001101111111111111111011011001110010101000000001011010101011011
111000011110010001011111000000010000010101110101111101110101010110010101011001111010010101011111
101000000100000011001110001110100111100111011110111100111000000001001100001111111000110011001010
000101011000111100100010000010011001111011100010000011101100110001111100100010000111001000100111
111010010001111001111011001110100100010011010110110010001010001011010110101111110110011111000000
001000010100100100110001110010111101011100110011011001101111100010100110011000110100100110001010
110011101111111010000001000010001111111000010010000101010111001010001111000001111111111011110111
000010001111100000010101111010010000001000111011100100011001100101011011010010011100000000111010
000111001010100101000000110010101101011011100111010011100000111100011001000000111101111001000010
001100111100011110110011100111011110101111101110010000011001111001011110010101001001001011100000
110010011011010100110100101000000010111101001111110000000111000000000100011110001110011011101111
100010100111100001111101010010110000110110101011111110010101101000001011101101110111110101000001
010110001101110011011001101001110111100000010011100111010001101111110011000000010010101000001100
100111110101001111001101110001111001011101000110011011100010000010000010110011110000010110100110
111110110010100000110100010001010100001000010100111100100110110000001000110110011110010110011111
000101001101010001000110100001011100110110111010101100000011001101000000100011110001101011010000
101101111000011101110110010100110100000011101101010110100001110000011101110000010100111110101011
110010011000111011000001010010000111010011000111000101010100000101110010011001100000111111000111
000010010101001011010000111101110010110111101010100000110110111001000110001010001101111011110000
010111010001011011000110100010111100101110011001011011100110100011011011111001111011001000100101
000000101100100000011000011011101110000110110111011110110111101111010000111000000001011111100011
000101010110100000000101101001100000110110001110101001101100111011110111001110010001110110101110
011011010001101010010000001111001111101001001011001101010110011011001110110110111100011001001011
010110111010011001100011110101010101100100101011010110110000000001100110011011000000101010001000
001000001101000110010001011101110011101100111010101101101011001100111100001111110001011011011011
011101101001010101100000011010101010000011001000100011000101100001111000110100010000011000000000
011101010000000100101110000011001110000001100101110010111100000100101000001111100100111000001100
101101011000111101001010011011011110010000110000011100010011101111011110100001101001000100100011
000001011111111100011101100011111100011111011101101011110010111011110110000111010001001000101010
000000100011100001101001110001011001111101001110001000110001100001110101100011100001010110011010
110000001110100111001101000001001000000111010111011100100000001001001010010010111110010110001111
110001111000001100011001010010000100000101100110101110010000010001101000010000011111001000100110
101110001111011101110101001101110111010111110111101001111001000001111000101000010010010010100010
100100111010101100010101101100001001110001111111100110010010000110001010001010010001010010001011
001010010001101001101111010001111010000101100110101011100101110111010010000010100001000011001000
111101100010011100001001111110101101010001100011000001010000111111000110001011001011111010110011
001000010000110101110011101000000100001110011110101001100101100111001100011001000010100110100000
100101100001110011000011001100110111101110011010000000001011010011011100000000101100100110110000
101111110100010101101111111110111010000101110001101001001100000111111000111100011010001100100010
011101001000001110111110000000001010011011001000011100101100101100100101111001001101000101001001
000111111111011000111101011000110010111111100010001000010100110101100010011000000010001000010111
110101010111011110100001001001111100011101001010100110101010101001011111111000101111110101000101
010111001111000001001000001010101001111111010101010111110011101101001100111001100110000100110010
000110001111000011001010000000001011100111111110010010011101011101010001101100001111100100011101
111100111001001100110101100110000111111101000001011101000111100000000111111011101010100101000010
110100111100001100001110111110001101000100011001001011010101111001111010110101100111011011011010
110111100010100100001010101101010000110100010001100101111111000110000110011110000100000001110000
010111111000010101101101000011011001001110010011010011100010110010011111111101010000010110101001
000100011111111101011111011000001011101001011101010011100011000011011101010010110100000011101101
101101001100010101111001101100101001110110011101010110000100110101110001011111010000101100011010
010001001001100001100000011011001011100101010011011000110101010111010101011110001100001011111111
000101011011101101100111011100010000000000100101011110111110000011000101110000010110011110011100
010001011001111000011111010110011110110110000100110001010101111110011100101111000011011101011000
011111110110000011010010001100010000110000010110011001001101110011000111110111110100010100110100
110111101011000010101110010100010000010000100010000011101010001001110000111011111100011000101011
001010101110111110100000010001111100111011111110011001000111100010011101011010101010000110110011
110110111011110000001100100101011110101110101111000011100010001111011111101110011111111100101011
011110111101100111011100100100110101111010000111101001000001001111100011101110101001110000101011
000011111011111110000010100100100010000100111110111111100100111100100011001101011101001100100101
100101101110001101111001101100011110101001010011101101111001111001011010000000111011001110110101
100101110000000111111101101010110001011011101100001011000111110111110101111111010010111011101000
100001001001100100111011100001111111010010111001001101001111001011011100100001001011110110010000
110000010000100010100011111001000101000001100110001010100100110100110111110000011011001101111011
001101111000011100011110100000000101111111110111001000100110011000001100000010000111001011110011
000110110101101011010010111010110001111000001111110101100111000100011100001011001100000100100010
010111100101101011101111000010100100110110011100101010011110100110011000100000011101010101001101
101101011111100100100100011001100010101110110101010001101101010100111110000011101101101110111001
111000000101111011001100011010111011011100011010100111000110100001000101110010010100001110000100
001110010101110010111101110100100011001001000100001000011111000100111110101101111110101101010011
000111001011110101111110001001011100000101001001011010011011101111100101011010110001111011110101
101010000000011100110001010111011101111010100000001100100110010001010101100101001000100100100100
101000111101010011011101101101111010001100001000010011000000010100111111111100000100110111111100
001101010011110010111110111101111100011001010110101101100010100000000101111101101100011100001101
011110100010000010101111100001101111101011011111000010001010011000110111101010000001010111110110
001011001010000110001110011010000110110101100011001000101111010100010110111100111100101110101001
000000100000011000101000110100010011001001101001110110010110001000111001111100100000011000100010
011001011110101000010010000011111100101100011001111101001000111110110011101110110001010010100111
100001010001111110100010100111010100001001000100001010111001110000111110110010100010010000000110
110101101001000100001010101100110010001001010110000111101011000000111010010111110110001111100001
101111011001011111000101011111011001100011001111001001111110101100011001101111011011111011001110
011111010101001011001100000001001001100010101101110101011110001111011110110010001011100010000000
100111000010101100010111100100110111000010010000000011011110100000000110011111000110100100111011
001011001011011011111010110111000110101101110001011101100011000001010000000000011000001010011101
100100100111000101011000101000111001001001001101000100010110001100000011101000010011000100100011
111100010001100010100100111100010100000011100001100101000010100101000110110100011110111101100000
100010010001110011000011111100010111111110100101110101000000000111001000101100011000011101001111
110000010010010110000001111000011100101001111100100111010000010111000111011000110110101101001111
100100110100111001110011110100010101001110010111100111110000100111010010010000010010110011001110
110101111010101001001110001010101111110000101001100101000011100100101110011001000000101001101110
101010011011000100111010001000110011010000101000111101111110011000110110110000011000010110101110
111011011111111010110001011010010000001010011110100110100110111110111111011001001011001100011001
100000110111010110110010101100111010101000100011010111111110001100101111101100010001000001100110
000000000001100101100110101011110110001000110110000011011111001000010000000111001101101000101110
000110100011110010011001110111000001100111101000010001101000000010111001100101111011101111000000
110001100101110011000000010010110001000010101010100101011110001000101000100001110011011100111001
100100101110011100100100111111100011001111011011011111110000111100010000000101111111001110100000
010100111011000110010110101010010100110101000010101011100010010111000100111110010111001001011010
000011011101100111101110000111110000000110010000011000011010011101100010010110111111010010100100
101010100111010101011000000010011111100001000111011110110110011010011011110110011100011000110111
100000100100010111111111100101011001110101000001011000111010001100010011101011101001010011000111
010001111010000111110000011100101110111111110001111100010111110101010101010010101010110010001001
010000011011010101111000001101111110001001111101111110110011011110000001110001000011101011011001
011101111101100101010100001101101111110010100101010101000010001101000010001101111000000100011010
111000000110001110010110001010111000001001110011000000100011101000011010101110001100100001101110
111110011100010000101010011010000011100100100110000010111111111011110011111110001110111001100101
110000100010101101011011001011111110011001100100010111100111111000100110101100000010111001111011
001001000100111110110001101110001011101001100011111010110111000111100111001011101111111101110111
011010110100000011100001010100101101001101101010101111000110100110110000001110101101011110001001
001111001001100010011100110010001000100001011001011000000100101110000011111010010001100100100100
110001110011111001011001101101010000010000111100110111111000100111100111101010111100001010110010
101100101111000110110000010111101111001100000010110011010000011000100100011000111111000110100100
000010000011010111100000101001101010010000011100011100001100011110111001001000110110011111001100
100101011000101001010111000010100101011111111100010010100110111010101100111100100010010100011001
101110010001011101000001011010101100110000010000100011011001111011111000001111111110010011011111
110001000000110000100100101111001100111000110100110110011110001001011110001101000110010110101001
001000100110011110011101010001011010100001010000001010000011001110010101101110011000011110001101
010101001001011101101100100010011100111010001111011000110011011001111010000111011010010100110011
101000110101000001100010110100000100001010010101100101111100000001111010010011101111101101111100
000000010001100111001100001001000111010110100111110100000011001011011100100001100111000110111010
000100000000101111000111110110101010011110011000110000011001010100001100000101001111100101011000
010011111010111101011001111110010010100010100011111100101001000101011101010100010000001001110001
010101111011111101010011010100110111000010011001111001011001101100000101100011111100001010110110
000110101001111110010100010100000110110110010011100101010001010011010011100000100100101110011111
100101011010011100100100000001110101110101010101001010111101010110100011010110110011111100010000
001100011000110101010101010101010101010111111101010100011011011110110010011110101111000010010000
001111000001011000111110111000100010101000110100111110110101011000111010000100000111110100001110
000000001110010110110100001000010110111010000011101011110100001100110111110111100111100010101111
000000000001110010111111100001101010010110101000100001111011101011110000111111000101110101111101
100101000100110011100110001010011101100101111001101010010000110010111001011100111000100100110011
111110111001011010000001000101011001100010011000100101110001101101100000100001101110001110000100
111011110101011011010010110011111011100100101100001100111100101011010110011001100000110100011100
111001001000001101011000101101110001011010111011000100010101001100101000101001011010100111011111
000011101100100001101101000110111101110111101110010011001010010101101010011001100001000011000100
011011110100100110001000111100010000010011010011100000010100100101011101101001101011100000101111
110000100011011101000010001001011000111001101101010101100000000010101100100001001111010111111101
110000100100100001000110000100001100001000000000101110100111100101010111010101010111000010011100
111111010100001001110110011000011101011101010101010010101000011011101011111101110001000000100011
011010011101110010000001100001000110110110001110011001001001010001010110100100000111011101010010
100001011000101000010100011001010101100111011011001110110100000111011101100100011000010011111110
011110010100010011110010000100100101011001111000110000111110010111000101011111010111101101001000
110000111010111011101011110010001000100110100110111110101001001100010010101111110001101111101010
000010011001100011100000001111001011010011001010111100001010100011110000110010110100101110001101
011111101111101010011001001010111110100110101111100110001011011111001001010110100001110000110011
101100000000101010000101100010101010111011100001010111111101111001111111001011011100111101001000
000000011111101001100010101011100110011111001000001101011110000111101100101001101111001101100001
000111100010000000100100100010110100111001100101001011000010110111101000000111000110101000110100
100111111100001111111000100100011110100010110000110111011011011011101011101101101000100001011101
101010001010011001101011000101010101111001101000010011010101001001111110111010100001011000101001
100110010000110100111000101111111010010111000111010001100100100100111000101110000100100010001011
100110011000100100000001101110111110111000001111110010010100110011111111111111000100000000100100
110101101010011111100001000100101110110010111111010010001000110011110011111100000001101011000101
001110110111001110000011000011111000011011001001110100001111001000001000111011010000000100010111
000001011011010000011010001010110111001100111001000011100101001001110111000001001011100110111000
000110000110010000001100011110111011001101011110011001100110000001101111100011110000110110000110
011001011100101011001000010100010100111111000010111110100011100011100011010101001001111000000011
001011011100000011000010100100111111010100110011100001100010110000110111011100110011010011111000
100100010110010110100100001001010010101101110011110001111110110110111111010001111110101000000011
000001010100101100111100100010010101010001101100110011100010010001111001010110001001110110101010
000101010010001111110011010010100110000001010010011100100001001010011010011111000100110000001001
111100010000110011010100101001010011000101011001111000001111101000000101011100110000101001111011
010010001001100101100000011001000111110100110111011111010001001001101110110011100010111001110101
111110001001001111101110001101011111011110011101001011001101010101111100001001001001110111110101
111000101101010011100110000011100111110011001011101011000110011001000110101111011100101110101010
101001011001111100111100110000001100101010001000011100010011011110100111001011001101110010011010
101101101110101011110001000000000111001010100001000010000001000010011001111100001100100110010000
000101010011011001100011111001110011001110000110101000111010001001100100001011100110011011110001
000110001010010101111010100001100001100001010110011010100011100110000111101000000000001101110111
101101001111001100000101001000100100101111101010110011110111110010001001010000100100000001001011
101111111001100101111011110100110011100101001101100101001110001100111000001011000100000010001010
000111100011010000011000101000000010001101001110110111010001001000001011011000010111101100000110
011111100011111101000010000000010011100000100110111000010001111011000011001100011100001001011011
110000111001000010101010001111100101100101101011000100100001001101000100000100001001000000000000
100010111010000110110111110011111110110001101001001111011011010010001101100001001000110101010001
101000001010100101101110111001110001101001110010110100110101110011011001100001110101000001000000
000000000100101011101101011000111101100111011000010010010001110101111111111011101011011010100101
101001001000110111111111101000010111111010011111100110100101011100000000000001010010010100110100
110111000000110110111100110010100011010111100100101111001110011100011100100000011101011100111100
011110101001011101000111111001011100111110010011001110001100110001110101010001001001101110101101
011011010111010011111100010000100101010010011111110101001000011100100000100110000010010001101111
010111000101010100111001110010110100100000001101000010001101011111100011010000001101101100100101
001100101010110110101101110110111010011101101100101000101000011000110001000010011111011110001000
100000011110000011110101101011101011000000011100101011110011000111110011100010100011001100000010
001001111110111010110110100010011000101101111010100010000000010011111111110101100111010111100000
011100111101001011100111111101111001100011101001101010110001110110000111000010011011100001000010
100000001111011101101010101001110110000111101011110011011011001101101001010101000111000010101000
010010100111010111101100101011111111100111101100100001010000101100001001100101000100000011101110
101010111111111110110101000010110011101001000010000100110100110011111111100110000100111111110001
110011111011010111011110100111011100111111111010011000101100101001100110000101110011011111110000
011100100000010111110111100001101110010000110111111010101001101110111101000111011110010000011010
010110001000000011000110010010011100110010011001100111100111000011101111100000111010010100100101
011111011001001101001011101101000000010011010000110010100111111001010010101010010110000000000011
001111101010101111110001111111001100110000010010010101010111000111111010110100110010101101011111
110101010100000001100000110000001000110111001010111000000111011000010011010111000011001011000001
110001010000110000100101100111010100011101011010000101111110110101011001010010111011101011001000
011011110111010100100011111100010100110011011010000111000110010001011000001111010101001001111000
001000100110010010000111000001010101110111010010010011001011111101000111010100011111011111101001
111001010111111000001111110101010111100000100100000011100100010111110001010011101101011101111001
001010111011101111111100100110000011101010111111100111011110000111001001100110110010001110110100
101111111011111000011001011101000110101000010110101010101000011110001100111000010111101010000000
111110101010101001100101101001101000011111100001101111101111101111011100110011010011111111100100
010010101100001011111111110010001110100110010001000110111000101000011000000101111000001101001011
100101010011001000111101100110011011000111001000011000001111100011101101101100101110001011100011
000101100010000010011000010010111010111010000101110110001111011111111001011101101010001011001011
110001101011000010100111111111101110110000010111100010001110000000110010101101011011011100010011
111011011100000010101110010111001011110100100001100000001010000001010100101011011110100100100110
111010011000000110110000111011001011001010011101011010111000010010011001111100101100000111010000
111101100110111001100100100000111000100011100110001100100011000100001101010010011010110000000100
001110110100111110000100111010001011101100010001000001011100101111001100010010111011000011111000
000010010111100111001011111111111111111100000011010011100001001101110010101100001110100101111001
101101101110100000010001111111111110001011101110010000110101010011000100111100010110101000111101
111111101010100100111001011001010100110011111001110000000101101101100100100000111001011111010110
011011010000110001001000101000011001011011000100011111110010111111010000011010000101110011001101
000000100011100001101101011101110111000010100010000111010111011001011010010110101111011110011101
101110111100000101010100101100100001011100110111011100100111110100000101100010011010100101110001
100101011101110011100001010110111010010010010111100101000001010100101110000101011011001100011010
001011000001110110110101111001000101101001000001011101110101101010111101110101110101100011101011
000100111101111000101111101000010011011001001110100001101000110111101110101010111011001001011100
100011111001010010001100110001011011111010110110100010101010111100011001001001001101011000111110
001000001011111011010000011101111001000011100110011011110110110010001101101011001100111100111010
000101000010111010011110111100110001111001011001000001111110101000101011001001100011100011000110
101101100100101010101000110111110110011001100110101010110101000100010011010100100011000100111010
010001100000001000000010110101000001001100001010001111100010010010011001001010000000011001001001
001111100111110001110110101000110000100100111101001001111100000010111000011001000100110010001001
010100000011111010000001011100101010011000101101100101000000110010010000010010010001100000001010
010000010011100000011110111010000001111101011101010011100101000010100100111001100010110011101010
010111110110101010011001011011010011010100110010011000110111011001001001100001100110101010001111
000000011111101110100111010101100011000000000011110001001110101000000110100101010000000000100000
011001001111111101101011011100010110111100101111000111011011001000010000100011111110001001110110
101100000010101101011001010010111110110110100010001110010100010011110011100101111110001001010100
101101100001110110011110001000101111110010010000110011000100100101010000000100101111100111001100
101110101101101110111001010001101001000000110000101100011111000000010101111010000101000100110000
000011100011010001100111111000101010110100101011000100001110010100000011110011010100010011110111
011100110110100111110111110001101111101111100111001100000000010010001001011101001000001011110111
101111001010011101100010110101001001000110001110100000010100010011011101011011001110100100110001
001001110011100000101111010110011011110000000111111101100111110101100110100100110111111000011001
011110111100010011111001010100010110101101111100101010101111010101000111111111010011001111000010
011111011001110111111011011000111111011111000011011100110101000101101000110111011111101000101101
101000111001111000010110101010100010100011001010100101000010011110111111001000011110000010110011
101100111011111000100110101111101000101101110100111101010000100101001001111001110011011110101010
100110101010001010001100100010011011000010000110010101011111000011100101000001000000101011011010
000100001010001111111000001001010111101010011001000000111110001100000100101111101000100001100111
100101100010001001000100000011000010100110111001111001101111100010000110000111101100110010110001
000110101010010111000001001010110000111000101011110100101100100011011111000011111111111101101111
110101000000110001000110100000110010000110010010111001110110101100101000110000001001100000011000
000011011111001000011010001011010111010001110010111101001010010101101011101100110010001110101111
110100101110000001011000000100011110100000011110010110101010011110100011000100100001100110000111
110110010000011101110110000001101110001100101000100100101011101100001000111101000000111101011001
001010110000110010100110000100010100101101001010000100010100100111101100111101011100111011101111
011001001001011000001011010100001011101010011000100110010100111111111110111111000010010001100101
011000100111011111111110100110111111100000111110110000101001011001101101010001011110010001100111
000110010110101001000111001111011000100011110000011011010101110010100000100000100101010100101001
110010111101001010110101111000001100110110011100011111011001001100000011010110110001111001100111
111110111000011001100011010111110001011001010101010001001111001111010000010001111011111010001100
000111000010000101110101000110011100100011011110110100111111111011011101101110000110010001010110
111100011101001011111100111100010101101101000001011010011010010101110101011000101001100110111101
101111010100010100110001011000011000000011100100111000010111000100111101010010000110010010011111
010000101110010001110001011101011011100101110111011001101000010111100001111000110101100011111101
001110001000110101011101110000011010010100010110000101010001001100010000100101001011000101010011
111000101111110000100111010101100010000001101111111011001000001001110010000000011000011011000001
111010100111010000010011111000001010101001100100010011110000010101010100111110101110111110000110
111111110000100111111100011011010000010101100110001010011000110000011001111101100100101110101000
011110110111000111011100100011011111111100111101101010010111001100011100111001100100001010001010
000111011100101110100010001011010011110011101001101111100100000111100110010100111101110110010111
000001101111000101100001111000111101101000101100101100010000011111111010100101100001010100011000
010110011100011010001100100100111001001011011101010101111010110111001111010010010010111010011110
110010010001001101100010111111011100011111011110011001100011100000111100001101010110000010110011
011000001101011011100101101001110110000111101100000111000100100101111110101111100000100000110101
001110000111011011111111010110000001110110110001100110101111010010110111000001110000001101111011
000111000101000010110101111001110011011011011111000101010010110000001101001011100110110111100000
110100010101000001101100010000000110110110001000110111110001110111001111110001111101011110100100
001010000110000111101011111010100100101100100011000000000101110110110011000110101000101111101000
111111110010001101011010011110101101000011101001001110101001111111101101000011111000101011101101
101001110110111010101001001010111000000111010010010011001110011100110100010010000010001011011000
110000101000100010001001111000000011111000111101010011011000001110010110000011101100111001111100
100100101110110110100010100011001001010011100100110101111100111110111001001110011101101001111111
000010000100100111011111000011001111011001000010111001111001101000111001001010001100010110011010
110111001111101010110011001101000010101101100011101010010011010100001011010110110011001011010111
110111000011010110100100110111000010111011000010101001111000010011101101110000011010001100010100
010000111101101111000100111110100011010001111011001101101011101110000001111101100100010010100001
100001100011010110110010011110001100011011111110010100010101011101111010100110100011111100110001
010000001101111001100010100011011101011110011110100011100111011001101001010101000101001010110101
011001010100110110111011110010000010001101001110110111110001011111110001100110001101000001000100
010110100111011000010101100100001101011011110011101101001000110000010100110001101001111111110001
101011000011001001011010101111110001101011101111011100110011110110111111111111101000111010010111
111100001110000111001000111001101110100011111011010010011101100110111010001011001001010110111011
101000110011010110011111100010010010100110010100101111101010100111100110011000000010010011000110
001001100000111101001100001011011010101111110101101011110100011110111011001101100101101000000010
000011100000100110000000101000110010110101000000001101111001001010111010011101100111111000011111
101010011100111000110000101010010000011010011110100101100001011110000111111100011100101111010001
001110101111011000101100000110111001101101100110111110011101000111011000011010100000010001010011
101001010111011011001010110000110110110011011101001101100100111000000000110100111100011110001010
100101110110001110001101101111100111101001010011000100100000000110101100001101001001111110001101
111010111111010001011001010000001101011010011000000000001100111000111101001011111100111111110000
110010101000100100011011111101101111111010010111000111010101111001010000011110001111011001101001
001111101011100101000010011101100100110010101001100110011101011110001100011101011011001100000111
110111101000100101111110111111011101100101100100011111101110111010001101100000001001110001010101
100011000000101111100010110101010100000100110101111011011101010110010110001111000110000011001000
011000011111000100101100000011000111000101000101110110011001111100010100101111110100010011100100
101111011111100010100011110010110101101001010010001110110000111001010111010000100110001010101111
101100100111101011011010010000000011001100001010011000000010100110011110001101011011110111111100
101111011101111010101011100110110010110001000001110011001000000010000111111011001100011110001101
100000111111101011000101001111011001111011100010111100000010100101011111110100100110011111000000
010100110100101010011001111000111010010011110000011110000110010111100110110010000111000110011101
100011100001010010110010100111011001110101111010000100100101111010010100010110010010111110010110
011000111011010000111101110010100110101110010100000100000101111000010111001001000100011000011110
110111111000000001010000011001011001101011100110110110111101010000111000110111010010001111110101
010100011000100111001111100100111010001110010000100111001110111101100101110111001001111001010101
001011001000011111001111011111111100001000110001010010110101010100111111000110010110010000000000
001001011101100110100011000000010110110001110101011100000011101001100001011100111100100101110000
000111110001000111010100010111011101011001100001000011111110011010010111101111011010100001111110
011101010010001101010101001010011000111001111001100100011101000101010100101111111011101101111111
100010111100100100011111111010101101000110101001100010110110011100100000111000100000111000101110
000001111001001010010011011001001100110000001001001010111101101100001000111001001100101000111010
100101101111011011011100101011101000011000111111101010010110000111111011100010010110010001011111
000001011010100011100101111110111101001010100011110011001101000111100110010011010110110101100000
110101001010010110011010001100010110111000110110110001001011110000001100110111011111000011001111
110111001011000110110100110110111000011010011000001000010101010111000010011010100001010001100111
011111110000111100010011001111100101001111010101111010011010001110111100110100000001001100001110
011011010110010001110111111100111010110010011001011011111011010111100110010000011010100011010100
101000010101000111010111111011011111111110101101100000111001110111011010000000011001010000011110
010111100000010010000100001000101101101110011110101101001110010100100101110011010110010011011001
110011111001100101110111100000110110001010111011100110001111001100111110100010100010001110101110
001100011110000101100110001111101010110010110010001010011101011110111011101001101001100000100010
011000110011000111000110001110001010111101101010110100101001000001110011101010101000100010010101
000101111101010000000110001011001100001001100001100000111000111010000010101010111010011011111111
101000110000000101111001100000001101000001001011111010011011111000001011011011001010010111110110
100111011110010000000010111010000111100100100100101111111101010001001111101110001110100011010010
001111100110011110111000101100100111000000100000011001011100101101010101011011100000111111101001
001011000000100001001010001010111010010010011001111100011000010000010100000101010111101110100111
111100001111111011011110011110010101101101010010111010010010100110011111011010011010000111000011
101010000000101111001010001100000101101011011101100011111111100111011101011010000101110100010000
000000110010000011000011001000001001100110010111101001000001010111100111001000100100110100001110
000010001000011111001110110011010001101110010100001110010000011100011111011001010010011011101100
011001011010100011001101111111010001110001101000101100001010000101101101100111001111001101010000
101111110000010001110011011001111111010111000011110100101100100101000100110110101010100111110110
101101100000010001101001011101001001101001001111001110110111000010001100000011010101100101011011
110111110101111111110101101010111000011111001110000100110101010001101110000101001001011011000001
000011010011101110100001100011101000101010010101100010000110100000010001100000011010011000101001
100110011011111000011010010101000011000010001010001001011001001011110000101110100011001010100101
110000101110010101101100000000001111100101101100101110110000100011100110101011111101100000101101
110010000110000010100110100000111110110110000010110110110000010111110111001100110111000111000100
100000110111101101010011011111100011111110100111101011001101010011000111010110010010000110101000
010001011011000110110101111001000100111101100011100110110000111101110010100000101010010011110011
011011110110011000001101101101000001011001000010111100110011001010000111100110110000001001000111
011010011010100110110111000001110111101101001101110101000100100011011010010110001101001011001010
010101000010100110100111001001101101011110100110011110000100111011011110001111011110000001010010
011010110100010111011010101111111100010011110001110110011110000110000001111101010111000011100010
101010010110000110010000001101011110010001000100010101111101000010110100010000100000001011101111
111100001101100100101101000110000111110101110110100101010101000000001011100000011010111100011110
000010111100010100011110001101000001010011111111010001110000100110110010011100100100000101111000
111100001000000001000100011000000100110101111100000010011000111100101100010101110101000001000110
101110100100001101110101000111011000010101011001011100100101100111111100100011111100001110000101
111000001101011110111000000101100101100101010111011011110001011001111111001110010001110011100111
100111000000011111011101011001111101100100000001010111101011110100010100011101111000001101110010
001001010110110011001001010011110011011000000111111000011100010010010100010001010001001000011101
111011000101000111001111111100100111111101010101010101110010010101011101001100011000111100011110
010000000011011101111011110101101011101010100001111011100010110010011110100011101010001101001010
110011011110001111110010000111010001101111001011000000100110000010101110111011101000011011011011
111001100000001001111000000100010000001010101001001000100101000010011001001110010000110011100110
101110101101011110101101001100101010100111000101111100101110110000110010001111011001001101111001
000011101110111000001111101000000110001101011011010100110111100111111100001100100011100100001001
110101101001001111001100001110101001000111011101101011111110010100100010000000100001010000100001
011011101111100011100110111001011100100000010100010000111001000000011001001011010101101110111011
010011110000011000001001100001110100101111110101001111100001111110000001101111000110001000111111
010001101100001000110011000011010100010100001101010110011010111101000100100011101010010111110110
110000110000011101011001111011111101011111011101111110100010010110011101110111001111101111111011
110001101101011101111001101011100011011101111111100111001000011100000101110100100101100111010001
110001101010101001111110011000110110100011100000101101010000100010100110001001111010101011000011
111010000011100010100100100100111100101010110000100011001001101011001011111001010010011101011010
001010011011111100100011101111111010111100100001111010001001001010010111000101101000011100110110
000010001001101011111001111100101110000100000001101001110111111110111010001111100101110111001000
101000000111011111101001110111110100010111011000111001101010101111101101001100101001100110001110
111000011010001001110011100010001111100011111110101110010001101110010000110001010101000100001000
110100101011010111111100100000010110000010001100000000110010100111100111100001011110010111101010
010011101100000110100101100011011010110001000111000010011000011110001110111111000011011010011001
111100111000000101001100010100010000000011011000110010110001000011101011010000100010011000111100
110001110101011101000111111011111001100100100010101000000100100101010001101011001001001010110110
000111011001010000001001000110010010101001010110110101111010111001110111100011100100001100001110
011110010010000000101001111110001100000111100000001101000010100101110101111101101100010011111100
000010100111111100000111100111100111010101111111101000110101110110000000100011000010100001001101
010000010011000000011011100110101001110110001101110000010100000011011110001110111110110110010100
110101111100000011010101010010100101001111010010111011100000011001000110110100011010110011001011
001001110000011010000111100101100100001001000010001111101111100101011000000101010010000001010000
111001011110000101111100111010000001110101111100101100110100010000011111010010100110111110011100
101000000001011011000100010100111111100011111010110101010001000100011110001110011001110010100101
011011010001100001110001000110100110001000000000101000100100010100110000101010001110100110001000
010001110110001101001010101011011110101100110111110110011000000111011011110011101110111010110110
010011111111100100001001110110010010011000110100111100011000000010000111011000101100000101000110
000000110110010010000001101111010111001000111001110100010101110110110011010110101100001111101111
110111000111010101000100011000110110000011101111000111110110010100100101011011101010100100010110
000110000111101001000100010100010100001000000010010100110100011010101111001100001000010100010001
101000101011010100011001111100001011000101001100101100000000001000101011010001001000101011101010
100100001000100010000101100001110010101100010010101110110000000001000011010110001011000011101110
101000110110111110001111011100101010000000001101111010000010010110011001010110111010001001011110
100001101101011000010011010010110111101011110001001000101010100100010100111000110000111000101010
011000110011100010011010011101100010111000101101100000111101011100101001010110111001100100001000
011100011100100110111100101111101010010010110101000101011010101011110111001011110001110000111101
101101011000111110100111110111011111110100000100001110011100001010011001100000111110011101001110
110101110000010110000011100011110101110000011011111011100101101100101100110110111100000011100100
100011100000010110100101100101101001001010010101111000110110011101111100000001101000110111000100
001101110001100100111011011000000101011010110011100000100111011000011110000111110101100010011111
001100101101110000010000011111001001111011010011011101001100110110010001011011001100110001110001
111100001010100101000100001111010010110001010101101010011110110001010100100101011101110011000101
100111010000001110000101010100110001100001001010001101111100110000011010000100100101011101010111
010101110100111110000111011101000011100001000011100011011001010100000100010110111001001010100101
001010011110100100110011111101100010101000010000001111111101111111110011101000001001111010110010
010100001010000001110010011000010111101000111110001011000010000100010011101011110011111011000001
000001100011000101101101001111110100000000100111101001111001000111110010110110011010111011000110
000101100100100010010010011011011011000001011110101001101100100111001101001101010010101101010100
111000000100100101100001010001010000011110000000010001110010000011000100101101101010000100101001
010111010000110100000111111000000100110000101011110101000111010100001001010000111011101110100101
101001110010001010100100010011011100111111111101100100010101011100010111011101011111010110000010
000001111011101110011111101000010010010001111110000011101010110010100101101000001101111100100000
110110101110000010000111101000111101000010101101100110100011011100011011011000100111011001111011
011010101001100110100000010001001100101011101001011101100110110001101011100010010111011100001111
110000010110000110101110110000110010010011001111001010111111100110001011010111000110101001010011
010000000000111001100011111110011110111001011101101001101011100110000001011101110000011011100010
101100010010111100111101110100111001101000101010111100010011111011111101110010011110000000000101
110000110000100101001000000001010011101010110011100010000011011110000100111011110110001011010101
110111111101001000111010111001100010111010011111000100100000111001010101111011000011101101010111
110010011110001011000001111110100011011001110110111110111000001001000001110101110011001001111101
010010000110110110010000101001010011000001110011011100011010100001000100000110110000001011010010
111111000100010110101100000100000100010011110010101110011000001111001100010111001110011010010101
011100100100010010101010001100000001000110110101000010011101010101100101111001011101101110111001
000001110100101100110011010011010100001100100001111101101101010010111101110111110111101011100100
110011010110000001111111011000100111111100000101101000110100001000110001010101000001001100010111
100010000000101110101000001010001010100001101000100001011101001011000010001111011000110111101001
100110000010101110101111001010100100010000100101011000001001101010001010110000110110001010010111
011110101000010000110001101100011101110110010000100110001001101010001100101111100100101110101101
111010011100101111000011010100001011110001011100100000011000101101011110101001100011111110111101
101010000011111100011110101100001001111101010101110101111000110010111011111010010101101000001111
111011000110101010001100000000001101010100001001011011010010010100101101010011111010100111101110
011110111010011110111101100000100110011100001101000110110101001011001110000101111011110000011100
101010001010110111100101011100010111110111010010101101011011100001110101011110011011000001101101
010100110110000110011010010100111101111000001100111101111011110001011110100000011110010100001001
010000011110010101101110111110000001110110000011011001110100011110011000011000100001010100001001
100011011110000011100110101001101000000100101100101000000111001001100010000001010011111010011000
100100111001011011100011100111001111111011110011101100000101001001101000001100001111101010001100
010010100001100010110110101110101101110110010010111100100101110111000110111100001011001110101011
101101111110011010101001100101110001000110001001101101101010011110100101010000101110110110001010
111011001101110001001111110010110011000010110111110110110010110100000011010010100010101100101111
101100000001100100100000000100100010010001101110100101100000011011100111001111001001001010000110
110101011010100010001110100010100101011110010111001110010001110100111100011111001011111100011010
010010101010001110111101000110001111011110010101011100101001101100010011111010001101000110110111
110111011010000001100101011110111010100001110001001101111001001110000010011010011011110011110111
110010110111000000100001101000111101101100100111000111001101011111101001110110110011100011111101
110011110000000010100001110011101001000111110000100100011000100101110000101000100001111001000101
001111011001111101010111111111101010101100111001000101011101111010100111110100001001101111110010
101111100110011001100100001110001100000001010100011010011010011001101110011111010110100011110101
110100100101011010011010011000001011001100111101011110110100000000000110101100000000110000000101
110000101011000001000101011011000001110000111011111011010111011101001100100100000100100010001000
000000111111011011001101010111110000001001011011001101000111111011100001000011101110010010110100
100100110111001110011111111111100110111001100001010000100010100101011100110011111000010100110101
101001011011101010100100001011010000100001001111010101000100100100110010010001110001010000110001
000000111011000111111101111100000100001100111100111111100111100010010001101011011100100101010111
011100010010011011110001010000111000111101100111001011010011011101001010010100001111101101100101
010001000110001110011101010100010011010100001101001011011011011101010010000000010000000100010001
100010000101101000101011110000011110000010101010101000000001111101101100000001000000000100001000
011001100000001110101110100011111001010110001101101000000000111110100000101111111000000000010101
100000010110011011000010011011100110001110101010111111101110000011100001001000010000010001011100
101100011100101101000110001010011001111101010101110110010011001110111111101001101010001010100111
100110000111101100011011011110010000111000110011000100100100101110001011001010010111001111000000
011101000111001100001111110111100110000110100010010011000000100100001001001010011110100011111101
110101111010010100101111011100010100111001101100010100001011011111011000100100101001001111101010
011010100110110001111100110001111101000110110100110101101100011010000011010001101111111001111011
110100111101000010100000011000110101001100111110111000010101111001010010001110111011111001110101
111110011000010001001001101001010010100011011111100100000110010011110000111110110001010100111101
001111111100101010111110000001011111000100011100111101110010000101011101111011110101000001110000
000001100101101110110100111001100011010100011101001101111011100011010000000101011110110001011011
100100100110111000101110101011101101101101110110101001010001111000000001101111001010000111001111
101111011011110010010011100011101010001000110011100101110111110010001010011100111001011000111100
011000110100001000101000111011111110001000001000111111011001011110100010110100001001000110111101
100011100111110011110010000111011110111010110000101011010100010100111111000011110000111010101100
101011010100100001110011110111000111010000001111101000111011010100001110111010100110001010001001
110101101001100001000010101101001110000010110011000100101001101111011010010000110111110001110000
010101110010001101011000000000000000111100100000001011000111000011101101100110000110101111001000
111001011000000100110101101100000000011101000110111000111000101101111110100011011111011110100111
100111001001111101100111001110100100101000011111011101010001000010010001000101011010111010011010
011001000101110100010011001110101100010011100111110000000010011111101000010101011010000010011100
011100001110111000101101100110010111110011010101011001111010011111110110011110010010010101111001
010000111000110011110111110101110111100111011111110110111001000011101100011100101101100011010111
101101011101110001111100010100001111101110111111101110000011100010010101010110011110010101010011
010000010101000001011100101000100000110011101101100011010100110100010001011111001011011111110000
100100011011010110010111100000010100101100100100010101010000000101101111111101011101001010000000
111110101010101001101010011001000001011101101100101010101110101110101000101100001001110101111100
100011000000110100011010100111101011001001001111101101010110101011101100111011001011101000110111
101010111100110010000011110111110111011110111010111100100111100000000001100110001010111000111101
100011111110001010010111111001100110010010001001010001100110011111101011111100101110011011001010
101101110110011011101110011001101001001110011110101111001000101001010110011111110011000010111100
011110100011111011001100011100110001000010101000111100000110011101110001001010011010001110110010
101110100010011101110011101111011110100101110000000000101100110110011110100001001000111111111111
111001110001110110101011001011010100000001000011101100010011100011111110110010011010001110100101
110011011010011000101000110101011011110110011010111011001000110111111111010000011110010000100010
100001000010010000101100100111111110101000110011011001011011000100010010000011101111000101111001
111101010101011101001110100111101010101001101100111101011001111010000011110111011110110000111101
010011001001000101011110110011000000011111101001111001100111111101000100111111001011100001001101
100011011001001000010011000010110010000001100101001111100100001001110100010000000110110101011001
011101110001000110011110100001111001010111010000011110011100011011100011001001110001011100001110
101111010100010111100000110110111000100101100000111111101000110101001110101111001010000010011110
100100101100011000110100110011110011100000010111100010100001111011111011100001010010001111100100
101000001010100101100100001010000000111111010000011101000100011100100100001101110010100110001100
101011110001011001011010101101001010110111011111001100110101110110111001011101100010111111100110
010010101000000110101010000101010001011100001010100101011110100010000101110111110001000100001011
010101110101110100001010100100100101001100111100110000101100100000110111011010101000011000000110
111000101101010000101100100110011100011001110010101101010001010111001011000110001110001000000101
011001100111011110011011000000011011000011001001100111110000111001110011011100000011001001001111
100101010010011111110000100100101001100111011001110111000010100111011010011100001001110111011000
100110001101001110011111100110011101000101001111000101001011100101110110011001100110001000111000
010010000011000010111100110011101001110110011011011110011101111000010001110111110100001101000001
010100110001001011001100011010000001101011000110010101110101100010010010010000111101011000110101
011000111001001010000010100011101101101111001100100110001001111000011010001000000111001010000011
010011101100110000100000101001100111100100000101111001000010111110111111100110100000111010001010
110110100011100111111110100001111011101101000001001011101110110001101001101101111111111000101110
010100111011111111100001001110000010010110100001110010110111111000011001111111001010110010100010
100110101010010110000101111101111001101011010101101011001110111001001110011110011001111111111010
000000101001100110101010101111111111101111110001101001111101110100011000101001101111010100110101
101000000010110001000101000000110010101100111110001000011110011011111011011001001000010111010010
100001101000001000100000011110101011101100001111100101001001010001000001100000011001010110100110
001010010000110101110110011111100101110011101110110010010100100010011110111100001011000101101010
001101110100000010010110000110110110000111000000101000000100100100101101100110111000100001011110
000101101010000001000111001111111000111100100010010110010010110111000100001100101101001000100001
101000000101000001001000010111000110101011000011000000011100100000000100110001111100101111000000
100011011111011111111101111110010110100111110101110010000001111010101100010000111011111111001100
011011101111111010000101101111011111011001011000011111010010100001001111010010011101111111011110
101011011010010001000010110011000010010000000010010111001011100111000100100101001001110101010111
011110000111000101010010100110110101000001011001001100000010000111111101010011111010011001100010
000001111000000101111110110111001111010010111001011111110100101111111111000110000011000111010100
110111100011010111010010000100011101011101010110001000011001111110000000011110110101010011000000
101011000000110011111010001010111010111111000011100101110110100100010010001001110010000110010110
101011110110100010000100001010010001011111001010101001100110001101001111111000000110100100011001
100011000110000100111100101110011101000001001110101001110001111010101111000111011000100011100010
001010101101000010000010100101010111101111100000000000011010100100101111110001110111111111111010
010100101011100101111000100010011100110011000100100110101110000011101011000111010110001010010010
101000100101011111000101111011111001101000000010011010001110000010110101010011100010000001000011
110101110011101011010000110110011110101101000110001010000110010100110000111011100011100001101001
111101011011101111111000110110110100001101100111100101101011010010010101011000001010011010001010
011111000100100010101111100000111101000000010111001101101011000110111000001111100000010110011000
000011111100001100100000111100100110111111010000100111001011111111001011111011010000000100100101
111100100100101000000010110001010001011101001110100110110001001001010110111000010000001000100110
110001011110011111010001111000101100111000000101101001101000101001101011010001000100110101000101
111101001100111001011011011101001111101010000000100111011100111110110111001101001101110100100101
111111001101110001100100100110011110110101000101000110110101110011011100011111100101000110100100
010101010101011110110110010011100101010101010010101001101001011011001001110100111101000111110110
010111000101011001101011000000011111000111011111001101000100000111100110011101111101011101110001
001111111011011110101001011001100111100011111011101000100000101010100010100011001101100010001110
111010100010101110001100101010011000100010101110101001010001110011001000011101101011010110111001
000011100110100110101100001001011101000101100100000111100000011110111000110110101010000010101011
001011100001101110111000101111011110101000011110000001010011101000011111001101110010000001101001
011010110000001010100000000111000000011111111011011110101010111101100001111110110011001100110000
000001011000111001100111011110111010101011100100011100111110111001001011101100001000010000100001
011011000100011100101010000110101001111111001110011110111010110001011000001000100111010100001000
001100101100001100101100010100101010100110111001001010101000000101010010010101011001111110011011
011110100100101110100100100111001001000111010010001001111001000001001110100100101001111111110000
001101111110011101111011111010101001011011110110110000010000100110001111010110110000100111100000
101000011001100100110001011010111111111110111010101101000101001101101101100111101111111101001001
110001100101101011111010110101011000110110010000001101110111110011101010001011001111011110001001
010100100000100111001100110101101100010100110110111001110110011010001010101011011101011001100010
101111000111011101101101111000110011100111110100010001101000010000100000000011110100101110000111
010000000110010011111110101111010101110000111001000010111000001011011101010000001100101011000101
100101101001011011111010011110000111010100100101101001000110011001000001001101000011001100001100
010000111101110100010010010101011111100010110011010110011100000011011001001010011000010111011000
111110001000101101011000010111100111000110110011101110101000010000111010000111110001011011011011
110110010010101001110011101001100011000001011110110001001011010111100010001011000000101011110101
101001110010110101101001110100011100001010011111001111000111111111001001101000100111100110010010
011000001101001010111010101001101111010011010000001100111010000111010110110010000100110101111000
000011100001011001100001101110100100100111001000001000001001110110110100001101110000011100110110
100000010110010100111111000111111110111000011111001011011000001101010011101100000111101010100101
100100000010001001011110010111111001011110010010001101101000111010001111110100011001000000011001
011101100011000011010001100111000111100110001101011011101001111001110000101001100010110000000101
111101001001001000010100101101001110110001001010111101001011001000010000011100110001100000110100
000101111110110100010010100011011001100101000110010001010111111010001010001111101101010110110010
110110100001111001100110010100010101110110010101001011100001011100010011110010001011101111011000
010001000101001010001011110110010010000111110101010001101101001100001110010010000101000110011100
111011011000100010100101111011000110011110101111111110101101110101011010111010001010001111100010
101000001110111001100011100110010101101011001010001001100111011100001100011010101001011001101000
100000000101100100001111111110101110100010001010101001110011101111100100011100111000010001001101
001010011101111010100100111110111111100000101001101100011111000100101001010011011001111100000011
101010011001111000011001111011100101001110111101101100000111000111100011010011100001101011101101
011111100000101011100011111111110011011011001011111000111001001101000111100010000110110100011111
100010010110111100010000111011110000001100001111110010111011110001011111000011100101001010011010
000110101000101001010111100111010101111011111000001010000001000011110100101110111000011001110010
011100011111100000111001011011001001010100111011000001100101011011101100101110100010000101101000
110000000001111110001110001000010111000100011100001011100110000011001110001010111111001110010101
000000101011011000011100100000101100101010011000011101110110100110111110111101010110110111010001
111110100010011001011000000110100011001111000001110001000001110011110110011010111100000100011111
100000000011110010000101000110110011011011100011011000111010000011011101011110000001100111011111
101000011111001111010101010001000001001100111110110100100101100001001101101010011110001000101001
011101111111001111111111110000110011001110101010011111110011000001000101100011110101011111110011
010100110000110010001111010000100000011110101111111100000111001111010101001001110101101110000101
100101000110010010110001010110010000010010111001010100010010100010011000011101110001000001110110
100010001001000011000111001000001101011111001111111010111100101010001101101000111110011100101001
000011101000010011011010100100010000111110000111100010001110100100100001000000000010111011110000
110110110000101001100010001100000101101011001110000000101010001111000011010111000011101111010010
010010111010001110100000001101100000011101110101000011011011001010101010010010001010001100110100
000010110111100001000011101100110001101100101111001011111011110011100101001010111010000001011000
000100110111001011011000111001011000001101101001000100100000000110111100001000101011001000110010
101011111001111011000110100001001111110001001010010011110110001110100011110100001111100001010110
110110101001110000010011101111111000110011100111001001111000110011100000111000100101110111110011
001010100001101011001100111110110000011110100001111010010001011000011101000110100000001111000101
011101100111010011001110111111100111001111001011001010011100110000111001001001101100100000011100
101111110001001101001001101001001010011000101011000101011010110111110100001110111011111100010111
110001000011001101001101100101001100001110001000110011000010001000011100100110011100001010110111
110110010011010010110011011011110000100101111010000100000111110000111000100101010010100111101000
011111000110010011011000110000101100101100010101000100111101000001100011111000101100101110110000
111100100100101000010001011000110100000101011000110101100010000100011100100101100100111010110011
010111000010011001110111001011111111011011100010110111101110100111011111010000111111010111010101
100011011111001011010001010010001101011111010100000001111111101110110010111011010101001000010101
101100110100011000111001010000111010010111101000100101000010011111000100010001000101010100010001
100101100010101010000011100000110110101000001111100110001011101010000010101111110100001001101110
001100101011010100110100110100010010100010011010001011001011001110100010000011001011110110000000
111010111010110000000010011011000011001010000100011010101111100101001100010101100011101111000010
001010111101001111001001111100010000100110100111010110001100100000100000101111000000101100101000
010110111000010111011011001100111011100101100111101110110010110010111011000011100101101111101000
010011101010101101111001110100000111111100110111010010100111001011000011001010110000000110111110
000010001000111000110011010101110010100110101100100100000001101101001011111100110110011100000011
111001011100111001110111001010111010110000001001110101001011100111000101100101111001101000100010
110001001100010111010011010110101010011101010001111011110001110010101100111110101000100110110010
100110110010100111100110101000000011111001011101011111111100011101010001001001000010111011111111
110100100111011001111111101111111011111000110100010101110000010000101000101100001100100101001110
111100011110100111101100000001001100111000000110011001010000101000001100010011000001110100111100
010111111110111001101100010111011100010011000111101111110010001011100110111111011001011111101001
100101111110110001111111110000001000011110010001110110010010010010010000110001010010101011110100
101001101011111100010110111001001001011100100111111111010100011101101111000101100011011000000110
000101001111101011000110101101101100100110111111100101001111100111000011011011010101010101101111
110100000100000000001101111100011000001111011011111001010001111011001101000110010110011101101111
000111100100111101001110110111111111010101100101100111101100011001011011010010011111001011110111
011110111101001101001010011101100110010011100010111100111100110101000111010110111100010111110001
010100000111111010101110000001101000001010100000101010011011100110111000111010100101101011111101
101000110101010010101010001010101110111111101000111100011101111010000001010100001101101011100110
100011101110101000011101001011111100011000000101100011001111110110111111000110011110100010001010
101000010011111111111000110111111111111011101011100001011011110100111110010000011111111010000110
100011111110110100001010110001010100011100111111100101100010101011011101011110011010110010110010
111101011101011011001110111111110100001101100001100010000001101001011010011111101000111000101110
111111101100100100001111101111100000000000111100001000011101110100111000101101001111010110100000
101010010001011010010101100110011101001101111100101101111110101011110110010101101001101100001010
001010100100110100001101101010110100000010011011111000010001001111101001011101010010011010010011
001010101100011010001111110001100100001110011101010110000000001011001011000001011011111001001101
001101100011010111100001000111010000000010111011001111010011101110011001111001001000000010000010
001100001101101101001110010011111010111100100001100001010011111011011110001101111011011110001101
100010100101010111111110111111100111110000001110010100001010010010110100100000011001011110011001
011110100000101001001011011110010100001100111010110101011000110000001101100101110001100101001000
000110000100010110101101000101100010100111100100001011010001001111000010110001011010111111111111
000100011000010110010110110000111000010101011010001111111011000101000010111101011000101100000110
100101100111110100011011001100101100111100110101010100011100101011110101100101011100011000101000
100110001001110100001000000101010101001110110011001011110101011010010001110111100101110000000010
111011100111011001100110000001001111011000011011000100011100110100110000010011010101110000010110
000010001110101011011011000101000011011010001000111010011000100011011000111010111010011001010100
101011101100101010110000010000010001111101111111111011101110001111101011011111111011010001101000
101111011000111110001110000000010100101001111010001111010110011010110101110011110111001011101110
110000001000110110011000000000100111011000011110010010110000110100000110101110001010010010011011
011011011010010001111110000111100110111100000110000100101000100011010010100110111010111111010011
100010011011111011000010001010011101011111111100010001000011101101100101110100101011001001100000
110001010010011100100101000011110011000000001110101010100111000110010010110001000000111000001001
001001010010010110010001000001000011001110011110111001100001111001000111101111101110100111110010
110010110001011010000001100011001011010110100110001100110101101010010111100000100001110000011101
111011100010011011100110111001000000011100110010000111111100011101110101110011101011010100000011
011111100111000101000011110000101100100011011101100000010000000100111010000111100100010001001010
100001001011010001100001110110000111100110011111110001110100100101110110011011110010000101001110
001001110100010001010001001111100111000110100100010010010101000100000010011110110001111110101011
110010110010000010001111111000100010110000011110100011011000110000111000110000101011001100100110
010001011010001011101011100100111011100101100110011100111111111010110111000000111000101101110010
001011000010011010011110000000100011111001010100010001101000101011010010011110010001010001101010
111110011110001110001001011001101100101000100101001100111110011110001000011011010100000011100001
011101000000101100101111110100001111010010011001110000110111101110010000101010111000000110110110
100110110011011001010001111110110110010110101110010111101110100101001001011110111110100110111111
010001100110101011100100100011111011110110010111110101000010000110111000101101000010011110011001
000101101100011101001111100011111110001111101000011100100111001010010100000001010010000100011010
010011010111011011011011010100110000100110110110101111101111010101000010111010101101001101110010
011111010000100100111001101000010010011001010100111000111111010100011110001011111011111100111001
000111001001111110110010100011001011000100110111110101110000111001000010100100010101001100011110
000010110000110100111110000101100001110100111000000101100001001010110000010100011111011101101100
010000001101101001100001111111010101010100101001111110101000010100110111011000001101010110101000
010000111101100111011111000101010100110010111101001011101001000111010110111101100001000110001111
110010001000101110000000111111101001001111000100001010001010011100111101100000101000111001000000
101010000101011111101010111010110101110100001111100000101010001110000101000010110011100001101010
000110101010110110001100110111110111011011101111110001101111011010001010100100000110001010011010
111100100010011111101011010010000110001111000000001111110010111000110010001000111001011100101101
111100101010011110011101010011101110011101111011111110010100101010111110011110011110111010000100
110000010001101110100110101011010100001111110011100010110011110010000000100100111011010010100100
001000111100000010101000000110101111001100110001100110110001010110000000011101001101001110001010
101011000000110001101111011001100110011111100110111110100010010101001101000000100100010010111011
011001100000101010000000011000100011101111011010010101010101110011101100101001111110110100001111
011000101011010010001101110011100011000011110101110110100110001011011101011011000110001010011101
010011011101000010001111001001001010000101101000110111110110111010111011110101011110011000100001
010001011011000100111001001011100110011010110111001000011001001000000101001010010011000010001101
001110111111110111110001101001000111111000100110011010110110100110110010000111010101110000100101
100001000101001000011110001101100110000010110111010001001100110111011001100100101011011100111011
101000010000010111011110111000010001000101010110000000010010011001011110011000001110011100110010
011001110000000001110001000000011100111000010011110011000010001000010100111101100100010001011101
010011111010100101000000111000100001100101010111010110001011010101111000010111100000010101010111
011100101010000011011111011110101110000010011110011110111000111110001010001100001110101000101001
111100011111001110010000100011010101000000100111001010000001101110001110101011111100001010101000
111100111111001011001100100010111010110111101110011000100000111100101100110001101001100101011001
010101110001001110100010100100100000011000111001001100111010011011001111111001111011110111111010
001001111101101010001111000011111101101100110100110000000100111100100001001000010011000010100010
001011010011100011000010001111011111001001110000000000000011000011111110110010000101100110100111
111011111010110011011100011000110010011100110100111000010110110010000000110101000111001001101010
000011011100011001000100100100101110000001001111111011100100111011000110101100010001100111000010
000001000100101000101100111111001001000111111110101100010011100100100001101000100100011101110111
011101010010110110111001101010001011000110001111010000000000010111101000001100110100111000100101
111011111001001001010000000000101101011100011111001001000110001001000100001011101101101110000111
011001101101000101000011110001000001110111111110001111000000100110111010111010101100011001000001
001001011101000011110011011000111100001100011110101101100101100010110111100111010100101011100001
111001101111001110010001111101010000111011111011100011000000000100000111000111111010010100011011
011100011001000000111110111010001100100110110001111110100001000111000110010110100100010111101101
110100000010100101000110111100001001011111101101111101011111111000101110110001001100100100111101
011001010101011111101111100000010001010100110011110111000100111111110110000000111000101001110101
000001001011001111101010110010100100001010110101110110110110011010100000110110111010010100111110
001011011011001011111010000001000011000110010010011110100010110011101011100001011011010110010111
111100001111110001111110011111011010011011100110011001010000110010100011111000101100110010110111
100101101001100111110011101010011111010011011101100000110101100000100001100100010100001110001010
100010010010100001111011001011000111110001100111011110000110101001111111010000011100100001000101
010100011111111100001011000101001010011010001101010001101011001010110101000001111100000010110010
100100010111011111101111010111101100111011101101100011010110010100001110011101111010010010001100
110011100010111010111111010011010001100111001101111100000010000010000111100100010111011001011111
010100100111111011001100000100100111111100101001100100010111100110000111100000001001000101011011
101110000010110110010111110001111101110110000101001000010001000110111100110100010110000001111011
111100011101011011010100101100000110110001011100111111000011001011010100000101011111011111000000
101110111001001000101011000011100110000000101010001111111001111001110010111011010111011000100010
100110101100000010010100110110001000101010001010001001110010000010000101100110000010100011010101
001110001000011111110000110110101000111100001110101111100000011111000110010100101100000100100010
001101110110111001011001101011111101000110110001100101111001101010100011001010101000101101100001
101110101101101100001001001110011101011001111101001110011110100011111101111010111111011011110110
001011111001001110100011000000100100011101111111001011101110110011010001110110001001010111101000
100110100110010010111100100110100100110001110000010000101111000011011001100011110011000010011001
111111010000011111011110010100111011101100100010100000101100100011100001101111010101011000100011
100110000110110101010011111011111110001000000111101011011001101101100010000010110100111100010100
011010010001011000100100110100000101000110011011101110101000110110001101111110000011100001011011
111010011111111001101010000011101101000111101100100001001101100011010000010101000010100110010100
111110110101100100001110110011010001100010010000111010010000111101011001000110000001001011101011
111000111000110010001100100111110000011101000110111100001111001101000000000100100111111100011100
000111011100000001110010100101001100001110111111100010100011110110010101001011111001111000010101
110001000000000100101010010111010001011000010000000110001111001001011100000001011111101011001011
000100000101101110000000010101011100011101001010110001010111011000000110110110100101010001100001
000101111010001001111111100010110001001011001010111101011001101001000001101011111110100100000001
000110000011011101111010101011111011100100011000101111110011000011111001011100001010111000110101
011001101010001011011011100010001110110010111101111011010101100101010110000111101011110100001110
110110001100001001111000111101111111101111000100110110001001101101100111001010101001001111111101
110001010010011011000101111000111110110001110001111001000010001010110000010000010100010010001010
000110100000110100111110110110111110010010001101010100001010101001010110010100110111010011100100
011101000011110010001100010000011010100010100111110100111100010111101110000100110000111111110101
110011110001011111101111110000010010101010110011000001010110011001010001111001010101011010000001
110101001100001110000101111100000111000011111011100101010000100111000110110111111000011111110110
000101110101010000011011100011100100001111110000011001111110101011110000000111110111011011010111
010011000111110111111111000110010001001100001111101011000001010001010000101100111110001001000001
110100001010000111111111000110111010110010101000101000110001011100011011001001100011000010111011
101001010111111000001100000011000010101101011101101110101110100010100110011100001000101011000100
001100101010011111001100001010001000000110101111010110000010101011111101100110110110001100010100
001100011000100110101010011011100111111000101010100101110110111100010000000111101010011101000011
111111001001000110100011110100011111101101001010101010011011101010111101111100001111011110111101
001001101100100011110111001111100011000010111110110000010001000110011000110000001010000010010000
111101101100000000111100001000011100101100011111111100000001011001101001001000100100100000101010
011000110000101000100011110110000010111110000100100001110010110010110111000101001101110010011100
000100110100111101000110111011100110111011101111110100100000000001111000010110111101101110001101
010101101101011100000000110011001010100001010001011001110010011000101011111110101101110111100010
000101010111001101110010000010110000001110000000010111110001010010111101100110000100100110111000
110000110100001100111000111100001000011111001100010011001101111011111111000110100101011100010011
000000000010010111110000010101100100101001001011000111000001111011110111011011110110000100011011
101011001100101000000001110010010001010011000011000101000111100001110101010001111111000100011110
000101000101011100100010010001010111011010001010110001010101001000010010111010011001011000010111
001001111001000011100110111110011011011010011000111000101111010011111001011010000101010000101110
110010100100111101010000101011010000000010110000101101100011100001011001100110100101101111000000
110010001101101101100011101001001111111001010000011000100110001001010010011100011000011111111010
101010001011011100001101001010011111001111000100010011010110110000000011010101101110100011001010
001001010011111100011110100011101011001010000100000001111101010110110000001111111000110110111001
011010011001100000111011110010110011000001001111011101010111110010001011111011000001101110010110
100110000100001010010100010101001000001010010110000000100000011101001100100100111010111001000001
110100010010101001100110110100011101101000100000011000010000100000010100010001110000010011101000
011011011000111101000111101101101011010011111011110101110111110111111000001010010001000010010110
000011110111001010001110000011011000111100001111111100010001100110011101110110011101101000010100
110110000000001011001100011011001101111111010001111100010001111011011111100110110110110001111100
010110001001001000000100001100110000101010110011000101111101100110010111001100010111100110010111
111100001111010011001001111110101011110000001100011101010100010011010111000110101001100101100100
010101101000101010010001111000010001011100110001000010110000110001110101001100111001000100010011
011000001000111100000001111100111110100011010100111000111101111011101010101111100000001011010010
010111001110011010110000100010001110001000111111111000011010111001001000010001000110011111100010
010011101001110010100110111010001000010100101001011000100001001110011110101100101111011010010111
001101100100101111101101111100001010111100010111001010101111011010100101011011101011110010000101
001000100010011010101111000110011101101000000110000011001100110111001100010101101110110110100001
110011100111101101000000011100111100001010111001010000101010110101101111000110001001000000001001
101101001001100100110101000100001000101001100111110101001010010001011100001011101110100011100010
100100110011010100110010111001100001001111101011101101111010011011011110010110010111001111110010
010010111010110101111011000101101100001011111010111111000100111011001101111101111111101100000100
100010111110110011111101111001111111101101010111010000101111100110001111011101011000101000110110
101100101101100101010000100001010100011010011000111101001000000011101111101011110001110000001001
010101011010000110010011111100010101100111100011001100010111100001000010111110101011110010000011
100000000100111010011001111100111110001100110010011111110000110101000111110110011011100100000001
101110111001011001100100101110100100100111000011000101001001000001011000110001100111001001100101
011011000110001000010011111011011101010011110111100101101011110111110000011111101111100101101111
000001000001011011110101011110110010101101000000010010000100110010011001010100110100100011111011
000111111011011101101001011111110010011101010001011001110001010011110011010010100100000001000001
101010000100001110101101100010011001001010101100101111000011111010101001101111101101011111000100
110110001011010000111000100010000011000100101011101100000011111101111000110100100001010010111000
011011001111010001101001001011101000000000001001100010100011100101100000000010000101111100001001
000011101010101100000011111111000111110001100010101111000011100001011011010111111011010000000011
101110110011000101010110111100011111010111101010000101111110111010100110111001101100001000011011
111101101111010010101010110111110000100000010111101010110111010111111010011101000010000110110001
110111110000101100010000101001000010110101000110111000000100011000011111111011101011011111011010
000011011110111000000100101011010111011001110001000100000001001000000011101111001010000010000111
100011111010101100110011011000000101010011010010010100111100001000000011000110000011001101010000
000000111110110101000101110010111000110101010100011111111010100101001110011000000011101011000111
010011000100110111101001000000110101000001001011100100001000011110011001011010101010010101010111
001100000011101110110111111100110000110011110101000001010100101010010001011110110110000101000001
011001100010001000001110101110101001100011100111100010110010100010001101101000010101101001101101
110111100011000010000010011010001001110110001000111011111100111001001010111000000101001111001011
101010011110100010100100000100000101001000100100001000011110110011101010101111101111011010010101
011011110000110111000010010011011101110000111000011010001010100101110010110000101110100110100010
110110010110000000110010100000101010011010011001000100110010100110111100010011010110011100011010
110010110010000101111010000100011001011110101010111001010111011011110101001111101000111000011110
011111110001110110111011111011000010100011011001010111011110000100001011001010000010100110010100
101010000000110000011111001001000100111100110110010101111011100100000101000010000010011111111010
000111011001100001000010101010110011001101100101001110110011100001000010000100011110011100010000
010100111110101101100001010001010010001001110100001010101001001101100101100010011110001111100111
011100100000110001011001001011110010010010010000101110000000100011110111110110011001111110010111
101010110111001001101010000111010111110011111011011101110011000010100100100001110100010101110110
000111101100000011111100100111000100101001010111000100011011111111001011001101011000001011011001
100100001110110101101011011100000111010001010111000010110100110000001011101001101111011000010011
010100000101000001000101010000110010010000100000100010101011100101000111100011100111110100110101
000000111101101110111011001011101010101011011110111000001000110000001110110011111000111010100001
111010000111010000101111011011110011110000011010011110111110100000101010001011101101000000110111
011110110010101100011011101010111101000110011111111101111001101011100100111010111000001111100100
100100000111101100110010000000001010011000111100101111000011111000111001110010000111010001101010
000011101001111111111010110000000110100110011000101101000101011010100000000011100010111110010101
101111010111000100011110100110001110011011011101110111101010110110001001010000001011011010101011
001011000100000011000111101000011101101100101011000110011110111011001101011111001000011000000000
100001101000001101001111111111110010010000000000111010000010001111000000100101110111011001101111
110001010110100010110100001001101110011000000011011000100100011110001001010110010110101101110000
011010110000000101001101100000001001011011101001000001001110001010011000010111000001001000010001
101111010001010011101101101110011101000000000000100100010110001110100101110110110000000111111011
011011011110001110010100110100011110010001101110011101110011011110111111010101101010000111101001
110011111111100101010000110011010010000101010100011110001101001000011011110111101111111010010011
011111100010010101111011011010001011110101011001000101001111100101110011010110100111111111011111
011000010110101111010111101111001111110101110110000101010101000011000100110110100011010111001111
111001101010100001110100101111001000100010010001001101001001011101000101100011110110110010101011
011011001011101111100001011110101000101101100100010110111101101110100001010000110100000011111011
001111001001001101001010101111111001011010100100100101110100101111101101110001000000111011110011
010010100110111011100000110101110000001011111011101111001111111101010011000111101111100001001001
011100011001110111110010011100100100000011001111100010111010010111101000011100011001111011000101
100001111000111000000001011111010001110101100100010011001101001000000100101110100100011110100100
001001000100010001101001100011110011101001011011100101001100111101100001111110000101110101111011
010001011101101010010000001001000101011110001001011111110110101100101101110010100101001101110110
100110001001101010101100100111101000111000101001110111110111010110100000011000110000010110101110
011011111010000111100011011100110111101110011010110011001110001100100100111010001001001000000000
110010111111101011111011000100111000110100011100111110101011101010000110011110010000011001100001
001001001111001011101100011001001000100111010010100110110011000100101001000010110100100000011011
110011111111011011000000101011001100111110000000001110000100110001011011001000110001001011010011
111111110101101010110101000101110000111101001000101001000000000000111000010010011000100111101000
001011101011000010110110111100011101111010100000100011111110000000010101111101010011111111100101
100110100111001110010001110000010100010100001111101101001011001000011000101110010100110011001010
011011001110000110110001110111010101001100001001000100110010100001010000010011101011101011111011
001100010111110100100010111101100100101011001000111001101101001000000100100001001001000110010111
100011011111101010011001100001010101011010101111010110111111010101001000001111000111011101011000
011001100101100110000110000011010100011100010000010000011000000111101011110101010000011111001100
111001111010000001101111000000101000011100101011101111100011101001111100101011111100001001100001
100011000011110111001101011010101111001000110011001000001010100101111001011100101110000111101001
110110101010100110011100011111101111001011010000100111111101000000011101101000010010101010010110
001000101100110110010010111101010000000011100101111110111111111010010011011001101010101001011100
011101100010001010101100100110011101001101101000111111111001101000011011100001010101000110011000
010001010001111011101011101101010010110011000110110001100010010100110000101010110100100001000010
000010000001111000100111000011000101101100101011111101110011101010110000110100100111100101010111
011110001111011100110011000010101101100011011100010011101101010110011011101100010011110111111010
100111000100011111011000110001001100010111111011110111100100101011000011001000101001111001001001
111110100110010011110110100001001101011101111100001101000000011011101001001111100111110111100000
010110110001110011000100001001010010101010010100010101101011100110100001000001110101011110101011
000110000101110101001111010010011000001011101111110000111101011101110001101010110111000100101000
111000011101101100110100001111100001111011000110110100001011000000010010010001110100010110111001
101011011001001000010000010110011001000100110111010010010110011000111101010100101011110011001110
010001100111111011001111001101011101100000011001010100101111000010010010101101110111000011111011
111111000011000010011001011100100101000101111111110001000000001110101001000000101101001001010111
001011010000111011100101011111110110100010011000111111110010110101010111111111010101011111000111
111010000110000100001100111101101101101110000001000010101010011100001010110001101010000110000001
101111011010010111011001001010000000101010111001100100110010000000010010110101111111101000000000
110100100001011010111100011111010111000110010001100010101000110000001000100110001011111010110110
110000001111000010101001100110100100010010100111100011011000011111001101110110100011000001111100
000010001110011011011011111010100011101101011000000111100001011110111110011011110001010001011100
100101000011010110000010010110111000111001101111101011011100110010000100110010100000111100000101
111110110001110101000011111000101000010011011010010110001000010010010000110011100101011111101110
001001101010110001010100000011101010011011011011110010110101110101011101010001110010100000011011
010111101010010111110010001000110110001101000000001000110001010011110001011101001110001110011100
010101100110010010100100000111010110110110011010001100001101001111000101100100100000111110101001
010101000110010001110111010111000110110011001110000011110011110000101000100001100010110011010011
101111010100110111100111001001011001010000110010010010010001110000100111001000100111000010000100
001011010110011001001110000101011101100010010111110100100001110111011011000001001111101110110010
011100001010011010001101000000000101001101111000010100110111101110010011100100110100011011011110
000000010101100000100011011100001110110010010001011110101111010101001111011100010000101001111001
000011000001000101100110000000010011101111110100110000110010110001001111001101010110101001001101
010101001100011110010000000000000100000101001101010111011111000100011000001001100100011110110101
111011011000111000111110001101101000101110110010100000001000011010100110111110000001111000010101
110110111111101010110110001011100010110000010101111100011011111001111110000010101111111010010001
000101101011001001011000010011001110000011001000101001110010100110111011010011011000110110011010
010111010001001011100001100011000101111011111000101011001011111000111010110000010010000011001101
011110011100011000000100001010111000110011001001011110100100100101110011011001001100010100101010
111011000100111100101100010101111100101001000011110011001000101110011000101101111001001111011101
110111101110101101011001000010111111110111110000010101101001010111111000100110100100010010001010
101010100001111011110101001010011101110111100011001110100101001100001100111110010011010101010000
011101011111000000001100001111100100110000111110001010111001011000110101011001110111001001101011
010100101110101011001100111111010000110011111001001110011000011011001101001101010101100110000001
011101101000101100111011111111011101011000101011011001011110010000101110010011010101001110110101
110110010100011101011001110101000010011100111110110010000110100000111100110000101000100100000101
000100111101111010110001001001010010110101111111010010110111011101011110110010111010011100000001
111110001100001110111100001100011010011111000111101010001001001110101100101011011100110111111011
110111000010111010001100101111010000101101001000101101111000011010011010010010011011100001000111
000101000000000011000100111001100000000110000010101111101110110001101000100011111011011000011111
110111110001101011101101111000100110011111001001001111111001110011111000111011011000000110111111
000111000100011111101111111010011011111001000010011010000001101011010011100011100001010110011010
001001100100001000011000100011010110000101010000101111101100111100100110100001111100001011101001
010111011010000100010110111100000010001010011000000110000111001000100010001001111101111110000010
111110011101000000111000001000101000001011000110111010101101011110111001000011010010100101110101
101100001111011001111000110011011111101100110000010111101101010010011110100001010011100011111011
011011110100100011011110101010111100010101001011100000011101000110110010110100110000111001111100
100001010101001111011100101100110110100000110011100010000001001011100111010011101010111001010001
110100111111001100111010001100100101000001001100110011111001110110011001010000101111100111001110
101110111001110100000000110001011100110011110000101001000010011001010010110110000011011100011100
111100111011110000010000011110010000000110110111100000110010010011011011111001110100010001011011
011001001111011101100111101100010100011101101010010000001010010000000001110000100111101111010001
011101110110010101110111100000000110110110110101010010000001110100001000110111111100110010101010
010001011010000000001100011110000111011100000000001111101101110100011000010011011011110100111100
011101100110111001010001111100101010101010101111100101000000100010110110101011111111110000010101
011111010100010010100000001111101110111010101111000000001111111110001000000000110101110010010011
011100110000000011010110000010010011011001000110011100000010101111001010000010011100100010010110
001010100110110111100010111010000111100000000100010000110110111110000101011101110001111110010010
010111000110000001011100100011001111010011110011111011101001010100101110001000110110101011001111
101001110111101101110011101101101001100111010100110110011001110010011001001011001111101110110110
100110111010110101110101111010100010011111100110001000101110000001010001110101001010010100000110
001000011101100011000001101110110010100011100100010111010001010111101000010111111010110101101000
100110110011110001011101110011100011101101001100100100001110110001110011010101111000011000110110
110011001011110101010110000011001011111101111100011010110101011100000101000011111000011110101111
101000111001111111011100111011111000111101110101111100011100110000011111011101000001100110011001
011001010010110110000110110001001001000010101110101000101101101000011110001011101000001000100010
110101101110000010101000000110100010001000000101001011001010000100111011001111110010001110101111
111001001111100100100010101000100010100101000111001001001111000100110001101011101011111001101000
100111110100001011000010101010101011100010010100101001100011000100001110000101010011001110010010
100010001101010011101110111110010100000000110000000100101100100110101000010011111110001010001101
001011111111011100110001101001110001101011001101101101010011010000110111110010000101001100100010
011010101111100010000000001010011000010000001100010101010000000111001001110100010001100100101111
110011010010111001000001100111010010100001011110110010000101011011110110000000011000000101101111
010100100101100111110001000001010111000011101010010010100101101001101100111010000011110101000110
101101101110100100001110101101010001111101110111110100100000000101001000011100100100010011111100
011110110101110010101001010110000001100111010111000010011100000110000111100100010011000110011000
000110010011010111011001001101001100111011101001010100010101110101110101010100000010100001111101
101000001110110000110111100111101010001010011010001110101000010001010010001110011100111001100010
100110011110111110010100010011000100100011010010001000101010111000000010101010000011111000001100
110011001111110011111111100101100010100110101100100111001110100000100001000111111001001001111111
011111100111111100110000011000101001011111100000001010000000000010010010010110000100100010101101
110010010100000000100100011000101110011011111001011110110111001000101011111100001000101101010001
101100000011111000001000111101110111000010111010010111101100111100100100011101101001000011011011
001000100111001111011011000100000000111010011100110001101011100100110010001001000001100001110111
110101111111110111111100101000001100001101101101111010010000110101001110101111111100001101011000
010000010100011010000110011100111011110010001101011100011110000100001001111010001011011111111101
010111101001101101010110110000010000100001110000001111110001111110100101001110000000111111010110
101011010111000110011100010010000011011110110001001001111101010001011100101101101000111001110001
101011000011000001010111111100011100010101000001111001001011011111011011000100001100111110110111
010110010001010001010110101111011110110100110101011010000000110111010001110100000011000011011100
100011101100100011001001111010001000110101011111101100100011111010100100001011101000111101100011
111110101101101111100101111110001100111001010011010110111010101010111111111101000010101001001110
100010001010010101100000011100101110110010000111101111100110100101101000100100101000111100110100
111010010010101101010000011110010110101111001000011000001011100111100001100101000011101001110000
101001011100110110111111111101110100101001100111011000110010001101011110110000101110001000100011
000100111010010011110011011000110011101100111000110111100111100111101110011111000110100000000111
101011010100100100100100001010101110100111101000011100100000011111000011000111110111000110000100
011001001110001000101110010101110101011111111010011110010000100110001001100011011100000010110010
001000001110011000100001001011110001010000111101011011001000111010111111000011010001011110100101
110001111111101111000001100110010100101010011110110011101100100010011110000110011001011111000101
100111000011111100010111100100000110011110011011111100111101110000001001010100111110001001011010
100101000101011101000011010100010101100100110011001101010010100101111010000010000111001110000010
010101011101100111111101010110100001010011010011000010101100110111111111010111100011001101100111
000101000001100010100101111101101000010001001101000101000011010101001110100001011100111100000101
111110001010000011111010011000111110001111100101100010101011000010100010000100100100000111010100
001010111110111111001100110101010010100110011110001000100100010011100010001011111000101000110011
100110000011001110100110011010111011100110010110011111110011011110100110001100011010101110011110
