010001011001110100010000110100001100010011000010000000101010110101001010110000101100001111101000
111011101001011111010111000010001111101111111001111011001000001101000111010101010101110011100000
000111010000000000001101001110100101101000111001010101110010010101111110000011100100001101101001
111000010110100011000000101101001110111010111100000011100000110000110000101110100010010000101011
001101011000011101101011011110011010010101010001000100110110111000100100010000010111110110010010
101000110011111001001101101011110000111011010100110101110010110100110110001011100111101011111101
100110000111000001111100000010000000110101000100110111101000100011011000101101111110101101111010
111010001110000101111100011110100011001101111000101111001001011001010101010011110000110000101000
100001001110100110110110001001101111110110110111100101101111001100010000110111001111011011110011
101010010100101011110110101100111100101010110110010010110101011100010101100001100100110010110101
101110101000001101011110000000010010001001011111110111100001000101101100110101001010010100110001
001100000011001101110110000011001000110100101010011101000111000110100101010001000001010011111011
011011111101000110101000011100010101100101011100111100011011110000111101010000101101101010010000
010111110011011110110111011000011001110110010000111000111000111001110101000110110100011000011010
010000101010100100010001111011101111101100000111110110100111111010101111000011111100011010000110
010011011111100100001110110100011011001010011100100000101111101101111001111010011000101001001010
000000000010100011011100010000101000100111001010000000110111001011110110011110111111001000111111
011000101111001011101100000000010101110001110000110111101101000001001101100101010011010101010001
100111011001001111101100101111101010100000010001111011111011001100000001010011101111011010001001
110100111111101010100001101001111001011000011100000000100101001110101000001001000111010010101111
101110101010111110110011111010000011100010101001011001000101010111110011010101101010011100011101
000011101100111111010010011100011011111010001000000101001011101011100101110000111011000101001011
010100010001001111100100001100011101010101001100010100010101011011100001010011110000001111100011
100000111111011011101101011001010000010110010000100001101001110100000011110010001100101101100101
101000011111101000011101010111110000011000000111011110011010000111010111111100001010000100110101
100110010001000111101110100101000100010011011011000010100001011011101010100111010010101010101010
110010100110110010101101011000111110010100000001111000000111011000100000100111100111001001111010
100000101111110000100101000011001001110000001010100001000001001100001111101011011011010100001100
001001000101101111001100110001011010100101011010001101101001011010001110001100111001101101111111
001111001001011001001110101100000011110000101001011100011000111111110111010110011000110010110110
101010100010001101111110000100100111000001010110100110110001101011110000000001001101111111010101
110011000010000010110110011001111001001100011001100010100000100000010111000111101100000100011101
011100011001010100111001111111001001110100000010110111101111010011100010111101010011100100101001
011001110110110011001111101110100001010101001010000001111111111111000000011101011111111001011001
001001000000001011010100111001110101010101000010100001110011111001010000100000010101000011100110
111100110101110100010001000111000101100011110000111001000001001101100000101000010010110111010011
101111011000010001101001000010101111111110110001111011100110011111101011111110111101101010011111
001010010000001100111010010010011111000000010000100011111011101101111110100110010001111110100100
111110000100000010101001000111111011111000110011001100010001001010000100100011001011111101001110
001001101000000000011110111110000000100010000101110010110101001010110100010000111110000110000011
000110100000110010110111011011110111100011111011111110011101111100000000100010001111001011010111
110110100010100011010100101001011111100100110100111101111001101011011100000101111110001110000110
010000110111111100100100001000100100010011010110101101011001001010001011010010011110110010011111
001100001101001010100111101000100000101011101000001000101111000001011110111010101010011111101001
110110100101010000110101100110101000000000010111001010000010010011111011001001111001001111010001
010110101011100101101001111100001000101111111100000000001010000011111011101110001000010011000010
101110100010001010000010011111000011000100101110111011110111111110111011001000110011010110110011
010111010100111011110000000111110110001110011011100100001101000110110100111111110101011011000001
001110000111011101000101111111001111101101100111010101111000010111101101110010111111010111111011
001110011100101000110111011000011111111111000111101010001010111110010011101000100110001001101001
110001111101101111101101111101011101011000011011011100011100111110110111111101100100010100100000
001000000001100000010010000010101011011100010111110011011000111000011110011000111011111010110011
110101100011001111011010101001101101110000100011000000100011000110011000011000101001001010100101
110011110110010111010100000110001111101110101000011000111111100110110011110110000111000100110010
101101110101100111001011111011101111110110111110111110011111111001100101110111110101001111111000
001001111101000000011010111101001011011001010101000010101101100011111100001010111101110010110001
101011001111100011110001001101100100101101111001100000110010010011100100110101100001110101010100
100000001001111110100110000011111111110100100001101110001010100111110010101001001011111101010100
101111000100001100100101110010101110110000000011101010011110110110001100101100010010101111011100
011110111100000000000000000110001000110000011011110001101110011011001000110001100010100001111000
111111011101000001011110010110010001010101001100011011111111010011011111110101101111101000111101
111101111010111100110010100010100000100101111110010101100110011111011110001100110111111110111011
011000001100101000100010110001011110101101000100000100100010011100110011110000110000111100110100
000111000001100110011000001101100001001010111100001101000010100000000010110110010110111001011110
011111111011011010010111100101111110110000111100001000101111101001111100000101100010010100100110
001110100000011101111011100011011000001101011010000100000011011111010011110000011010100001101101
101111100110101011010100011000101111001010000001110100011100001011010011011101100001101101001111
010000100000001001011010100011001110001110000010011000111101100100000010111010001001100001111010
011110010001000111100001111001100111011101000111001011110010100100111011110101110111001110010101
111000001000101001011101101111000111100000111110110000001110101000011011110101011010111100111101
110111001111010000001000011100100101001100000100110001101010000010000111110111111010110010110010
111111000111100000111001010101100010010100110101100010101001100000101001100000100000011101110010
110001000011111100010101010000101000101011001010111100000101010011000010111110100110011100000001
001111100011010100000101011011101011111100000000110010001000010110001100100001111101001100011001
001111011000011101100100011011010100111011110010011100011101111011001101101010101100010100111110
000101110001111101001011110100111000111000101111001000110110100011010100001001111101100100001101
010101111001000100101101111000111111110110101111000010100010011011110111110011101101010111110111
000101010000110111011101101101110000010110101000001010000110000000010111100111101111001001111110
100100010100110100001000001000110001101000001111001101001110100111011101010100110110010000100100
111000100110110111110001101101101010001000111010100010110110110101110101001001000011111010110000
011101111110000101110100110000010101011000001101101000100001111001001000010111101101010001110111
000000101001010011010110110000011110101001101111111100001010111100000010011011110100001110001110
011100101010101011100010010000010110110101101110111111110101110001001110101000100111000000011111
110101111011000100001000010111101000111100010100000000001001001010011010001000110000001100011001
110111101100111011001110100100100000100010100110111101010101000111100111010001110010110000110000
010011000001111110110110111000000011011101011001010101111111011110001111100010000000100000001010
110100110011101100010100100001100010100010110011110000001101001100011010110111011100110111011000
011100111110110010101000001110001000110101000101001011010101010101001110110001110101010111111011
111000101101111010110010101011011110100011110010000111000011101011101111010110010011110010111001
000100000111100111110010010110101000111111011010001010101110010110110111001010001010001010110001
011100111101001100110000111101000101011001000011100101001011111001111110010111100001111110000101
001011101111101001011010011001010111101011100000000100011000110001000010010011111110111010110001
010110101110011101110011111100000000000000111010110010100100001101011001101011100010100100000101
101001010000000100110010010100001001100000000100110111111011010011000000111011100100000010111100
001010010101100110100101001100010001010111101001101011110010011110001011110001101100010100000010
110100001110010011100101011101100001100011111111000000001010001111101011010101100111011100111011
000101011010011100010110110011100111100011111101110000111000100000001001111001001111011001111111
000101100110111100000101011011100011001011001001011100110010100111000110101111010100001000110111
010001011101011011101110101110101101011110110101000110100110011011000110101111011111110000010100
111011101011000010001011001110100111011001110111010100110001011111010001001111100110000101000011
000101011101011000100111100111111010101111001111011001010000100100000100010111101110001111000011
010101101101000000011110111010011100110100000001110111010111011100001110111010001110001011010100
010101111101110100110110110000111110110011010100101000000000111001010000110000000111001001100011
100001001101110110011011000001001111010110001000110111110001000101010011111110110011110110000111
001110100100010111001010110000101110011010111011011101001011111110001100011110001011000000100000
101100011001111101001101111110111011100100100011110110101010001011110110111111100100110110011011
100010110000011100111110100101100111001000101111010101100111001000011001001110100000110001001110
000001100110001110010000111111111010000001010000001000010111011000111111010011100011110110101011
000000110101110010100110110011000110111011100111111101110110110110101001011111011100111110110001
001110011010011100100001000101000001000010001100111100001111110101110011111110001111100001000001
011111101101000010010101011110111111110001011111010001101000001010011000000000111100110010010111
100101000110110001000011011011110000000101111011111111001001010001101001111010010001011111111100
001101010001110100000010011000100011000111010011100110111000000000111101110100100010010100000101
011011100011100110001111000010011001011000110000110101100010111001111100101101011011001110101111
111011110001100010100010011010001011101001000101000000001110010101101000011000111000011000110101
111000100110101110100110111100000111110101011110001110100010011000010111100111100011011010010100
101001100110110010101000000101011110000101011110001010101010000101010100001011101110110111000100
011110111101000010010001110000100010010111000101111010000111000001010011011110001010100010101010
101110100110011111000100110011000010110110011010011111000011010100111101100010000110001011000100
001010110101110110100001100010011101111000000111000110110011101111101101000110011010110100100100
011111100111000001111101101001100010011011111010100010110100111011001101110000110111010100111100
111110111100111101001001010100100010100011010111110111101010110100111100111101110001001011010110
100100110000111111010100001100010101110100100001011000100100101100001000100100010010100001111110
100101100101100001100001101110001110110101001000010000010011110100111011000000110110011100110101
010010110100111110010001011000001100010010010010010100010011000100011101001110010111011100100011
111111101110100110000001011110011001001011000010101100111010010001011011011110001110100100011101
001110101100111110011100000001101100010101000001000111001111001111000000101010001000100001100110
011010101000011101011010011011101111010000110110110001110001110111100010100101011110000010011011
110001111000010100101011100010000100111100100010010011010000101101000001110110101101100001110000
010101000100000100110110111001110000010110011111000000100011011000011100101111111010000000100001
101011010101010101101011000010010000111000000001100110111101110011110000000101111110100000010111
011100110001111010100111100101110000000010000100011111011001010101110110000100001111101111101011
001110101110011010100101000111110000111100001001000101111111010100000111010101001000100100111101
010111001001010100010101010001111110000100101110101011011111001100000000011101110001110110100010
111000111011011111100100110100101101000100011101000101101000110100101001110111001101000111010111
100000001000001100000010100101000101000011100010111010101100011100111111010000001100111011100001
010101110100110000100000000010100110100011111101101000110010101111010110001100001011111000000100
100010000101101111111100110010010101110000111101000010101000000000110111101001000011111001010110
101100110100100000000110111100111110000110011010011100101000010100011111100001100100010100011010
001001010101100110001010000010000000001000001001110011010011001011000101100011001100010111001111
010110010100000011111100010000010000011011010001001110001001001101000010111110101010011000011110
011100110010011111011101111111011000111111011100101010001000010101011011101101010010101000110101
101111000110000011011001100111101111110100001000110101100011000011010000110011100100011001001101
011101111111001100011100011011100101000111010100000010011011110000000001101000101100010110101000
001011100000011010011100011010101101000100111010100001100011100000011010111110011111101011100001
111010010101111001011000111011101001110100111110101001111000000110111100111100001000100011011111
110010110011010001100010101111110011001110101100100100100010000101001101100101010011001110101110
001111011100010011100011111000100110011110110100000100101110000000100100111010000110110011100001
110001011100011111110001011101100100001000110011110011100001101000100011111100111010011011111011
001111100101111110100010111111001101110010111111011101101001110101000100001011000110100000011000
001010000010101101110001101001001010110101001110011011100010111000011111010000010101010000000100
000101001111100111100111000001100011001010111100010101101001010100001111100010111001100110111000
010111100101000010000010011010011101011001000101101011100001110000100101001010010101001100111010
001100111111011001011100111000010110111011111001110001110100001101000000111001110000101110110100
110111011110000110000000011100000100000000010111011011100011001101101001110111111100111001111100
010111111100010001110101001001000001001010000000010101111000010000101111011000100011010000101110
111111101011111000000010001100010101101011010110101001000001010011101110101111101011110010001000
110110011110001000011000111101110101010101000001011000001111000010110001010110011000110100010011
101101110001000110110101111000101011001111110001100100011110001011101000100010101100101101101101
100100111111101011010101001011100001101000100010100101001101011011101100110011011100011011101110
100000110000001100111000111010110011000010011000010001111000001000001010100000111001010101110001
011010000010010110000000001000100101000000100110011011100101010101101001001010011001001011111011
011000100000101111001011010000110100010000101111101101001101110100100110011100101000000010001001
110100001110110001001101010011101000011100101010100001101101001100011011011111100111010000101110
001011101001101111111001000010111111111010010100001101011101000101110000001111001010111111000111
110100010010110010011010000000011101001100011000101101101111001011000101001011110110110011010011
100011110110111101010000001000110010001111101110110001011011100100110111011100001100111101110110
000110000110111010011110000110011110000011111000110101010101110000010010111011000001110001011011
010010110101101110110000100001110000010100001101110100011000001100010000101101010011001110110011
010100110010111111110100001100111110001001110101011010010000011111111100011011100111110001011111
010100010100100100000010001001001101010000101000110101010011011101111110001000110010010101011000
000110110011100110000011010100000011001010001111101010000010110001100110001001011000001000001111
011110110010010100100110100000001111111110001110000110110100000001101110111011011110111011001011
000010111000000100010011111111001111011000011101110111110100001001111010011100100110101000101011
011110001110110101101111000011100011111010100101001100101100100011011000110001101101110100010101
100100001100011101111101001010010001111001010000101100011010011000001010100000011000000111110101
110011010001011111111001011110101110101111001101110001010010111011101010110001000000010101111111
011111110110010001111010100101001101101000001100100001001111100101001110101001010110100001100101
010100110001010000100110011011000010001111010110000001011000011110101010010011010100100100110011
001110110101010011111011011000001000101010100010101000011011011001100011110001000010101111111110
010100011001001011001100110110101100010111100010110100001011000101010011011110000001010001000011
000100110011010100010011101110111011111111010010100101010101110101110000010010111011110101111111
100010100011010100100101011000010001010010000011010111111111011001000011000011100011010101110001
111111100000011000001100110011011110111110000110011001100011101100110110101110000010100001001010
100000101101100011010001100100010011010100100111101010010100100110111000101111101011010110001000
111111101010111101000111101000101100010100000111111000111100100011111100000100101011001101110001
000001000110111101000101101110011000100011101010110001001101100101100100101011110011110011000000
101011111010111101101101001111011000010111111000100000010111011100001111111011110110000000000111
010010110110111111001001101011110110001000010110111010000111010000001100110110010100100111100100
111101010111001000001100001001011111101111001101111111001001111110000010011111111001110011110010
100010111110010101010100110110110010011010000111100100101101101111011001111111000100101100001111
110000000001000111001101100000010010011100101001111100000111100111110111101101010110001001101100
110110001110010001011000101001111011101010110000100110001010001010110000110110101000111101100101
110000100110100110000001101011101010101111001111001000001001110010010110010001110110100010011110
010001110101110111111101000011001100111111001001000111100111100001000000000100001101011110001101
111111011110011011101111011110001001100000011011000001000010100000011011000110111110011010111011
110001101101100110100111000100100001001010100001111101111110001010101001110100110110011000011000
111101011010011111100101101000100010001011110001001001001101000010011011000111100110100000010000
010000000010010011101111001100010100111110111100101011010101001010011011100011011101101010100001
011101111000111001001001111100110011001110001111010001011010100010110100001111101111000100001101
000100101110000111111010010110110100000100000101100100001110010010101110000100101001010001111000
000010110101100101110010111110001011111111111001001010110110011110010111010101101011110100001101
110100011001100110011011100101010010101000101001111101100101011101011100010001001000000110100001
011001101010011000101011010011011000011111001010111011101111111000110001100000101010111001100001
001011110101000101100001011110010001101011111000011100000100000011111001111100000111000101001110
000001100001101101100101010100000010110000010001111001011001010100110111000111011110000110001000
010000011000001110011101100001010000001100110000010110101001010101100000000101011011111101011001
100000110011010000100010001110111001110000000110101010010010110101000101101011101110000011010000
000000111011100010100001110111010111100000111111101000100010101001000001000011101111010001100101
011101110000101111010111010000101100100000100010110011011011000000100001000100100100011110000010
101001110101010001101011000111111010110110100110100101110001111001101111111101110011000110111000
001010110001101011111010110000010011011110010111011000111111001001110101001100011100010100100100
101001100100010000001100110001010001111000110111110101001111001011101110010010000000011001100100
011100111000000001011011011001011101100001010010100100000100111001101100110011000001001000111001
000000000011011110101101110011011101000011111000001101100111010010000111011001110111111001010010
000110111101001001111111101001001111110101010111101111001101101111100001010100110011011000000101
110011010010001101110101111101010000011111100110001100010000010111011101111110101100000100101001
001011011010000110010010000000001111111011001001001000001111000010110100011011110010100010111101
001011010111000011011000010100011111001011001010011111001100100100101010110100101010001111000011
000010010010011011101111101101010000101000100000100111111000101111110100110010011101110001011100
111001001101011011100100111111101000010001011000000000111000101000111111111001000100001110110001
001100001110000101111111111010000001000000110111100000111100010011001111001000011110000010001100
011010011100001011100001100100010101000001001001101111001101100011111110001110001100000011101111
011010100111011100111010100000010111001100110010001010110111011001000100011001111011011001000000
101010100110011110011101111010100111011001110001011000001100111010001111000101110100001001110001
110100111011100000001101010111100110101000010010110001100101000011101001100010000001011001001101
001010101111001101100000110110111000110011001000010001100001000111111101101111010001100001110100
010000010011011010111101110010010100110100001100000100110010001001110100101011111001100001011000
011111110111110010110101111001101110010011011111010000010010110010101101110001101000000001010001
011011111000011101001100010011001011010101011101001001111111101111011011110100110011101111111100
011001100111000110101101101010010101111100100111100001100101101100001101011000101100010001011101
010110111101011100000010000100000110111010101101100010111011111001101101111111000100101001000010
000001010110010011111010101001001100011110000000001010000001101010101100100101011101111101111001
100010001110111100101111011100011010011000001001111100000111001011011011010000000111010110001100
010010000011000011001100011101111001010010110000110001110000001100111010101111101110100000110101
000111100001111010110000110100110101110011101010011111111000010100100011010111110110001010110011
011001100010000011011010000001011011000010001011000000100101000101110001111010000001011011011111
000111010111111000100001000010100001100011010011101010100101010111011010101101011001101100000101
011000111111010000100101111011001101010100101100010110111100101100010111111011010110110100000001
111010010011110100000010110000100011010010101010001000110010001100101101000100010011011011011010
101110111001001100100010000110111001011110110000110100111111110110001110101001000111011110001011
001110001111010000001001101001000011011111110010011010101011010011010001011011110100101001011010
000010000011101100100011000111001011111101101111111100100101101101011101101010110100110010110101
001000010011100101100100001001110111100111101010011001101011001010110111101100010101010110100101
000010000101011111100011001001101010111001101000100001110110001100010000010101100001100101010000
010000110101010100001000011111110001101111000000111111010001000001101011001101101110100000001010
010001100010011011100010000000010011110011110100011000000111110110000110001000110110011000110101
011001110100101011110011011001000011000101100100111011111111100100001001010001101100011011011000
001000110111011111010100111000110101101011110000010100011001011101000011111101001000000000001110
001110000000110010111000000110101010110000111110001100000001011010110000111000001011000011000010
001001111101001101000000110111001101000100101000001100111100010011010011000010010001111101011110
001100111111000010110010100101001011100110010101000111110100000001011110101101010110100111010101
001010101100011100011010111010010010111010011110000000100110111110001110110001010111101111011011
111101011101010011001110001010001000011000110100101100101000000010001111111011111000111000000011
000100011011110010110110010010101100100100101110110000010100001010000110011010011010110000011111
000010011010011000111110101100010101100010111001010010100010101011011000010101010001000000000000
111010101101111101010011101010010011111110000100011111010001001111010110001001110101101010001000
111110101010111000010000110000101001010100000101111101101001001111110110111111011000111100011111
010100011100001011100111011010100110001110011100000101110000111100000100111000111011100011000100
111101011111000101100000100100110010110000101111001011010100110011000010001101110111111011111101
000100100000001110011011011101000101001001000011010001010111110010101100001011100100000100111010
000011000100000000001100010010010000101100000110110110100000011001100001101101110001001100011101
011110110100001001011000010011001000101111100101111100100000010001000001011110010100111111000100
111110001000100000001011100010101011111010111111011011111101011100100111100000110100000010011010
010001100001010110100110110100110011110111010110010100010000010111001000111110111111011111100010
010011010101110010100101001101100100010001011110111101010010010011001101001000110010011100110111
110100101100100100010001001010001111101110111101101100010101111000101011111000111010011100011011
010001000010101011111110001100101010000110011110001100011000010100000101001010111011010000000101
101011110111101100000001100110010110000110001011100101001000110110000011001101110111101001001100
011001110010010001110000010110111110111000100000111000000111011110011010011000001100100100110000
000111011000110011000010001011000011000111111010101111101000011101010101001111101011110001010011
011100011100011000100100100100111010101110010111111000000011000110010110000011011110110100011110
101001011010011111111001100101010010010101110000111000010001110011101000001000100001011001110010
000111111111010011100010010000010101110010011000111100000101100010010101000101101010110010101110
000010110000110000011100110000111101100000110101110101101001010100001100011110001001100011011010
100001011101001100010001101100011011001000000111110100101001100001110100111011000000111111000110
001011110111001001001110001001011100111111111110111100000101110101000010110010110010110001010101
000111110011010010101001000100000011100111001101011110110110010001001001110001100111011001100110
000110110101000101010111111111110000000011110100110000001101110001101011100110011001010110101011
010011000100100100011100000011011101010001010111101011110010011101111101111001111101001010011011
111000000100001110101011111000100001110010010001101110111000011010001000011011110001000001110001
111010011001101000111111100010111000110011100100110100110100101001011011001111110100110000000010
111100011101111011001101011101010111011011011111110100010101101111000000000101101101100000000111
011111100010111111011111110000101001001110111010000001110110010010111010000001010001111000101101
100001101010000110110000101011000011010110111110010111100011101001000001001110110001000000110100
000001010011010000111101111011100000110100111010000011110011100100001000011110001011011001111001
011011010100101101010000011110100011001100110110001000100011111011101101000111000000100011110100
101110000010101101011010001110100100100001001011011111010111010111010111100000001110010011001101
010001010100000011100000101110001001110001000001000011001001100000111111110010011110110111011011
010001010001000011011100110101011010010001100100001100111000110011101000111011111100110000010110
001101000110011111101001010001000000011101110001101101010100101001000001011001111111001110100000
101100100000010111100110010000110000001000101000000110110100011001111011110011011010001010000011
101100000010000100001111000011110100011010111111001011100110011110011010000001011010111111100000
001110110101010000000000101011011110010110100010100111101000010100100101100001101001110000011010
001011101000100100000010110001010101100011000101100110001010010100101111001100100101101100100111
011101101100011110011000000110000000000011010100001011000011111111111001011011101000111111111100
111110001101101011011011001001011010110000001010001111010110011011011101111100100111010110011111
101101010001100000100001111011001000100001000110011100010111110000011001001011011110110100101011
010010110110011111111010001100001110011111110100100001010001000110111110010100011100011101001000
110110011001110000110101111000000101000001000100010100011000101011111000001000110101111100011011
000000010001110110001010101001111100010100110111101101000001000100011001000111000010001101001111
010101101111001110110001100010110000001010111111110011010110001111010101010111110101010000011011
101010100010110110000100001010010000001010001101100111110100011011110010100001011110111110011101
110101010111101110101011101010101100101000111111010111101101011010110010111101101001110111011110
011110011101111001000100100000101110000010010010101100110101110000000000010000000010101010001010
111111110001001010101100011000100101101011000010111110001000100001011101111011101111111101011011
011100100011001010110111101101011000011011110100100110111101111000101110110111100100011010100110
111100011001110010011001101011001100000111101001111011111101111000000110011110011100010110101111
110101100010111110111010110101010010011100000100010000110110011111001100001100000011101011001111
100100100101111001110110110000100010101000101100011110011101100110111111100101010110110101110001
010110011000101001010111111100000010010100010111101000101001010001101011001110010101011110001010
001011101000010110010011111000110111100110000101001110000000011101011101001100101111000010010111
001110010111011011010101001010110101111111110100100100110010101101111001100001101111010010011100
000010010000010100011101000000001111111010100001100011110101101111100111001101111101111000011101
101011001110000110100110100010101101000100111110000110001100111100010011111000011001111110000110
110011000100101110100111011000011011100011001110001110001000100100001110010011101111110111000001
111001110000000001000101001010111110101000000101001010001011011000110000100001110010110000010000
111001000100101101011001010001011111001010110011011110000111011110011000111011101100111101100110
111101010111110001011111000111111110010110001010011001011001010001011111100110011100110011111000
011100000101101101000100001100110111011010000101010101101011111101010101000110001110011011111001
111001100000001000110110001001001100111101001001110000101111001010110110110110001100011101101000
000110011000111111110001001000010001110000110010101011111000001110100101001001110010100110000000
100100101100000110100110110110010001100001000000011100001111110010100111100010100001100011011000
000100111100111100011011011010111010111111110110111100101001001110111010110100010110110011000111
100110000110001001010100010010001100100010100101101110010111100010100011101100100110000100110100
000111001001001011110001001100110100110111111110101010011000111111111110000000000100101000010001
101110101100101101000110010101011101111110101111111111001000110111011011011111110000101110100101
001100011000111111001000101100010101000100011001011110100111001100011010101111100010010101100011
111000001100001000110110010111010011111010011101100100000111010011101001111101010101101000101011
000011101001000110011110100101000001010111111111110001111001011001111111110001111111001010011100
000100111110101000010101011010001101001100010101011011000111000010110111011010100111110100101101
000100010011011001111111101010110110110101011100001000110110011101001011101010111010101100111100
101000001000110010111000011111011101100110110110010001111111000010111110101001010001111001101100
001100001101011001111010000001100001110010000110011011101111011110100101111110000010101000011100
011011011010100100000110001010011110010011100010110110011001110101111001101000110101110101100010
101000010001110100001111000011100101001111000011000100000001011111001110100010101011011011000000
111011000011100010100100010011001111000011010111111001100101110100101001101110010110110001110010
001100000101110101100001000101010010111001001000100010101000001110011110101100000100000100000000
001100101101100111100011101101001101010111000010001111101101100001010010110100001111001110011001
011101001010010110101100110101010011111101111010001011110101011001101100000111110100111111111011
011010001111100111110111011011011111110100100011011110100101011111101101101100010111001000010000
110111011111001101010111001111001111001101111100000010001101100010010110011110000100011010110000
110110010100010010110011001000000101000101100011010101010111100101111000100101100010100111110100
010011001101110110101001110101100011001011011110010010101001101011101110111000110010000110110011
100011111101010110001111001001010110101110101000101001110010011010111100000110001100100011111001
111011001011001110011111110000100010110010100000111110110101010111111001111010101001111101000011
010011010010110111101011101001101001000010100010111010010111001011110011111111100110111101000001
011111001100010000001111111110101000101110110110011010111111010100011010001011100101101011011001
111000011001110000000011010001010011001101101101100111111000111010110111111111100011000010011011
111011000111010010011001010110111110010000100001001110000100110011011111111001011011001011101001
111010111111010110011100001010111101001001000101110011011110000011110110000011110001001100001110
000101001000010010101011001010110011010000000110011110011111100111111110100111010000010100000101
001101001111111001010111000100111010001101010100110100001000001010011000111101101111111011110101
011011110001010110011100001100000000000100100001110001000111101101001111101111000100000100011011
100011100000100110011110101111010100100100101111100100000110100001011110000110101100100000111010
111000100010100000001001110001001001100001101001001110001010001001101101010111101001101100001100
111101111000111111101000010000101001111001101110101000111000100101010101001100110000000011001000
110110110100001101100100111100101001011000101111111100001010110100111010111111000001101111010001
101101000111001001110111001011000010011111101111100000101111001101011101010110011100100010101001
110001001110000111110111001101101010011100010101100011010010001011101000010100001000001100000000
110100010010111011110101010000010010000011100111001101000100010000101010100111001101100011111011
011111010111001100000001010101110110011100001110100110111111101101000011001110101110000110110111
001110111000010101001010101100110100110000100110001100100101011011011101110111010110000001010001
101100100000100100010110001100111101101110000110011000011000110110100111001001110010101110010000
001011001100011100000100011000100000110010111001000101101000001110000000011010101011011001001100
110100010001011010111100101101101011001101100001101001010110111110100000101000111101110000111001
111110100010111011011001001001111011001001111000101110011101111001000001001010001100000100010101
101010000000101101001010001000111100010101110100101110001010101100111110011001011001010001010001
011000101011010011110010001010110111000101101000001000110101100101010110001100101000001001111101
111000001010111000000000011011011010110101100011011011000100000111110110001011100100011001110101
110011001001010000010011101110111110110111010110101111010011001110101010010000111011110100010101
011010010011001111010101011011001011100111000111011100101011011000001100011001100010100111011011
110010011101101000001011001001001000100001010111110101011010011111001001110101111011010111101110
110001001100011010000100110100010100010110001000001100100111010000111010011011100000100101010000
110011010010100000000000111010010111111010110011110011111011111000001110111100000001110011101110
110010010000011110100101010001111101110100111111011111001111110111000001100101000100101110011101
100001110000111000011010010101101111100010000110000111111100111111101001100110101110111010010011
111001110101001101001101101000011101101010011010101000100001001110000010010000110111000110111110
111101001010000000111110000110000011111110100101011111111100101100111101100101011011100110111111
100000010000111100000111111001011110100110010000100101101011101011011000010110010011110000001000
101011010001000101101101100011001001010110110010111011101100111111001111101001010111111000100111
000100100100001101011010010010011011110101101111010111111000011100000010111011101011000111000011
110011000000110010101000110001011101010100011100001000001011101001100111110110100001001001111101
100110111010111100010010010110011011100110100111001001011010100111011011011100010000011101010110
010101101111001100010011100100000001010100111010011010100001101111011001110011001001011110001110
100110110010111100001110100101010101000101000110101000000110000010011101110110001100000111110010
000010100101110001101000000100010110111100110110110011100011011101010111111110100011000100010000
111000010011010101000001011001011100111001110110011111111010000100100100110000101101000010010010
110000101001001010000011101000010111011001110101101110010011010101000101001001001100000001001101
000101100011110100010011111110001111000110110000011001011000111111011111000110000001111101010001
111101111111000100111010011011101000110110000100010000001110100110100111011001100010100110101000
101100101100101111111111001001001101100000000000111001001111000010011010011101110001100110100010
010001010001110000001010100000000100000001010010000110010111100001111001101011111110111011001010
101110100010000101100100100000000100010000110000011010110101111010110110000101100111111010000001
000000110000101100011110011110110101000100110100110000011010000100110011000010000010000001101110
000101110011110011111001100011011100001000010100001110101110000000100001111100001001011111011010
110110011000100011110001111001101100011111101111110010010101001111011111100010011101111100110011
001000100100110110110110100000010010011001001000000100110100111001100111000101110110011000011101
001011010000101101000001010011010100110001100100111100001101100000101001110111001000111111010111
010100110101101100110110111011101101000100011101110110001001011111010011010010011110000100100100
010010101100100111001000010101001001001011101001110100101110110011100010101011011011010011100110
101011000010100011000101011110001111000100100010011100001011001000110110100000111110111101111001
001000100010000011101101010111101011100111111110111010010010010000101101110111001001011110010010
110110010010111111100111110010000100111101111101101110001111100111111000110110101011111101001011
000001010110101101111011000100010010001100110111000100011100111000110010110000101010101011000000
000011011011111001000011110011000101000001011010010110110011100011111010111000110100100000111001
011100111100001111100100000110100111011001001111110101000010110010011101110001111010101111111010
101001110000010000100011000110001100000110001011000011010110001010110001110110100100001100010001
010010110110110110011010001100000110001101110000001111101011001101101100110101110110110111110100
001100100000011001110100000101011001100101010011001110001100000100110111101100100110111001111010
101011110111011100001011100101011101010001111011000011000011100000101101101101101001111101010011
001111111011111110110010011111001110010100101001101110010001000011010001010110000101100100010110
001100011011111000011010101000101010110100111101100111110010100000001000101100001011100110100100
000010010110111100110000010000000101011011011111011001110010110001111110000111110001001101111011
110101000111001100111101110010111111111101001100000001011000101101110001010001101101011100101110
110010101100111010110101100100100001111100011010100010110111111001100011100010011111111011101100
010100101100110011111010100110000011110010010110011011011010100100100110100101101110110000110010
111110100100000111001000001010111100101001100100000000010101101101111010100101010000011110001010
110011000110010010111011101101000001101100100011010100000010101001101111001110000000110011110100
100110101011000011011100001000010100110000001000111010110111111101010001010011111011001000100001
010001000011111110011111000001000001110011110000101000100100101010111101100111011011000011001011
000110011010011001111000011001110110010111100010010110110110100000101110110111111111100101010001
000011100101101100101001010001111110100010110001110001100100011101100100010011010000011001111010
001010100000010001111000111100100110011101000110001111011111110111110111101001001001110110000101
110110011111110111011111010000000110001111011000110000001100100000010001110111010010101010000110
010110001011011001011001100001010011101101001110001000010000001101111100100101011011001111011001
000011001100101111011001110010100100011011101011010000011000110110101000101110010100111110100001
110101001010111100101001010001011011000011101001101010101011100110010011011111111111000100101011
011000100000111011010010101110001111011100001101111110111000111101101011100101001100101111110100
110100001100100000100010100011010110101001011011001111001110111100000010001010000101000111011001
100000011101001101100100110111101001011010110110100000001011100010001100000110100000110001001100
010001000001000110111010000001100101000000110001100111000000011010111101100010101111110100100000
000111100001101101110010011010101100010101101111010000011101001111010010011101000000100011100000
010111110111000001111101101011110010110111100110011010011011010101110000101011010100100111010110
010110110001011110000111110111001010011101110000010110001101111001010111111000101111011111100010
111101011010101110110000010000000101110100001111100101010010001000110010010011100101010000010110
111010001101101100110110011101111111110001000000111101000100101111011111010101010010001100011000
110101100011000101110111010001011110101001010001001011000101101000011111011001001101111010001000
001001100100100001010110110111011110010000010110110000000000001101000010010111001000110111010111
101000000001001110100010001111100000101110110111010010011010110010010100000100001000000000001011
101001001110010001010101110011100110110010111000000011000111010000101011100000010100101010000100
111000011001000010000010011111000110100010100111100011011011110111100100110001011000110101011011
101111110011101111111101010111111000011110010100000110101110100100010011001001111111000010000001
011111010111001010111100111011110001101001011010001100000101100010110111110010010011011010011101
011100000101101101011110111110010010011001101101110100001011100101100011111000110001100011101101
011000101011101000111111000110000101011001000111010000100010100101000101011100011011011000001111
010100111011110011110001011010001000011101100100010101110110100001010010101001101100000111101101
000001110110010101000011001111000100011111000001110010111110011100111000010010001010100000010100
010100101111010000010111001011001101110110010101101011111110000001010001001110101111001111100111
000001011110110000010011001011000101101111010000010110011101101001110110000101111011110011110110
100011111001110011011101110010101111111010011000011101000010111011001010100100110101101010101001
011001001010000110011110001001010111011110110111101101101000011111001000101110001000101100001011
101011111101110111111001101010100100011110001100010001101011111010111111110101001110001101101100
011100110001111010010101000110110011110000001011001011011011001011100101100000001010110011001111
100100100001001000011011000100101110110100100100101011011110100001001111100000011011010111100111
111010100000100111000100101101000000000100001101010010101111000101001000110001010100110110111000
000001111000110111101111010001100100001101111010111010011011000101010001111100101101111100100011
011101110011110001111100000111111010100011000011100100001001100000101101001100010111011111001011
101000000111101000000001101001110110011011100101000111011000100000000100010100001001010000000011
001001011000001100000001111011010010100101000010000100101001011001000000010001001100100011010111
001011010011011001011101001000110111111010001110001101011110010101000100001000001100010110011110
000101001001011010010110000110101011011110000001011011001010000110111001000000111000111111101010
111011010011011101011100100001110010110110100001001100100010101010011000101000000001100111011000
100111010000100011101101000001010001000101111011100100110010100110000110101000001000111011001011
110111110011001011111011111010110001110110001110100110110001000111011001001100100000000011101100
011001000101101000101000011010111010101110111110000001000101010110001010110001000001110001111001
111111101101100001100110101110010011111010001110110000110001111110000111011100010000010011111110
000101101110001110011101110010000000011111110110100011001100101100010010011111001111001001001000
110100011101111000101100110010001001101000010010010101001111110001100000000001001010000111101011
111011001010110101011101111010110001011111101100110101111101100101010011011110101110110011100000
110000000000100100001101110101101011010011110101111001111000000010010000001000001010110100011100
111101100100111001000001010110011111010001111000100110010011010111001010110001111001110010000001
100101010110010111110101010010010111000110111000000000101000110010000101111000010001110001110010
010111110010001110000100101010110010100001101001010110100000111110001100101001101011011000110001
001010111111100011011010111010111000100001011001001000001010010110100011111101100101000010110100
110010111011111110011110101010111111001001011101001010100101001000011011101011001111011011111101
011011101010111100000101010110011100100011101001011000111110101011110100110001111010100110001110
011001101000011010000011111010111000011111010010011111001111001110101110010100110100100001110100
010100101000001111100110000111011000000001111010111111001100110110001111000111100000101000000100
001010111110010010010011001100001010111011000010010011011101111100010110000001001000001110010111
001001010011010101001000001100000100011010100000110100011111101011100010100011011001100000100001
100110011001110000110111100110111001110011010110011110101010110011110001111101011110101000000111
101011111000100111111111001100111011000000001101111111000000010100011001100100100100101111011001
100110011011001110000110101100000110000000110111101001010001010101011011000001101010100000010011
110011001000000001000100100111001000101100111101001000000101010001010111001101101111101011110001
111001110001101000100110001110101111110110100010001110010001010100010001101110101110011110101111
111110110011010100000110001110101100101101001100110010000101011010101011101011001011011001100001
001000101010101110101101000111110010011110001011111011000100001100011111001101001110011110000100
010011101110111110000001011110001110001000100110011101001100111001011110111011000001111001101000
011011011100011010000110111111111010011110100000111111101001010011011000110101110000110011110000
101001010001000100101101000110001011001111011000110011100010011101110011001111001100111110111001
000111110101001101101111010111100010101100110110001001111101101011001110101101110110011001100000
100110111001001001000011100010011011000101000110001000011011010110011110011110110110100111100101
010011111011110101100101101010100010010111000110100011001111000001110100110110010001111001001010
111111000011100101001101011110001000111001101110000110110100111101110001110100101100100000001101
010011010011110010100101011111111101100011101101100001010011011100011111100000001000111000101111
010011010100011100100111100110000101000000001100011000100001000110010000001100011000100011100010
011110101111001111010001100101001110111111010110101100111110011111000110110101011111010111110000
101111001110001000111001101011011000000100110011100000101011110100001101111110110110001111100010
101001010100001011010111010110010110010011110001111110110111010000110010011100011111001100001001
101001101100010001000011010110001010101010101111101000010000011000000101010100100110001110101110
110111000111101001010010010001101111100000000110000110010000011001001010100110000010101010000010
000101101110111100101110100000101101101100100010011011101001011000001001010001100101001111110001
110101010010011110111110011110100000100111101110111111000111100100001010010010100111010000000100
010111110101010011101000001101010110100010101110100100101000001100100001010000010110111111100010
011000000110010010110000011000110011001011010011100110100100011011011000000010101101111100000001
100000110111011101100000001101001110000010101101110001010011001001101011000101111111100011111010
100110101010011111001101001111100001011100010000111101100010000111001001011111010011010100101010
111000010011001111000000011111011011000100110111001001101110010001001100111101110010001100101101
010100110111011001110011000111010010101111101010010011110111011000011010111101111010010110000111
010010000001110110110100110111110001111111100101010110101110101100111000010101010011011110101110
001000100111001001010100011111001111101110100001010100010001000101011110101000011101100101000000
000010100111110001111001110000000010010111101111010110000110101011101110010000010111000100101010
100101110000000000110000110011010100000110011010110010101110101110111111010011101011000011010001
000100100100001010110111000110100001100100010100001011010111110010101011000101000001111010010111
000011010001101000000110000111111001010101011111111100010110100011011011110010100011011011011011
011101000101011001110000011010010000011110100101110100001111011010001011110111111011000011011101
010011100110101100001000001100100001001110110000100100101010000100111000100110000110010010110100
011000101001010010001010011010101000000100011110000000111010110110010100000011101000011001111001
101010001100010011111110101101000100101001001011000010010100110110101111110000000011011111000010
111100111110011000000111100100011001000111111111001101100011001100001010010011111011001010111111
111001010011011110110101000001100001111111100001011110010100001110011110101010001110101011100101
111011001011011011101011010010010001110110000110001000010101000110100101001110011001000011101001
011010110010010101111111101100110000000100000000110000111010010011010011111001111110100000110100
000101010111010011001010110100100101001010111111101111001011111011010101010110000010010010001110
010011001000101001001010010101000001110110011010000100111001110000110001011010010010110011110100
100101001000100110101100000100001001110010000000111100011001110101100011000001000101011000100111
010011111111011011000001011001110000001110000101000001011010011111001011011110010010111101111010
100100100111011010001100001101010010011000010111010101011010110100010101110010111111100010101100
001100110111111001010101110011110000011011111000110001000101011001000111001110011001000110110110
010010111101100111111010010000110101011101110010010100111010010110000000000100000100010100001001
101100111001100010000110111000101101111001110111011011001111000011101000011010100111100011000000
010010101011010101101110000110110111100010100101100010011010011010011010000100110010111011011000
101111100110110111011111011000101001010010100110101010110101100010111111000000010111001000000000
100001110010101000001001101001001100110111010011110000101110010110011101010100101110011100101000
100010110101101111010011101011110000011100001101110010110100110100111001110011101011111101111101
011000101111011000011101111011001000111101111000110011110001000000011011010010010111111101111101
111001010101011000011100001101011110010101100101001110100110010010101110100001011010010110010110
011100111000111010001101111111111110000111101111101000100001100000100110000110100011001010001000
011000000010110110101010101011000110010101101111100110100110001110001100000001001111011100111000
101011101010000011101010101001011100011101001101111111111101111111100000010011101110010001011110
000011110011001101110110111100110000011011001100111000110001110000101011111101001000000010001011
000010011001110010111111000110011100001001001100110000001101100100111001101011001000100100100111
011100001100111000110100011110111110110010011001110010000101111001011010000010011110011111001000
110001111000000000100011000100110001000101101100110000111111011000101001101011010010010010011110
110001100110100101111111110010011011100111001001001011100101100111000110110000010110101101100000
110001010010000110010010011101101101011000100100100110001000101011101111110110000110000100111101
111011011000101110111001111011011010000111000100010010010011110111101100001101110001111101100111
010101100110111111100000010111010100001001111111000000100001101010001100000111010110011000111111
110110000010001000011111111001100100010001111111100001100010010101110111111111100101110011011011
101010110110010101010111001010100110110111001000011111111111110011001001000101001001011110000101
111010110111001011001010001101100001110111111010101000000011110110111100011001111110100001100111
010000010001110001001010110001111111010010000111101101010100111110010110010100010001011111010010
000101101011101011000111001011111110111010010100001100000101101111010010000100101011110110000010
100000100011011011110100101110100010101001010011001111111110111111001101110100100100000001000000
010110010100100110001000101111110101111100111110101000100010110111011111100011100000110000010000
101000110111101000011000101011010000111000110101011011010001111010010101100100110000111000111011
010111001101011100010011000010001001000000000011001110101000100110000000001000100000110100011010
111011111101000101100100011001011111001100110010001001001010000001011101011011001110001100101110
110011000001010111010111010111101011100111100011001011001001111101100010010010011110000110001011
111011011101111101000000000100010010011101110000110011100111100001101111010010111010000001111011
010110100110011101101111011011101110011010110110000110011100010001101000010011110110100101010000
101100111010000000110001000011110000011110110111110000011100110111000001100101001000111101011000
000110001100110000111001111101111000000011100101010001000001100010111001111011010001110001101100
100111101000110001100001111000110100010101011101001011011101000111100111010011000100111010101001
000011000000111010101000011010001110101011100001110000010011111010000000111011000010010100100110
000010010111011010011010001110000000111100101111111110001110001000001010111011011100100000001001
010101000011111011000001000010111001000100101101000100010010010101110011010001010101000100001010
111110111010101100000000000100100111000010010110011000100100010101111110101101111000100010111111
010100010101111101110110100110101111101010101100110100110010001010111011110000000011100010000100
100101001111011110001111000010001111001000001010000000001011110111010100001010001010011000010001
110110001100111011000111110111110110100111010101100010001001001011111111001001110011111111011100
101001110101000100111100110101001100111101110111111101100011001101111011110010100110111111101000
010110110110111100000010010000000010010011000001000111000110010010000111110011110000001111001010
111110011010010111011110011001100000011101101100110010110111110100111101001010000101000110110011
010111011111110111100101100111011100010000111111000110100100000011001111100110111110111110101101
010010110010010110101100100000110001110000111110000100100101011111101100000110110101010101010000
111101011010000111011100101110000100111010111101111101100001011001011000001101011101110101110110
110000000110110010101010011100101000110001100000001110110011101100011011110010100111110111000001
011111001000101000001110100000100100000111010010111000101000011100110111110010101000000111010000
010100000001101010111010111011011010000110100011111001001100000010011100100100011101111101100010
110100101110100010000100100100010100010000010010100100101010011110011110111011111011001110010111
110100100001111101110001111111111000111001000111001111101110100011001110111001111101101110011010
101100001101001011111000000001001110011010100111001110011001101111011110110011011101001000010100
011001111000000010100101000000101001001000011000101100000011010100010000111000110110000110000101
110100111101101010110001010100111011000100000001101011001110110001001000100101001101010010111001
011010010010001000001011000110111111100010101010101010100010000110111100111011111000011100110000
100011100001100001011101001011110111110001111101101011010010001100110010011011000110010101111000
100001000110110000010000010100010001011101111101000000110000100001101111110011101000001100100010
010010011101000001011101010110010100011110101000010011101110010011111100000101011010100001001000
110111011100010100001110110001110110100110011101000110010100100110111000001110010001110000000110
001100110110010011010101000000100100110001010110011010011101000000001100000100101110111100001100
011000100100010001001111000111101000001011111010110000010000100010000010101100010011111001101110
000001011011010010010011000001010011011101110001011011100110110100101001001001110100000101010111
101110011101111001010011001100011000011001100000101111000110000110100110000110111011001000100000
101000101101010010111101100111100101100100001101011001111011111001101000110000100011011111100100
001000010100110101000101010001010010001000111000101000000111101101100111001010011110100110101100
001011000001011000010101111010010111011000100001101111011101110100100010000100100010000010001001
100111011101111101001100001000110010100101110111011010110011101010111011001000010101100101100111
000000001101011010011010110001001101010010011100001000010100101001001000111000101101011100010101
111101100101010011000111100111111011011111000011111000101010011101011101000101011111111110111001
110111011001000111111101001111101110010001011111011000101110000001010000111100111101110101101001
110000001111010001111011000000101100101000111010101010000010001101001110111001000111101001111011
110011101011011000001111011001000100000110010100010101110100000110110001101101010100100100010110
111011011110001010010011100010010110110100000111111011001111001001101010111011011010001101011001
101001011001001011000101010100100111101011010011000011001110101110101010010010100011111011110100
011101010111111000011111100100100101100011111111001010010110101000001100111010001001001010101001
010010110001100110010110001001101001010011001010111100101000100110010000101101001011000000001001
001101110001010010001010111111011011110000101001001001101011010000111011110011110000111110011011
101100101000111101000101000111000000100010100000011111011111110001110001100101101010101001111010
001000101010000011100101010001110100001011011010111000001011100000010000101000110001011101110001
000101101000101111110011101001100110101001110011110010011001001100010011010101001110000010100111
000011111100111001100000000101101010000000110110001000110110000000000101010110110011110011111111
111111100111001010001100101000001111010010010110010110100001011010100100010101011001100111000011
100010011111001110101111000000000000101111111101000111011011001110011001111100000111010000111101
010010011000111110111101001001100011011010001011100100000101001001000101111111110100001110100111
010001111001101010000000001011010110000101110101110100000111101000010000111111111000111011110000
010000111001011111011110011101010101111000111011110001001000010110110000011000001101100010101001
111111110000010101010100001101001011010000000010110100000010110111111110000000000100100110000110
110001101111101011100110111110101000111100000010010101000010100100101010010010000010000111100110
100101010011101011101100111001010110000111011110110111110111000001010000011110010110011101111000
111001110100011101001010011111100011001111001010011011101110101111101001111001001101101010011110
000000101100111110110000101010000010000101000000010010001010101101110100000001101100001011001111
110011000011010111001001111010001100110010101100001101110110001111100000111110000000101011101101
100000010001100110000011011101101111000000111101101010011100011011101010111000100110110000101101
011010010001011010001101000101101110001111011010101001000000001001101010010011001110110101001010
001111010110001010110100010010101011001001100010001001011100011011010000010110001110001111001001
001000101010010100000111101001011011001001001000111001000010000100000011100000100111001100110101
111000010110110101110011111110000001101000010111001111010011100100011010100110000011101100100011
010000100101001010100110111011110100111100110011011001111011110010001100010011000010100111010111
110110110101110010000110100101000110101101111001001111001011110011001001011001011010110011001110
011110011001000001111101110001000000000001101111010000010000111011110010001011010100100010000010
010001100111000100001110010100100100100010001000100100001100010011111001001101110010001101101111
000111001100110010001100000000111110011111111000101111001101000101010101101001101010010101011010
001001011000010011011011100000010101110100110010001100001100101111111101101111101111011001000001
100011010111001001010100100100100110001110101001111110010000001000011110001100110001000110010101
111010011100011101001111100101001111110100110101100110100000001010001111011001000100100000010101
011111110011001110100111011111011010110011111110110101011100111011000000110110110101011001000100
101011001011001001001001001001011000110011000101100011001000110010101010001011101001101101110000
101010100001001011101010100110011110011001111010100101010111000110010001001100011011111110100111
100111010011100111100011100111101100000010111000001100111011001110010100001111111110001100101001
100100101110110111110000000010001100100001101001010010001011111001100100110000011011011100101110
110111000011101010111010010010011100001101010100101110000100010011100101111110011111111011101010
011101101101011000101011111110111111101010010110100000001101010100101110111001100001111101000000
111111100001111110111011000101000100001000100011010111111110101011100000011110011001001111110110
010110100010001010100100111001000000000000111101011100111010101111111011010100011011010011011001
000101010010010101001100011100010000000001010010111110010000100101110101010111100101011001000100
101111011000010001011110001101111001010011100011000011001001000010000011000111000101010000110010
101100100011101110110010100010101000110101110010110100000101001110101010101100011100110011111010
001010110011011011110110010100101100110010110110011111101010101100010101010010111011100111000110
011100011000000110010000001001001001101001011010101000101011100101011111110111011011111111100010
000101010010001010111000100110011001101101101110011001101011111001111001110111111101110010110111
101111101110010111010100010001100000010101010110101101110011010100001101011001110100011100010111
100001001000000100101101100101100011011110000000110001000010001100100100101000000011001111010001
110000111001101000110010001010011010110000000011000100001100010111111100000011110100110001000001
000100110110001101111111111001010110001101111001011100110110100110110110101001100010010010101101
111111111111101011111000011110010110000101001111011000111000010101100010011101011110101000110111
100001101011111000110111110001000011000011001110011000011010011110010011101101010101110100000011
100111011001011101000111110001011000010111000110110010010111110111001100010110111000101010111000
101100000110011111101010011111111010000010101000010010101001011010001111100111111010111111000011
001111100001011110000111111000100110010111001100010000010101001001011100111001000010001100110101
101011101011001001101101011001101011100100110010000110101011100011100011101111010000010110010000
111000001010111100010011011111001001101000101101111101100011111010100000101100001110010000101111
011110010010101110011010101100001010010001011010011011100110101101001001010110101101001010001001
100100001000101000111010100000011001001011010110001110001101011010110101101110001010000101111000
101111101010110001011110100011001100101010111000011111101111010000101100101001001111110101011000
001001100001111011011010000000110010000111111101110100101010100110110001011001100110001000011010
011110100100100000100000001000000001100011010110010001001110101000000100000100100010011100010111
011101010000110000011101110001010010100000000001001011001011111010100000010001001101101010010010
100001110000110011110100010010100101101110111111011111010111100011011100110100001110100011111101
110111011000010101001100101000111000111110100101000110100101110101100110111001101001010011111101
100001011011110001111111011100110110011011101011000110110101111111000111010000100100111111000101
101110011011110011111000101000000101000010101011100000110000111000110000100111001110011001000000
001100000000100010111001011110011110001011011111101110010011100011110010110001111110001010000110
010000001110000000011100001100011001011001101010101011100001010001000111101011111000001011101011
001100011010100010001011101010110001101100100100101010010101010100001001011100001011011010000101
101000101000110110010110110010000010010100010110101001000110001011110111010001010110000000101001
111100011110000101110100011010010011000001011010010101011000111010110001101110000111101000101011
000011111101010010011011011011101111001001100011000100000100010101000111101011100110001110011010
111111100011100110000001001101101111010100010000011110101000110111001110011000010101001100001010
000011001011101010101101000111000011101111010100000001011011110101111110100100010001101100011100
101101001111101001111100011100110101010011111110110010000101000010011001000111000001110000101100
110010001110010100111001100010000011000001001111011101010110000001010000010111010010011011101111
110101110110011001011110011000100001100011101111100101010000100110011100010101101010010101110100
111110001001011100101101101101110101011111110011111111110000111001100111010101010100001100111000
100011011001110010101011011000000101100011110011011111110110100000010011111111100000111110100010
100000100010110011011111001001101011101000001010011101001110111000001000010101010110011111101001
111110000101011101111111101011000100100001001101101010101101101011000010101100000010001101011110
011000110000101110001111110000000110010011111000011000000111100010011001001101111010110000001001
000110100011110010100001111110110010011011110110001011011101000001110011010011001001100000111100
110100110100110000001110001000011110011010110110111101100111010000001110111110110000001100110000
101000100111111101011101111010000100101000110011111011000000001100111101001101101011011111010110
100110101011010001101111000000101111000011110100110000101000110111011101001111110110001100101101
111100001111000001001111011000110111010110010000100101101110011011011110100111001111000000010110
011001100110110111110100000010101110111011111001011101011101010000000100000111110110110011000111
100010100000100010000100001000110111100000111100100011001101110010110100111011101011110001101000
100100001101010011001111110101111001010111100101100111111001000000000000111100110100100000110100
100110011000111101100000000011010011010100110111110111110001001000001100001101100100000101000101
100011101100001110110101111000101100000101100110110111010010011100001010110111001100101011101001
010101101011010011101011100001101110010011111100000010010110001011110100111010100110000001000011
