111101111110010010011000110000001000101100111011000110100001111010111111010111011101001101010101
001001000111001001101111100110111001110010110101010010010111100100010001001010010101000100101010
110001110000101011010010010111010101001110100110000011101101101100101101100111010101100011110011
010111010010011010001001110111000110000010110011110001000001101011110101111001100101111101100000
110101001111110101011110111000100100010000001000110000000100010011000010010100100111010110111110
011101010110001000011110100100010010010100110111000011110101101111111010001110010101011110001100
110000011011101011001110001111010000110100000100011000110010000111001010101110111110101011101010
101010011101101001101100111111001110110110001000000000101010111101110010110010000001110110001100
100010010100001010000001101111011000100100001001000001001010100010101111101110010001111010110111
100100001001100110100011100011111011011011111110110001110101110011001100010110111010111000010010
111111011101110000110000101000101000111101001010100011000010111010000000110100111001000101010010
111000110110101000000100000000011001100111100100101110110111111101000101011010111110111011110101
010011000101111010001111110001110101011001101101111011000111010010100000001010011001010001101011
101100110001100101011010010111000000000011010101011110111001001110010101100111100011001100000110
011111010011110111011000000110000100101101010110010011111110110001011000110111010100100010111011
101110101000110101001010001111101010101001001011001001110100001110110100111000001101000110001100
111101010100101000000100101001111111011101010100111111100111110000000101010100011010111011010011
101111011011101101101100100010001010111101010010001011010001011010110011110001101011111100100110
001011011001101011111000011100010100101011001110111101110000111010101111111000011111100111010111
111000000101010001101100011100100111000110000101011010111101110011010000010100010101100001010111
101111010001101110100100010110111101101001010001111101011000111000100100100110110011101001101101
011100010101101010100010101111010001000111110001000110011010001100110001101011100110101111000101
000101000000000001111001010100101110000011000000111011011011100100001111010111100010111011000011
110101101001000100110101000110010110000010100101010000010101001110000010101000001100101011110100
110101111101110111011010010010101110100101110011001111100011001001010001001111011111010110100111
111011011000111010101000111000100010010001011000000000100010000010001101000100100010111111101000
011110101100001001010110110000011101010010001000110110100100110101110101110101000111000010100100
110000011111000110110100111011100100110100000000000110001000100011010110000110101010110000010001
111100110101010000100011110000111011100100101000111111010111101100101111000001110001011000011011
010101111011100001000001101110101001111011010110011100000101000111111010101000101101001100010100
011001010101111100110010101111001110100100101011001001011010010111001110010100000101011011001110
001100001000010111011011010000100101011111001100100011110000011011011111111101100110011110101001
100010001111111011110010000011010000110000111110100111010100101101101001101010111001101111101111
100101101011100010010000011110000101101010111111101111001011000101001110110001000110100110001010
011100000111110100100010001101001011110100111111111011100111000001101010001001101110111000111011
110011110111000101011110100001100111000111111010011001010101011101101101011001010011011001110000
000111100011111110100110010110110010011000001001111111111100111010100100100000111000000001010001
101100010111001010110110001010111110000110111100110001111111111000001001111100001001100001001101
100100111011011000100001110110011101001101000011101110110001001111110100000010001001001000111101
100100100010110100101011110100001110111101101100000100100111111011001100000111011000011111010101
100011111010011110111101011011110000001010000101100000010111010010100011100101110101110011111101
101111010011010111010010010000100111001010000111001110110111001110111010011101011100110001111101
111000110001001001111000000001010111110111000100001011000010111111010000000001100101101000011111
010010101110110000100010000001010001011011110101010100101111001000100000000101100000000100010100
010100000100001011111101101101001100011111111110010000010001011100001100011111110011101011000010
010111100110011100110011010100111101111101100111011011010111001000100100011111101010110110010110
101000001001110001010011010101010011100110101010111110001010011000101011000011001001111110111010
001010111101001101001011101010010000000111100010011110011101110011001010111110001100101111001001
100001011111100001101100101010000000011000011111011110101111110000111011011001101011111100111001
010110111100011111010010101001001010101001110110001000100110111110111101001110011100111100011011
111001000001110000110100110111111111101000010010010110101100010010100100001010110011010011001011
011000100000010010010011101011110011001111000100010011001010111011110111100011001100010001010111
101111100111001100100011011100110000000011010010110101000110010110011001111001001110011001111100
110000010101000001010101011101101011101010110001110001110001100010111001110010111101111111011011
111010000110011011010010011000110101011011100101100101100101010000111111011101100000000000100001
101110011111111101101100011011010011101010010011101011101100110010011000010010000011100000110100
110000100100110000101011101010010100110010001010000110001111110001000100001000100100101111011110
000101100000111111000010010011001111001100001000011111100010110000101101001011011100101010111110
011111010101011000001010010110010101011100011011010111111101110101001100010111111011110010011110
110110101111110111001110001001011010111101100011010111100000010110111011010100111100101010101000
110110100110101001000111000111100001101000000111111011000000000010101100011110010110110001111110
000010111001111101101111110011001101011111001000100110001001110000011000110001011010101000110111
011101001110001110001010011100000100101110011000110011111101110010110111101100001111011111110000
100100101110111101010101000111101000111010001111111011100011010011000111110010011101111011001100
001011110110110110001111111000000110110110101110100100111100110100101001101101100011010101110101
100010000001101010101101110000010111010111110101011100001011110010100010110101101110100001110111
111000111010111111010001111001000000111111111111000001010100110000000000101000010110011110010011
110111110110110111100000101100000010111011111101000000000011100001000001010111101010000101010111
101101011001110100011001001111010111001011010000100100001000010111011111100111110000111010100000
111110101100011111011101000001000100100001101110111110010011110100110101010001100011111001111000
111011010100000110000111001011111010110110111010010101111001111100011001011001001111011101000001
010010001010011100010101010101011100110010101100001100110011100011110100011101001011110100011000
011110010011111100011011101110101100111110110010100011001111001010001100111100101001110010101100
110100000110100110101111110010010111100001110001000101000101001011001100111101001110000110010001
001010011101111000001100101010010000000000101011100010001111001000000100001111000010001101011111
000101001110011101101010010111010101011000001001000111001110000101010111101100110010010101010001
101101111011010101110000101000110011110110101100100010110110000101101110111010000100111001010010
111100000011100000000101111101111111011010010010001000100010010101110101101000101110110010111011
101000101100111001011111110110001010101001010001010000011000101001001000100001000001110101001010
010101011101100000111111001010011000010110001100001010100011100110111011001111001001001101011110
101010001110101000010010011110110011110110010001001110000111111110110010110100110100010101000001
001111001100101000100111101000000111000001011000110100100100010000101101110000111011000010110101
000100001100101110110010000100010110110101000100010000101111010110101010111011000011111101110000
100101010010011100110101100001000000100110100110010101100001101011010100101011000100000000011111
010010101000110010100111111010110011101010111011011110111001111110101011101000011101000001010001
100110011000010110111100010010000101001011001111001100000000001101010111110101000101000010000111
011111010100111101011000101001000010101111111111001110101100001111100111101010111110100110101100
011011010001001001001101101101010110100001100111110000001001010100001000010100111111100001010100
101010111101000010010101110000111100101111001000111010001001100110011110011011010100100110001100
101100011010101011000101000111110110101100100110001111001001000000001111000100110010101111011110
001011100000110110011111001111101101101010000100111010010111010111011010011101011010011011101010
011111101000110011110010000011101011001010110010001010010000000001011100000001000001010001101011
011011011000110101111001111001000101111001001000010101110110101110011000101011111000101010100110
011100100111100011101100110100011001100000100100010010101010001101011010001110000011001100110101
100110000010011000011101001010111110010011000011010100100010001000010110101111100001010010100101
101000001101001110100100110010010001110100001111010001101000110111110010110100101010110101110010
101010110001101010001111110000101000011101110101101010000101101001111010110101010111100001000101
001000100000101010111010010111011001001110010111111100010110101111010110110101001100000111001000
010111101001111110000110100010110001100110100101001111100101110110110000001001110101101110000100
100010111110010110010101111101110101101001011100111110101010011001011101101010100101100001001001
101111010000010111010110001011110001011111001010010111010111010010101000101001111010101101000000
110010010101000011011111010110010010010001011010100111111001010101100001011110011000011101111000
101011000000101101111110011110110111110010100011000011110111101010110010000011101001110011010101
101111010111110101110010000001111111000111101000001111111110110010101110010001101011001000111010
000000000001101010101000111100100101001110100001000010110000101111100111000001110100001100001011
001100110000111110100110111011001101011010010100000111101011110010011011010101110110010100000110
010100111000101101101101000100000100000000001100000110100010110011111000110000011111001110010100
001000011101100110101010100001111000101111000101111101010011000111001110111010000101010101001111
100001110000011001111001010110100111111101100011011110000100011011010100000010001011110110010011
110100010101111110110100011111001101101011100101000010111101100111010111011011100100100111101100
010001101101010110100010010110010000000111010101110111100100110011000001100010011110100100011110
011111000001010110000111010110011000100111111001101000010011000010010111011100010000101100001101
010110011110011001011111110000000001010100111000101101001111101100001011010111000100100111010001
100001111000111100100010110010001011011110110011110001111111001111110001011011001110001110111001
010101100010001111100000001001001111001010000000000000001011000000110010110000100011100100001111
111011111011101011111111111000100011011110101101010000011100010001011000011101110010101010100101
001110101101101001101000011011010011100110011101011100110001100011011110000010110011101110000001
101001101111001001101111111111000010000101001101000010010110011011100101011011001001011000011000
101101001000101111100101000101110010110100111010000010111110010100010001001011000111101100011011
101011010111101011110110110010011111001001100100100101011101011101101110101101010111101000011010
000001101111000110011111111001011011010110000010110011110010001100000001111110101101001111010011
101010000001000100100101001011111101010110010000101100101101110010000101100010011011011001100111
110000011000000010010101101000110101010011111101011101110011110010100000001101100011001110010100
000101000101110000111001100000101001000101100010000011001101001100001011001101000100001111100101
000111010000010100011000100111011000001000011010100001110101101111100011011111011111110101001011
100111101000101001110110100111111000101011001001001100100100100000011101100011101001110010111001
110010111111101110110111110011101100100100010110110100001110111000111000011100100111111010111001
110010101101001111100000011001000111101001111100011100101111011100000010110110101101101111111011
010010100001110100000100101011110010111010001101100001100001011110100001001010010101101110100001
100000110100101010010000011111000111001110101011100011001011011000010111011011110011000000111001
011001011010111001100000110100111011110110111111001000111110110000000100111110111011011011110101
001011010111101001001010001101101101100111011000111100110001100010001101110101001000100001000111
010100110011011111001011110001111000010101011110000010100011110001001111010100100001001011101000
100000101000010010100111000010001001110000111001100110110000011010010101000110101000101110101111
000011001101100001000101010111010100001100110100101011000101001011110000011100010001011010001110
101101011010000101110100101111110010111001001011110010011000001001101111100111111010110010100100
000100000010000110011010010000101111000111100000100110011010100110000101100000011100110010000010
101111011001010110100100101011010000110011111011100011010100100010111100101010110110100101111100
001110101000011101011011001111111111111011001001000010110000010000001011011000100100101101110011
101011000110001001101110010110000111001010000000101011000101010001011100000001101010010010010101
101001101000101100100111001000001101111011010010011110010110110100010101101010010101110100000000
100101001111001100010000110111000010010001111100101001010111011111011011101000111001101011110110
000010011110011101111111001100001010001110101111111100100000111011111001101010000000011010111010
100110111101100000001010010011101010000111101000110110011001101011100001110011101100110111010000
100100111010100010001001011010111010110000010010000110110011100110000011011000111101011000010111
011011110111111110100001111101001010010000010101111100101110100010011010010011101110011110101101
100100001010001001000110100101011000000010101010110100111001011001001100000011111010010011010001
111001001010001011010001111110011110010100011110101111100010101001010111100011111001111001010101
001010110010000100111001010000000110100110110010000010101010011010111000100010101000110010000010
011001011101011110111010011100100100000000111011110110001101000100011000101101101101110111110110
111000000001100011010000110001010010000001000101000111110001001111011011100010111010010100011001
101011000001001000000000001011010100011010110001110010010010100001110001010100000010111010001010
100111011000110101110010101110000100011111111000000011100111011001001001101011101100001001010000
101101001110011001111001101111100000110111110100010101010010100110110111111010111100111000001000
000011100101010110111001101101111011100101100100000010110000001010010110101100001001000001010100
010110010001111101010100111010110000100001000101011000100101111011010100111000001010001111111000
101011000010101110010000000010000100000100001101111100011011100111101101000111001010011000100001
011001011100000011100100100110111011100000110010101101000110101010110111010010011111110000110101
011100000101100111001110010101110000001011110011110010101110101100000000011110000100011010001110
101100111111001000100000001100011011111110010111011111111111001111101000000111101100110111010111
111110010000011001011000110101100110010111011001001001110000000010000011001110001110100010011000
110111011011010001101101000010111010000110001101101101010101001001111110001110100100101100000000
111001100101010010001100110011001011011001000010100110001001101111010100011010011001010110110000
011010011110111011100100101110000101110111010110111001110010101110010101110011010111000101101111
011111011010001010110101000100001010001000011001010001000001010011001111011100110101001011011100
100110000110110000100010011111010101000101000110010111111110111000010101010101001011111100011110
101010100001011011101101011101100011111010110100111011011101100100110000101110000001101000111000
101001000011010001100010100111000110111010101100111001001111011111111011010111100000101110110010
111111100111001111011111111001101100000010101111110011110010111100000110101010111011010100111000
001011001101001000000110111101010110101111101011011111001110000010000101000010100011100000111110
100111011110110110110110101111111111010101101001110011011010011011111011011011000100011010100000
111111100001000111111011111100001011100110010100001100001011010011011101000010100000001011100101
000000100010000110100000011011010111001110110101011000011110011111111010100101010000111110110111
101000011001110100101011111001110110101110111000100001000001010001000111000101011001001000101101
010100101111000110001000010110101010011111010010100111010000011011000000011101100111101001000111
000110010011001000011100101011110000100010100111110101001110011110011010100110101010101010111011
100101100110001000110010010001000000101010001010010001111111111011101011111101110000110111101010
011100110110001100100011010010101111010101100101011011011000101010110010110011111001101000101010
100101000111001000001101101010010011001101100000110011111100100010101100101101110100101011100001
101111001110100101101111111001111111101110010010010100100101000011100001011101110010011011000010
100000010010111011100111111101101101011000101101111101100000100000010110100111011010010000010010
010011011011000011011010101110010011110010111100101011000100100111010011110110010001011000100001
100111101011110001010100111011001010011100001111100001101011011001111101010110111100010110101111
110110110000010001100110110011000000101000111010100000111100100011111111000000011101111101000101
011001100010011101000001111001011011001001100001101011111010000101011001101011111111011001000110
101100111010010001000010001001110100110111100101110111111010001001110111100101010011111010001001
001011100101111000010010010110100001111101010010000001101001100110111101100000111000110101110000
101100101110010101010111010011001100001001001100111110100111101110010100110011000110100001011011
011000100001000111010111011010111101000011010011001101110111101111000001111010001000110000111000
101010000011011100010011010100110111000000011001101111001100100111010011011011011111100000000000
101101110000111010111100011111111111100001000010010100010000101110011110000001110000010001100101
110011101111001001010101101011010111001110011101000010001100010100010101110110101101001001100010
010010011010000110000011001001000101010000000111010110111001110101010100111011011111011111110011
011011000000101111101100111100111101100110011011000010011110111010111110011011001111010000001101
001110111010000110100111101101001010100000101100101000010100111001101000001110010011010101010100
100110110010110100001010110100100000100101001010110001101010101101000101001011100111010111010111
110000001110000111011011000000000110011001010011011000000110010011111110001000100001100100100001
011010111100011010100000000011110111100010100101011001110000010101111100010110011010110110110001
100111111111001111101111001111001101000110000000010111001011111111011111000100010000101100001011
111101000010011010011001000111110001110110001101011001111000000001000001010111111101101000100100
001111100110111110011001000101011101001100001100010011010000010101010000101111110001001001001000
011011110100011100000000101010001110100010100011011100001100111111110011111010100101101110001001
001101101100001001100101011110110001101000001101100110001000001001110001110010000100001110111000
001011010110000110111111111011110111111101011011110000011110000100111100011100110111011001111000
110001011110100011101000101111010111101100100100000001100001001110011101011111000011010001010000
011010010010111111000011010100110111110011010000110111001000010011000110000100001011100111001111
010110001011001011011111010111010110011100001000000010011110010000100101001011000001001111110100
011011101001111000011001010111010001001111001000001101001111000001011010011110010001100000001101
010010110010101001111010100101000000010101000010011010111110111011011111011010000110010000100010
011100101001011100100010100101100100000000010111101010100010010011010001101000110010000100100000
111110111101111110110101100001000111110110000011010110110011000000011100111010101001100110010111
011100111010011011010101010011101101011101000111110010001110011100010001000110100011110111101110
110011000010001001100111000000001001101101001011110011101000000001100001011001101111111010001000
010101011100011111110101101100000111000110110101000100010110000111101100111011110100100111100001
001111101010000010100110111001011000101010010101010101000010111000011010101100110100011011000100
011001011101000010000110001110000111001101000010100010010011100000111101001011110000001011001110
100101001001101111001000011000000010001101110011111100110011011100110010010000000010111000110011
010101011101111011110100110110100000011111011111001010010110111000101100011000100100111001000010
000100011100001000111111010000101001001110100010100001010111111010010111110100001110011001010110
010011000001001101010111110100011010001001011111110011001111110100011001000010000010001110101011
011000111110101110001100010101111100001001111101000110010001110001011111110101111011011000011110
100000011101110010101001111011010111111110100010101101000110100000111110101110001110000010110001
010011000001111000100110011000100100101010001011010100110000110101001010111001100010101101001110
101010110011000101110111101011011100101001101000110110001010100111100101000000000000100001110110
001011111101000101110110011100110100100011010110001001101111011010011001010011010010101010100100
101111000101011110000000110100011101011110010010010011001110000110100110011110010010010001111111
110101000000010101010110111000100001010110111111011110001000000010001101111110110101010001001110
001101000011100000111001100100110000100011010010110000101001000110111010100110001001101011100011
111000111011100101000000001010001110001010010010011100111110111001111100100011000001001011001110
110001011011100011101011111100010010011010111111111000011010001011000110111110101101000001010000
101110001010100001000100111000101011010101001011000100001011001000110100101001110010110011000100
010010110011110100000011010001110110110110000000001101101110100000101011101001000010101100110010
011010000010100101010001111111100100010001001010111000000010010001101000011010010110110101110011
010110011110010110110111101001101100011010101001010011110001001101100010011111010000010011111000
110111110010110100011000100010110000100101110010001110001011000011001001011010100100111010001010
110101100101001110101001010100010001111111000111101011010101000110001010001010010111010000110101
110111100001010101010110011111110010011001011101001011010111011001100011011111000000000101100011
001010100100000000010111000010100010101011110011100101000000000000100110000111101011000100000100
001001000110100010010111101010010001110011011101110100101001001010101101100111100010000001100110
000011000100110011111000100011111111111101101011110111111111010011101010011010011100110111110110
101111101111111000110110001100010000011110011000101111010110111110111101001111000011100000011100
000111010010010111001011111111000010110111011011111110010100100110100111111110011011101001001110
101110011101111101001001000001010110101001011100100011111000111100010000010010010000111010111000
101100011111010000111011111110001000001000010101110001111101010011000000000010110100101111011010
011010110000000010000101111001110000001111110101101100011110101101000011010110001101111000000010
100111010000111100100000011110010001110001110011110100001000000100100110000100001101011011101010
101100000000101111011100010001001101000011101100011110100111110010011101110001000010010011100101
111101000010101111001011110100010110000011010011011001110101010100000011100001011110011101011110
100000011100110001011101101000101110101101101000001001011100100010111110001010010101101011110110
000011110000110110001011001001010100001110011011100100101010101000101001101010011011010000010101
100110100100111110001001111000100011011101111111100101110110100001110101101011101010111000001001
000110000111001000111000001110001011011001101010001100000000001110000000011111100111000100110010
101101000011110110100100011010010001100111100010101000011111011111111000000010100111101011110111
000111011100100000111010001101100100110011010111101011001001111010001010000010100110011101000000
010011000110111110001010001000101001011111011100110100000000101111011100111111111010001101011111
100100001100011110010011100001100111011010111101111101101010110101001001010001001000100011101001
011100011101010111000100010001011101100010011010101100110001101111011110111101101010101110000010
010000000010011000001011011101010010011000001000100110100010000110010100010001110011101101110111
001100010010100010111010011010000010111001101011101100101001111001101111001011111010010100111010
111100000100101001010001110001000001000101110011110101101100000010010011101011100001110111010010
110111010101000001011000000000101011011000000100011100010100011111110011111111010110001111001110
011101011110100100110010110000000001110100010101010101110011001110011010100010110000000001010111
111001011111111000000011010110000101101111111110110010010110101011111110111010011011101111001011
011010100101001011011100100101100010101010010110001110001101101000011000000101010010111101100010
101000010011010010001110111001010000000000100000000011001111010001101000010110011110100010001000
010000001111100000110011110110001010101110101011010011010101100111110110101101010011101100100111
100000110101001010110011110110000110101111001110000111001010110100011010011101011110001001110001
110100101110110011111010111011000010000110000101111101101101010110100010111001000101001110010011
100000010011101010100001000101000010100111101110110001010100111000011110101111010111011111011110
011001011101110011100111010010011011110001100001111001101111001011001110101011010000001100110001
101011011110110110010011110001100101001010010000010000100101101001100101111110010110110100000111
111110000001100001001011100100001100101110000000100100101111001001110000101010110111000000000100
110001111001100011101101001000101101101111100000110000010110010011111101101101100110111011110000
101101111010010000000001001111001000001110010100011011101011000000000001000101001111011110100010
110101010100011011011000111110100010011110000100011011100110001010011000000010110101011010010010
101100010010011100110001011001001111111001011111010011100010100111011010011001010110001101001010
100110101000011111011101111110011100111001001111011010100101001101011011010101001100000011001010
010010110000010111000100111110101110100101010100111110111111000001010011001110010001101011101101
011000011101101110110101111101000101001111001111111010000100111111010100001110100101101001000010
001000000010100010000000111111111100110110101010111001100101101100001000111011111010100110110111
101010111110001001101001100010111001100001111000110111001010111010001110011001110001110100001011
110110010110111111000000111100001110010101100000010101011001111011110011110000010101101111110110
111110001111000001001011011011111100010100001010111101111010111111000011101011001010110011101011
100000001000001111110111100110101101110000101011011101101111011010011111001001101110011111010010
111010100011100011110000000001001001110010011100110010011011111110100101110100010000110011001011
000010111100111011000111000100001001110111001010101000000100110110100000011000000111110100101000
110110000110111000100100111111110111001010110000010101101111111101001110100010100111000110111100
111001000110101100001011011111011001101110100001001100110011010100101000111111110000010001111001
011110101100100100010000101001101110000100000011000100011111000001000111001010100100010111110011
100000010010110011110011001001100111001000010010000111110001010110010100110110011101101011010110
101011000000111110000010110011010011001001011110001010011000101111101100101011001011001011111110
101100100101111011101100011110100000110001001110101010110000010011101010000100101010110011011000
101001000111111000111110111101010001111001011111010111111100010101101010100101110101011010000000
110110001111100110101101111010111001100111110011111010001010000010110011011110011001100011111000
010100001110000101001101111111101100001011011010000110110011011011100010101000011111001100100010
011001100010011011001101011010111101111010100110010110110010100110010011001001111010101101000001
101011000000001111101001111011100001101010110111010001111010010100010111101111101101110010111001
011101010001110100011100001110001110111000100010011000011001111100111000100101100110101011001011
111000011000110000111100110011101010011010010100010100110001001100001110110100100111011110111001
011111001100010010101101101011001011001111000100111101011000001101000101100000001111101100001111
011001110001111100100001100110100000100010101000000100100100000101011101111010100110010011010001
011100110101100001100000101110111100111011010100111111010010101101100111111111110000011001000100
010110101111001100000101100000011010010100011001100100111100100011111001110100010100111010100101
101010100100011000011101010111100001110100011101111110010010110010011100000111100000000101011011
110011010011110101010010101000011000001000111011000010111100001011000010110001001000100010000110
111011010101011111001011100001010101010101001000111110000000110000001111011100110111010000010100
110011100100011110111010100000101101001111010000111001001110001000001100010001000011001011110111
001010100110001000010100000011001011110110001000111011011101111111101111001001010111010010010011
000011010100010001111110110010011110111100001110110010000011110101101101100110000101111011001010
000110001001010001100011000101101110001111011010110000001101001001000011011011111110000111001111
000111101111111101010010011000011010000001001111100001010110110111110010001000000110001000110111
101110101111011110101110000000101010111000010100100000000111000001011010000001101010101001110111
101011011100111010001000101000001011110110111100010110100111101101101110011011000010001111110000
101011110001011010100001010111000101011001010011110001101101011000100010010110001101011100010110
111011010110111111000101001100010011010101000010000001111110011000010111110011100111110101010111
000010001011000100111101110011100101111110011011111010010110001010110100110101001010101010110000
010001100111110000001100110111101101100011111011100010110110111000100110111110010011011001100010
010000100011110111101001111111010010100001100100000110100101101001100101111110101010111100110010
111101001101001001110001001111011011101010100011101111110010101111000111011110100111100100111001
101000100111011100010100110010110000111000101000010100110111110010010100001110111000000010010111
011101101000001110100101110010111110110101111010000001110110010011010001001001100000011000000000
001111010001100111010011000001100000101010111111100011011011101101010010011111011100001101111000
110010010011000011000000011011110100011110001110111001110001001110000100011101011001010010111000
000010010011110101101010000111011001001110011010110001001111100111001010010101010100100100110011
111111111110011101001001111000101010011010001001000010110000111101110000111100000000101000111010
010011100000111011111000001010001001011101101001001100101110101111001010110111110111100110100101
001001101101010100101100101100100111001000110110001001001110101011011001000111110110001110001011
000111011001010001010101000011001101001111011001001101000101100000010011000010010110000010110111
111110001101010000101101111111000110100101101011001110011010000101000010000011110011101011001000
111011111010101100010110011011111101101000010010111000101011011110000000010100010101100000001110
101110100100110100111100011000000011000101011000001110101111111110011000001000001001001100010010
010101010010000001000000010101000100000101110100011000000010111000011111000111000101110000111101
110001011010101010010100000111001011111000001101011101101011111011011000101111000110000000001101
001100111010101001010101101110000110111111001111011011101001101110011101110100100011011100010111
110010111111101001000101001111100011111011110111110111010000111110001100000011110110101100000001
011110000000011111101100110001001010001110110101001110011001001111000001010010110000000000100111
111111111100010001011111100101111011000010110101100111001011111111110010001100000110100100101101
011001111100011000101101100000101000011001000111101100000111000001101011110111010000010111010101
100111010010010001101010110100111001010000001111010110000000000001001001010010010010010101000001
110000101011001100011111011001111111001110101110011110111111000010111001110001011100101111101001
101011000010001011111111010001010011001010100111001010011100010011100001000010000110100011110001
101010001011001001000000000010110001100100011101101111001011011110110000011111111110111110011001
110010001101001000010111110011010001100101001001010101010110100100111111011111010111011111010111
010000101100100010010111001010101110110101001110101011110100010001000001011101001010100011010100
011111010101110000100101000110100101111001111110001011010100111011100111110000110000001011101010
000110101100110100110001011111101100010100100101010111001010110110001101010010001011001010110100
110111011001010111001011011110001101000101110010101101111110011000011000001110000001110101011011
000110110101010010011110011011010000101011001010101011001001001000001010100100100010011011001111
100100111110101101100100010001001010111111001100000010100011001110100110000000011001111000001011
011110011100101111000001100101001010111001110010011100100111100011000011100100001011101010000000
010101110001111000001110100110101010001010100000111011111101111100000111111010010001011100100010
100001000100100101010010010110101000110111111110000011111100011010011110111111000001100001001110
100111011101111110111111101001100000111100100001100111010111101101110000000001010010100110100110
001000110000000101001110100001101010110110111101001110000100000110100001110100110111011111011011
010010110101000001110001000011000011100011000011000110111101000000000001101110110010000000111011
101001010111010110011110010101111100110000101100001000101111111001111011010001000010011110110001
001001001101111000010110111100010000111100110000100001010001000010101110110011010000001101101101
100010011110101111000110101000100100110001011100111000101100011100111111001110101101101000101011
000111001101111000101000001111110111011011111010001000001010011010001001001011010111101111001011
010010011111100011100000101010111100100101000001110101010011010100011001000101010101010011001001
100001111001001011111010101001100010000001000000010110000001010000011101110110100100101100101000
111110011000111000100110110101000110110000111110110000101101111011010101110100001010001100001110
110001000000001111110111000110111000000001100110100111100100100010011101011110110011001110111111
110010110101000100111010001010011100111000001011111010010000011011011101010011010001011110111001
101111110000011111110000011000100010010101110001100000110000000110101001010101001001111011110000
001100100111010110001001111101110111100110011001101110110111101011110001010110111101001000001100
010100000011000000101001011111011100110110000010111111101111010110010011011001101110010110000000
000111011100100011101111110101011111111001011001000000100101010011011011011110110110111101100000
101111101110110110101100010110100101101100100001000101010101010111000101010101111010110000110110
011100001001110111000111010001010000000110110111011000110101011010001100011010001110010100110010
101010100011010110100111101111111010000001101110001101111011000001100000100100101101100011100001
011100010000000001010110111011011100100010000011000100010101010111010000001010010101000000100011
100011111101110010100001101111111100000100100010110100111001101110101000111100011000011101101010
101111010111000111101011101110000001101011000101011000101110100011001110101100100110111000010110
111101001100011111111111010001101011001110111001100110100001001011101011011001100000101010000110
010000001100100000100111001110001111101011011101110011000100111000001110101000110000010111100010
111100010110001110001110000110001010101011011111110000000011101011010100001001110000001101011111
010010010001101010000000001100111001110010111100010100010001101000001111100000100100010000111111
011100010100111110011101111111011011111101111010111011100001100010000011101010010000110100000001
100101001100010011100010000100110101101011101110000000110001000000010010000001001111000000010010
111100100111110111001000001001100111001110001101111010110110010101101000100100110110011111010100
110000100111100001001101001000110101010010011111111100100101000010110110110110001011101001010001
111011111001010011001110000100111001111111010110010100110111100001111111111101100110000010111101
010010001010110010100100011000100010111010001111001010001100010100001101111110110100111000101010
011001000111011100110000000110110000011000010001111100000111000100010101001111111011001000100011
110001001111100100101000011011010010001101001100011101010010011010100011101000100011100010110010
001101100100001111100100100000010011000010110111001010000001111011100000001010110100111110000110
101001101110100111011011100010110101011111011010111101011010100101001100110100011011001000100011
000111000000100011000001010100101111001010000001111100111101001101001110101010001111110110001101
010010111111110010100100001100100010010101010011000100111001101001101010100001010011011111001001
110110011110100111000111100100100111011001011000111001111101010010010111101000000000100110000010
111101111010110101011111110001000010101000110100110011101010100101011101010010110010000111010000
100001011101111101110100101001000111001000001100010010110100011111100101100010101000000000000100
100110111101010000011000100101001101101000100011110110001001010101011100011000010011011110110000
111010111101011101101111010110001101011000001001000111001111000000000111010011010111100000111100
001001000010110100000101011111011111001111011011001101110111001010010001100000100101110011110110
001011010111001110100100111011101100010011100111001110111011000100111000111101000010111000010110
100000101111110110110011000110010000111000011100100010010010100001011101101111011010000011011001
011011011100000111000101111101101010110001100001111000100000010100101010111011000000110001111011
010000111010011100010000111010110011000010011111011111010101110111100010000100000111101000111111
000010001101001000100010001010101001101010011111001101001001111111010000001110001010110010101011
100101111101000011010001101111000101010100110010000010110101101110011000011100111000110010110011
010010010101101001011001000101010011100011100101011110110001100001101010100011010010111100010011
011110000111011111100001100110000110100011100010100010000111001100110010101010110001111011111111
111010010100110010110010010010001100100010111000000111101001111111110110001010000000110110011000
000000101001100100101111010101111011100111101000111111110001110001011000100001010010111000001110
101111100011110001011110100000000111111100110001101010111101001010001001010100100100011111011010
001001011011010111010111001111000101101001100111100001111000111011101110011001000010111100111111
101101000001010011110000110000101100000000001110111111111001001011010000010001111110111001111111
000111111100000111000011001010000010110011101101111100001011001111010101001100010000110010001100
011011000110001111000100110111001100110011110011000101111111001110011001110010110000110010011110
110101110001001000110100111010111111001111101110100001010101100001100100001101100110010011001100
111001011000011111101011110001110011110110001111111001100100101111001011100010101100111010101001
111101111111100000111001101001110000011111001000000001101000001110111010001110101001011110011000
101111111011101110100101001000100010010010001101111111001001000001110111000000001001101001111011
000000101001101110000000110110011011110011000101001001100000001100110110010001101111011011111000
001011101111000100001001100110111101000101111100110100111000101111100111100001110111011110111110
110100000111100001100110001010101101011001100111010000010011100000100010100001100100111100010101
101100000110100011101011010100110101000001110101110111101100001010000000111111110100001101111100
100110100011100110001101111101101111000101000111100010000111011001011111011000101011010100110101
101101000111100101011001000110100011011010111111111101111011010110100111010111010011001100010010
000111101001010000111010110001111010001010001011101000000010111011001111100111101100010010000010
010101001110110101011100011000000111100110110110101100110001010111011111101011110100011010110000
101001110011100010010110011100110111011000100011001111100001100011101101101000001000001100100000
101101011101111111011000000010101010010000101010111010100110101001110101011100101001011011001100
011011101011010010000011001100010100001101000000100001010010100011100011001001100010010010100011
100001111000100011001101100101010001010011101101101101101010110010100010001011010100001110111000
100100010100111110010001001110011010010011111000001110001000110011000011101111100111101011110000
111010100011110010011110100010000101111011101000000001010100011101101011100011111001011100110100
111100010010111110000011011111000011111000101001001011111111111011011101000001110111011110101010
010010100111111010110011001101111100000011110111000000100100010010110010101110011010101101111101
101111101101110011000100000001001010111010010011110010010011101001000000010111101000001001010000
010011010000100110100101100011110101111111001101001010101101110000010000101101111011111000110100
010101110100011110111010111110110110001101001000000011000110001011110101000110011111100111111111
100000001111101110110101011110110111010111110000000110010110010001010111100010001111111001101110
100011000001000111100000010001110011110111100101011110011110100110000110111101101011001101100101
010111000100101000110001010000011110100001001011000100101000010100001100011001000001110000101100
010100001000100011010010101111101101001100100101100001011110100011010000110001000000100110101000
000100101001001100011101110100111111010110101010010001011011110100111010001110110111111111100000
000011111101011110110111101011000101010001000001011011011111010110010110101000100110111100001010
011100001111011010010100001011110101111100011101000001010000100000111000001111001001100001000010
101001010101110001010111000111101110110100010110110101101011100000110101000011010100111010100110
011010001011001000110010110101100111011000010011101000111010101011001101001011101001100101011100
010010110111100010111000101001100100110110101110110110110000110100111101100110001011111011110110
111100101010001001111000011111101001000010100101001000010001011110010010101011110001101110110111
010111010100000111110100100010101001110110000110111000101111100010111110011110001010111111011000
001110001110011011000111101011011001011101111100001011100001100110111111011010110001011100011001
000101000011011101101110010001110001100010010011111000100100110010001100001111101110110111000000
000101000001010100111101100110010100110111010000000011111010100000100100101000101011000011110001
100010000001010000010110101010111101010011110101000011110000010101000100111110001111011011011010
100001110110000011011001010110010010011011010110001110010000111110011010111100111001010001010100
101010001001010100011110111010101111100110101100101000101010110101111000110000000001100000101111
110000110011010101001011001001011111010001011110001000111001010100110110011111101001110000011110
110110001101011000001110010001011000100010111100011010010100101000011110001010110100111011011010
111110011110010010110101011100111011000010011111011110101011010010001011101000010010000001010000
010100001010000100100111001001011110000001110111011101100110011110101111110011010110000010101011
100111000100001101100000011010001110000111101110000111110111001110010100010011100011001000010111
000111100101010111011010101000110111001001101001010000001000010111111101101001011100100001100010
101101011100100001110010001000101111001011101010101100001101110011011000001010001011101010100101
100100000011100000000111100101111101011011111111011101000101011111000010110100010110011001101111
100110100001110011111101001001110001000001010100111100000100110101110000000010000101111000010001
101100001010100110110011010001110110101000100100000011000010100110001111111000101001100100010101
111001011111000110100011111101101011100111111011000100001010001010101010000011001100110101000111
001010010000110000110000101111001000101001011100001000001100110001100011011111100111100011000011
111100111000100000000111010010101111110011101001101010110100001101101110011011100100010011000001
110111100001001101101000110110111010101010001001010000111011010100001001000110110010110011111111
100010010000110101010011110010101100100111101100100000011111110111011011110011101011010011101100
100010111100010010011010111000111111011111101111110000000101000100000001110011011010111110000011
001001011110110110011011111100010100101010100010000100110001100111100101001000010000101000001001
000111100011001000001100010011010100101001000111001111101011001110110010110100110001110100101110
111001100101011010011111110100001101101100010000000110001011000001101100000110010111111011001010
000100010111001000010000100101000010110111110110000111101100000011111101001010010001011010101110
000110010011111001011100110100111101111010010010100010100101001110110100100001010001001010011101
111000100010010011010011010011100001010010100100000111000011010110011001010100100100010100010111
010000101010010000010010001111111000010001111011101100001011100100111000010110111110110000101111
000111001110111100111111111110111001100110101100000001110110101101110010001011000001100110010011
100111100100100010001010010000000001000101110101101100110010011010111000001001001101111110011110
110100100001100010010110000110110110101100001010000111010111111001011000110111000100110010000010
110110010100000001111010001110101111011101011111100111101001101001011110111111101101100100111001
000010001011001100000010011111011011111011101100010111101111010100101001100101110101101000010000
101000110000111101111011111110100111101111011010110100111100111111000001110111011001000101111001
101111100111011011101011010110000101101100001101010110010011001110111111011010011101101100001101
001101011101111000101001001111001010000110111100111100011101110100101110111010110101111101010111
110100100011000010100010101011101000110111001000001100001000000010100000000010100100001011100111
111100101111101011110111001100101000011101001010111010011010011110101110000111010110001110101110
001010100100100011100000010110000001111000100000101100001011100010011011110001001101100100111100
101000010100100100111000100110011111100010001010011010111101011111000111001101101110100111011001
101100001110011110100011110101110100000001100110001001111111011111001001101110111010110101100110
101100110000000010101001100100101010111001011001010011000000000010001111110011011110011001010001
000110111000010001111110110001000001110100001101001110111000110101011001111010001111100010101110
011000110010001100000001011111011001001001000001011100101011011011001111100100101001100010100001
100110101100011000111101110101001110110011011011111110111001100111110001010010000010000101101111
001101000110011010001101000101011010000111010101101000101011011101111110101100011001101101101010
000111001101101000010001100011000010011100101001110101000110111000110000100000000000000100110001
101101100000001001011111001101010101110001100000111110000111001111101100100110011100011000000000
111111110000000001001111100101001100110001100100001000010100100100010110111011110011001001100100
100111101100000101101110111111110100010110110001000111111101001111000001001011001101110110001111
110000101001100100111110001010111110010001100111011101101000001111100110100110100100101101010110
010110001010111010000100001000001000111101011100011111111010011111101011100110010001001000001001
100010110001000100101000101111001001001100010101010100111111000111100000101110101100111111100110
101000111110100000100011101010101111000100001110111001111010111101001010111000100111001011111011
101100010111110101010111001000001110100101111001111000111001000110001011111100011110110111111100
000100010100010101000110101000010010111010001100000100010111100111101100010000101010001100010011
111011000010010101011110101000011100110101001011001100000111110010001100010110100100011101100101
111100011100100010001100101110111100100000001100110100000010100111011010011001100010110011110000
111110111000100110101110101101100100000001001101101011110100110000100001000110100010111011010110
101101000101111100100110000011101111101001000001101011100010110011000000011010011000101111110110
000111001100010111101010010000100010111000000111111101110010001100000000111000100100011000001011
011001101111001011101111000000001101000101010010100111100110011001000001111110001110011000101110
011010101111010001101000111000101011101101000101100100110010100101001101110010000100000010000001
111011000011011001010111010111110011101111100001111010111011010110111111110001100010011000100000
001010000011011110110101000011110011111100111100011000001010111101101000100111000111110101000110
100111110110110010000110010011000111111000000010011111011100110110110011110111001001001000110000
000100000111101100010000010011000110010010001001000011011000110101111100100010101111111100000111
101111111110100001010110011000100111011100001100011101010001000100111110101100100111001000010011
100000011100001110101111111011110101010001111000010100110011100001001011101010001110001010011111
010000000101000001100010011010001100011001100100111111111100110011111111100100001010101101101110
001100011100000101101100101111101000100100110011011101100101001100011010110001001010001100001010
001000001001000110110101111010000011000000011001111100011100100011001001111000100010010110011001
100000011111101001011010101011001001110101010100100101110101000100011011001110000011111011111011
110111101110010111100010000001000111111110110011000011001010000000010100110000001100010101001110
001000111010100011011110001110111101111100010001101001110100000101011010110001010110011000010100
000100110001010010111101101110010011001101111110010101111101011001110010101101100000010100010010
111110100100110010110010010111100000100100110010010011101101111011101101110110101011001110001101
100001101100000100011001100111101010010010100111110010110001011110111110011001111110101011010011
101110000111110010111010010110010000000100010000001100101111111110110001101111010110001010101001
110010101000101010111010110000010000110101010001110100000001010010101000100100011010100010010101
110001001011001000110010000010111101111010000011010001010110110011000101001001100011101111011100
101110110111011011001001000010011011010010101101011111011111011010010111101011100110000101000100
110000010001011101111001001010100000101111010101110000000000011010001000000111011011111000000100
011101100111101100110111000111001000000011100001010000110011101110011110101001110101100100100100
010000000100000111001010111001011011101001010001011101110110010100100100101010011001001101110011
110111000100000010111010000101100010001001100011011001001001011000010101010111011110110101111110
011101110110101010101111001111100111111000010010000101101001010011100100110110100110001100111110
110001010011110001101100000111001100101000011110011000100000000100011011001011001101001110111011
100001001100011010000100100000101001001000001101011000010100000011111111010110000000101001001001
100000101010001010001001011101100101000101110101011100100110010000010110100011011100001000001010
111010010100101100110011111010010110000000111101011100110110001010110101000011010100011110110010
100100010111011001101110011011111100010011001100001100000010110100000110010110001011101011011001
000110010000011000110101011111100100111001011100100000110011101111001011011011000110101110110111
000011000110111000111101100100000110100111001010111000110001111101000101100010010100001000000101
001110110000110000101100010111101110011101111101100100100111001001100100110101110000111111100011
001001111110110110000101001010111110100100011001011110111010100101001101000100100100000001011101
001001010101011000001101110100001100110011011010010011110011000011011010100001110111010110111100
111001111111101000100110111101101000010101110100011100000101100001111111110000001100010001010110
110110101111010001010110010000101001000010100110111010011101100001001101000100000101010101101001
100000011110111100001110011100100011101100001001100001000000001010011100100110101011111110101100
100110001101000110010010111101000100000101100110110101010011101101011111100001000011110101001111
001100111000001000010011011111000100011111110001111101011110001100110101100000110111010101110001
011000001101100010111011100000110001001100101110000101001110110000011011111010110010000111000111
011000011101110101101111101010111110000011101111100010011110101100100001110100110100010010111000
101110011011100110000110110101100111100111101111100011111011001110101100001000011110010101110110
010010000010111001111111111010011010011101110000111010111001110010101001101111000111111101110111
001101101111000100010000100100111110101000000011111001010001100001100010001010001111100000110001
111000111011001111010001110101101001100011010010000111110000001111000110001100011011011011011010
100111111001000011010101100111001111111011100110111101100111001110111110001001011101011111111110
000100111110000000000010001101111010100101110011001110001001110010010100010101000110011001101100
101100001111110000011000010001011000010100011101111010001101000001100111001010110100111101101000
111100000111110010011101010101111010111001000110111110001111010111110000110001101101001011010001
001110011011111000100000011010101110011010110111000011101100101000101111100100110000000001011111
010110100100001100101010100111010111100010110100001001000010011101111111001111101110000110110001
001101001001011100100111110111010000101110101011000011100100001011000000100101110011010000010110
100001010110011001010011110000101101000000000111001011100101000001111100000001101010000011101100
010011011100011000110010000010000111010001011011010010000111101111011111000100110000011001111101
000011000001011001010010100000001010000110101111010100000000000000000101000111111101010101100111
000010100001101010111110101101010110101100001111101011000100110100100101110010001111001011111000
111100111010111000111001110011111001011011100100001010111000010101110101001100000100100110111010
011110110010010010000110101101110101100010111000111000001111100011111100110011000011001001110111
110100111000000001000001111100101101101000101010000011010110110011101100111101101010010111110111
010110011000101110000110111100101110011001000001001101001101011010110010001101100101111010110000
101011100100111000001101010100110110010110111000101101101101001101111001010110110110111100101100
110001011101111101000110110100010100111100100011001010011111001110011111000001000001011011001100
100101011010100010001011001101110111000111001001011011110110010010001001001111101010001001111111
000000111101111010010100101011100110111111010011110000001011010011011000110010011100101100001110
100111010010100011011011111000100110100111111101011101110111001010111011100000000100010000011000
000011100001010000110100001001101100101111111001011100001001010100001001111011101010011110100101
001000111111001100100010001010110010010101100001010101110011101110100111110101001011010101111011
010110110000001101111001000001011010011011001111111011001100110010101101100001000100100110000100
100011010001111111111111011011010110110011110010111000111110010001110110110101000010011010111101
110110100100001000011111011111100100011000000111001101011000100101000100111000011000100001100010
011100100001110101111111110001011101001001110001101100000010100110000110010011111011000110101110
011111000101110101001010010100000011000101000000000111000011001110010110101001101110101111100000
010101011111110110000000001001110101001010011000110011101000110000010010011110100101111001111100
011111100000100100010111000110110111010110100001001010011111111100010101111000001001000010001111
100110111101101100110011000001010100100101110011011100000111110010111011000101010001000010100110
111101100010011000000001001110101001110001000000111001000010111101010011000100110001101101010101
111101010100110001000011100100101101011111100110010100111001101111110010111101001111011000101101
100110011110100101010111010100001000100111010100001110011001101111011000000110110111100101001111
010100001101011000000010100010010111000001100100111101011101110100100001110111110011111010010010
001001101100011110010100010111001001010101001101111001010011001110011000111100111111110001011010
011101110111010010001101110111111101001111101010101001000000011000011001010100010100111000010001
000111001110101100010011000100100010100010100100000001001001100111100011000010001000000010110110
010110111111111010000110110100101101110101010010101110110111111001101010101001111011011010001000
011001111110010110110011011111001110101010100011011011100101100010010011010011011101001111111101
001101000101110010010111100001110010011011001000010100100001001111111110001111110111000010100110
011000111111000001010010101101010100000000111110000101110100110100101010011011000011100000010101
101101010000011101011000110001010001110110011011000011011001110000100100100010001100101111010101
110110101010101110011001000010001001100110101011010011000000011110001001011100011100010010111110
101101001100010110110100110110111100000001101000001010010011001000111010100001101001111011010011
000110110000111100010111100001111001011011111011011100100010110011100100000100101111100011100110
011100010111000010011011101011001000100010001101111111101111001101000000000111100001100000010000
101111101100010111100111110110000001110101101100000110111000100101011110000001101100001111100000
001110110000100001100110010111111101001001000000011111000110011101011010110000100010111101001100
110100010010100011100101111011110110011100010011110110110000111101101101110010010000011110010010
100100010100010010111000100011001010001111111101100001010001011101001100000101000011111011101100
110101100001010101110010101011000100110110001110011000101011101001000101101111010101101101110100
101100101000101000010110001100010111111011101011000001001001001111101110000010100110010010111010
000011011111111000011001101010101000101110110001011010011011010010101010101101001000011101111011
100100001000000111001010101011101111000111001100010111000010010110000011101100101011100100111100
001000010011011101100100100111100000110111000010010010111010101000111011111001010010110011010010
100100000111011010001110110010001001100010111011100000001100000100011100000001111101000111101111
011000011110001100011000010011000001101001110011111000001100110000111100001110000111111111000010
001101001010000011000010011001101000000110011111010101100010011001000110110111111011011111001000
101001101110000111000101111111111101010110111110101011101100010001110010000011110101011110100100
010001000101111111000010010000100101111101111110101010111101001100010100001010101001101001011001
011011101001101111100101101110011011100000111000011000100011000011111111100001101110110010100000
110001011100110111111001011100110111111101100001011101110000000101101011100111010010100011010110
000111101011010101101101010011011000110100010101111111111100000001001011101100010001011101111100
001110100011110110100000001101111111101000100110111101100110010101111101011010110110010010101100
001011010100111111111101101110110001111001010010110111101000000001111111101110100110111100000000
010100101110100001101110000101011110101000001001010101100110001111000001001000000010001101111110
000111111110111110011100001110111100001110111011111001000101000100000100010110110001001110111011
000101010111101000011000110001100110000010010101110010100010111100011110100000100111010010010000
111010001111010101100100100000101100110111110000000111111000110011100111000011001001010011010110
000000101101000111011000110001100111110000000001110011110011111001100110101110000111111111010100
001100011101010010111010001101000111011101101011111111100110100101110100010000110111011010011011
011100011101010110010111010100110010100101111111011011101000101110111101110101110001000111111010
101111001101101101001010111101101000001111101111100111101011101110101111000100000010010110111101
100110101011000100001001010001101100101101110111001000110110001000100100101011101100100010110000
010100010101010110000001011111100101111011011001010101011111111001100001101001110101101101101100
111000100110101000111111101000000101101001011101101111101100011111010000110100100011010011001100
110011000101100101110110001010101010100101111011110001111011011111010000110010000111101001110011
010100001010101001111010010110010001100010010011011101000011111010110000111010111100100101001101
010100100011001011101101100110110111101011001111001101001001000011111010011101011101011100100010
001010010010011001000101000110001100101110001101001101001101001110110001010111000010111100100101
011111011110101100011110011100110001100001000000101111100011010011011101000100000100110001010000
110110100111000010101001100001010011110010101110101110001101100000110011100100011111100011100110
010001110010000100101011011100101110011010111010101100011010000010011011010100100010110110000001
100011000011110110110101010000111111000000010010100110111110100100101011101000100111100010000100
010010111100010011110101010001011001110110110010110011000100010110000000010100110101100101100001
111111110100000000010001101011110101110011001001001010010110100111101100111010101111111001000000
110010101000000110011011110011110111111011110000010001111101011000000110001000000111111011010001
010100101010000000000101101111110100001101001001101011101111010111111101111111111101101010110001
011001010010111101001001010000101000010001010000011000000110100010010010000001100010000001001100
111100000011010111101111000111111001111110011000101010000110010101000101000011000011111101101011
101110110101011100001011010101100100000100110111010011011000000010110010000000000110000010111101
010100010110100000001111111100010000001100001100111100000110011011010000011011000111001101101100
010100010001111011101110011101001100000001110010110101010111111110101110010101101100111000110110
101111111100001101110110000101001001011100000111101101110100100111000101010110111110000010001111
010011101110100000101110010001010011000001010110010001011010100111010101111100110101101010010001
001111110101001011011101111011100101001000111111010011011000001100000100010100010111110011111011
110101110010101011111001001111101010100111100100011011101011000010011101101101011010011100111110
100100111111111111010000101011111011011000000110111111111010011100100011100011101111010100001011
101110101011010110010000100111100100100010100011001111001100100000010010100111010001000010001001
010010001100101000000100100111011111100001110001101010100100100001100100101111011001110001110011
010000101011000001100110010100011101101100101001010011000010111111011111101100110001011000001011
001111110011001110000001001000100011011010100101111100101101010010010100000011000110011111011111
100100010010000001001101101110110010010100101100101101110111011010000100101111111100000011010111
100101010100011111100100011011101100100000100100110001110111001110110011000100111111101001111101
001100000101110111010101100010000110010011000111110000001111011011110001111010001000001101000100
111100101110101011001110001000100100000111010001111110011010000110110011101000100111000101101011
010011000111001110110100101000001111001111000010001000010111101000101000111111111110001101101011
111011101011001000111011100001000110010000110101011011110000100100101010111000010111000010101001
010110011010001110111110000111100110001010111011011011101100100101000100110101111110001111000010
011011110000011001000011101011000111010001111100110110110111100000010010110100101011111111011100
000100101110001011111110001001110111010101001111010001110110111111110101011110001010001100111000
011000111100110101101111001101011110111011100000011111111001010101100100111011010111100110101001
011110000000010000000100000000001000110110000000101001111101100011110001010001010000101000010110
001101101001010011111000111001001101111010100111101111101010110111101111011010101010100100001010
011111001001101101111100111011111110101011100110011001101110100011011010000001000010001101001010
111011110000001111110010011111001010000111110101001111010000100000111010101011101011111011000000
011000111110000001110110101100000110101001001100010000101001101010010000101001001011111110000001
010001101000011101001100011011000111011000101010011010001010001110010100001000111110001011100000
011001101011010101000010011110001000001101010011001001101001101111000110011010101110001110010011
100110101001100101010000100011101111101110100111001101000010010110100110000100101101110001000001
111001110111001110001111101111000010100110101010000111010100010011010111010011110100000000111010
100010110000010001100101110101011000010110100011010000110100101000110100110010101011110010111001
000110110011000101000000100101011000011100001011111000101100001110000101101111010110101111000011
010001011110001011001100001011010100000000110011111110010100101110100010010011000011010001110001
011010101110111111111000011100001001000100110011001101010101010011001011110111001001110111001011
101101111100011111101100100001101111011110001010110111010111000100010100011010000110011011000101
110110111101010100001010000010011111110010010111111100010100001101101011010110110101101111011011
010100000111001100111111111111000001110110110111110001011001110001110001011011100111100000101010
011010110100100110111101110110111100011101100001000001000000111100010000111010101100101011010110
100101000110000110110001001100110100001111011110100010000111111000101011000111011000110011011110
101100011100000001100111111010110010010001010010011101101000101000101100010110100101011111110000
111011100000001110100010000111111011111011011001011101011111000001111100111001110101100111010100
010110110111111111101111000010111110000111111101101111010101011100011010100010111111011100010011
101000010001010111101000100000110000000001011101010100001011100110001100010010001011010101110110
100111110111100110010001001011111111111110101110101001000001101110111000101001100010001010000010
001011111100111110111101100000110110011110100000001010001110001010011011110100001001001001111100
100100101100011110001010100011001100010111100110110110110011100000000110100001101111111000110000
101101010010000111011110110101001111010001011111110100100001010001111100001100110110010001101100
111001001110100000011111001001000010110001001110101110001001100110100110100101110011110101111100
101101110000010000000111101101101100000110011111111001011011111010011010000110000011111011010010
100100111111110100101110100110100100110110010011001000101000101111101100110001110001010100000100
010100100100110101100001101010111011111011010101001011111111001101101010100010110011010001111001
110011101001110000001111011111001001000000100010010001101000110001110110100101010001100100100010
011101101100010011110101101111001011000001111001000001111000101000011010110011110111000001001100
001110000101110010110000010101010100111100011111111000001101111011111100001110001001100010110100
