101101110111001000011101001101011010000111001101000011111011101000000111011001000111101110110101
111010110110101100100100111011111011000010111010101100110000111011001100010000001110101010100101
100101010100100101111010000010010101001001010000001111100011001011010000100001001101000010001001
100110110101010110111101101001000111111101010000110011010011000111111110101001110101101001101111
000100101010010010101110101010010010001011010010011100011000110000111101110010100100001000101100
111100001011001111001010010110011101011111000100001101010100000011111001000000011101100001010101
101011001100111000101010010111011000011000100000110111010011001011010010101101100101101000010000
000011011111100101111110111111010010100000111110111101101111100010000000100111000101100110101000
100010111011011010010010010111000010101111100110110010011000001110000010111111011101011101100001
010011000001001000101001101111110101010110001111111111000011000100000010011011110000011010101011
011101011101111111101100101000100100010110001010111100001000000010010000001100011010110101011000
110110010010110100101001110010111110011110111010000101100010111000111101110101110100000101011100
010100100100110100000110010001111010011010001011100001110101101110000001111110000001100110010110
100110111101010101000011100100101100001111011101001111010100101111001001111101010111101010010110
001000011000010100100111010011111111110100000100111011111010110000110101110110010101111100011001
000010010011101111101111010001101110100100001000101110001011010001001110101101111010001000100000
010011010100011001101111111111100101011000111010001110001011111001111110001000100010000110111011
100000011011101110111011011110111101110000000011010011110000000011111001110011011110110101000110
100010100111111100011111000111011110100011100101101101101000101100011001000100010100000110101001
010010010001111010011111010001110110010011110010011110010010011110000000111101100111101011000010
010000010111110001111101101100011000000110111001111010010001011111011001101011101000011000111011
001011110111111011010000000111010001100001111010111111100000101100011110001110010100100001011001
001111101101011010110110010101111101010010110011000111000001110010100010101111110001110101100000
110001111101001101000110100111101000000011110100000100001110100100101101011100100111000101100110
111111010000000110001100000010101111001100010001001001001111010110010100100101001111111101111110
110110010010001110001010011110101001101110011110000010110001111111101100101110111001000001111110
101010101110010100111100011001111100101111100100111000000000101100100000001001101001001000001100
011110110000000110011111000011110011101001101100000011101001111011101000001011101101001111100000
001010001000001101000100111101110010101011111010110101000010100011101100001100110000101001000111
111100111100100101011110110100110100010000110111001000001011001101110111010111000110010111010111
011100110100101100001100000000011001000011100000110010101000010000000100100010101011010000111001
100010010110101001010010010111111111110001001111111111000011001001101001011010111110001111111001
011000010010000101110010001110010010110000000111000001001111000100100010100100100000100111001001
010100000000010011101011000001001001010001110111010110111001011001101011101010101110000001010101
110010100101110100100011011000000100110110111000011111111101010001111111010001111111110100001110
001001111110001010010011111111011101000101110100100010011011101001100010011100010101010100010001
110101111000110111010111010101011100100010110000100101111000110000011000000101111011011100110111
001011001110001010010000101110010000001110001000110011101110010010010001101000110110110110010101
001001001001010110100010010011111001100100100011101100110111011010001000000010111000010001011110
111110000001001101100011010111111010100011001010100100110100011101001101111110111111100101001010
011110001010111101100100111101111101111010011111111001110001001000100010110101000110100110110111
000110010011110110011000011000100110111001100001101000101111101100110101111111110001110110011111
011001100001000111001011101101011110110110011001111110100110010110010010110010110000011101001010
110111000111001001100100100110101001100101100000111110001111110001010110011110100100110111001000
101000000001000101100111000111111010001010110000110011001001101001011101000101110011111100011111
010000101110101001011101001001111011101000011011010110010110000000011001000010010010000001010100
100010010101011011110010000111000101001110010000011101100001110100000111111000111010100110011011
100001100000001010111111011100010010011110000111001111111101010100101111011010000110010101110011
000111000111011000001010010011100110100001100111010001110100001010000110010001011100100110111001
011011010010101100011001111101011011010111101010001001010010011100000100010100111000000001111011
111110001011001111010011000010100000000100111011011100100110100010100000101101100010111111101110
110000111110000111111001101011111011110100100110101010101110001111001001011011111011100100110101
011110101011101010011101111011111100100101110111001100110100101011101111101100101001001010011101
000110100111110111111011111011110111101100010001001110110011001110101101000100101001101010101100
010101101001001001000010111100011000011011001101111110111010001011100111111110110011110010001001
010001101100000101100001100111101010001000111001001111000111000011111111110001001110100110101000
011100001001101100010110110110011101111110111111011011010111000000110010110010000110100010011001
101011010110010011111000001111010010000101010110001001101100100000100000000010000101111001110100
001111110011010111100000000101000001010110110100111011101000001001100111001110101011101101110100
000000001000101011000100011001110000001010000010111010011010101000011011010010100011001110111000
100111111111101001010110010000100000001111101010111101011100000011010111100001011000010101000100
000100111010011110100011101010001000001011110101011111101101110111101000101101100111000110101110
110111001111010001101001101101010000011101010110111100111010000001010100011011110011000101011001
011100110001011110010000001110010110100111101010010000100010101001110011001111101001011000011001
111011101101101001001011101100100110100000010100111110000101010010001000000100001011000101011110
000110110000100101101101100010110111101010010111001011011111110001000111011001011001100010111010
101010011011110101111110000110100100111001011001001111101110111111001010010001000001000111010010
100110100100000000001000111111111000110111110001010101011111111010011011110100111100100110111001
111101100010100011001011011110011101010111010010010110110100111100111011000111111100111111111000
110010011000000101010101011100000000011110010011010011011110011110101010111000000110011000101001
011111010011111010110110000010010101111100010110100000011000011010100101110001000011100011001111
000100010110000110000001100101001010100011001100001100101011010111011111010110010111010110001110
101101111001001001000101010010010110010011011110010001100101001111111111101111101011010011000111
011100111111110110110011011011110101010100011011111011101100101011011111110111000101111001010110
110010110001111010010011100100010001101001001101001111010101100100010110000001011010000110010111
010111000000001101000101000111111100111010000001110010010000000101100101110000100001111011100111
000000111110001111000111011010111101110001000101010011011000101001000100101101101100010101110100
011110101110011011101100101110100110111011111111110011011100011000010011111100100111001110101011
111111001110000010101111110111011001101001111000100100101101111111011110100000011011111010001111
111111001001011010111010111000110001100100000011010001100000000000010111110010011000101110111010
010000101110111010010101010000011010111000111101111000101011111011001000001001000001110000010000
010010101010011101001111000111011011101000101100011111000110011010010110101100010111001110010010
101001101000110011100101111000100010000111111101110111001110100011000100100001101010010101010001
110101110000110010111011111100000101101010011001010000000011001000110000111011011010110101001000
011010111000000011101101010100101001010111011001101010101101001001001011110011110101011111101111
101011010110010010000110010100111011100001000111011010100011110100010010011110000110111000000001
001011111011000111110000010111011110010100001011101011010000001011001101111001110001101011110110
011011000001000100011010000100010111000101000001111000101010111001001010110110010100111010000000
101101010001111011011111000001100000110010011001101000000111111100001001110010100101011110001111
000000100110110010111001001001010101110001100011111101010000100110110010110010100111011000000100
111100001001011001010011111100110101001011100010101001011000100111101010001101010011011101000001
010111011011011011101110001001000111010001111101101111110001011000101011001111110111101100111001
000011001011010000001100111111110111111010110111110010011110101101010001010011100101110101110100
011011011101100111000000001101010101001001111100010010101000110001011101011111110100001011111011
010111110110010100101110001001011010101100001001011010001110101000111111100000111010110001110000
100101111011000110010010101110010000100010110000110000010010100100000110100100100001000110010000
000111000101110100011001000110010101100011111110000000010110010100000000011101010100000001100001
000100111010001100001111101001010101010101100011111010001010011000111011010101000001101110010010
111111110100010111111110011100011111110011001100010010101110011110111111100011100111000110011000
111010100001010100101111100100110110000001111110111000111100010101000110011011110011011100011000
110111001100000000010101011010110101101101101011000111110011111111101100100000010111101000101101
101001011011101010111010111011001111111100110010110010001011111100100011010010111110101100111001
110100101001110111100100001101100000101110111101011001000000010100101111010111101101010110011111
010000001110000110111000010101101011011000111110101100011100001100110000110110010101011111010101
111011010100010111000110010010110110100000000100011100010011001110000100001110011001011001111100
100011110100011000000011110011000000001011010010101001001110101111001110000110011100000110101110
110000101111000110100100000001001110101000000001101001100010100000001011010110000010100101000110
110110000011010110111010011101000001100000001110010001011010100100101110110001001010011010101111
111111001100111000111011100101110100101101001100110011111110101010100000010111010110101101101110
100000111110100101110111101011111000111000101010100011111101010101010000100100110101101010111001
111110000001000100000010000110110110000110000111111110111010100101110011011110011011100010011001
010001111111001110000110011110100010011001100101111111101100101110001001010100000000100101101000
011010100110110101101001110011001101001011001101011100111111100011011000001101100011010011000010
101001000001011000110011111000000111000011001100000101001100110111000000011100101011101011010011
010010010110100111101001110101110100111100010100010010001001101110001011000100101001110110110110
011010000001011000001011001101011010111101010100011000010111110001001100100000011111001010101001
001111011101100010001000110011010110011111101111010001010001010110101100100101111100010010000110
000000000110101101010001001000010100010101010010100011100000000100000101000000101001100110011101
101001010110001001001101001010001100010111010100100110011100110110010001010110110100010101001111
011111010111100100000111000001001011101001101111110010111100010110101011101000100011011010110100
001101100110001010100111001101011111001000110010010001100000011010101110111100010010000111000100
100000100011000010001101000011001011100101011100110100110101100010011110101111001111011010011000
101100101100000110011101101110001001110111101101001011111100011010101101110011100100011000000101
011011011101010011011100100000010011001011100010101001010100111100000111110110001110101000110000
111011100111100000110110011000100011100001111011111100111111111000010111110010010111010001000110
000101100000100010010100111100011011010110010011000011010001110110111110110000100001101110111010
001110000010000010101011110110100010001001110101010111110110000000100101100011010001100100011001
011010100101000000010000010111100000001000110100011111110100000011110011010110100010001110000001
010001100011010101100001100010101000010010101101111010101000100110100110000110011011101010101000
000111101010010101101011000110100111110101010101100010011100101101101000000111010101010000100110
110100011111110100110100011000001101101001110100110111010011010001011101011101101011101100100010
101000010011001100001001010100010111001011100011100010001000100100101010000000110011101010111101
101010000101001100001011010100100110011110110011011010101100100100100010110000000101001010111011
101111101001001000110011000101111010100100010111010010011010011010010010101110001001001110100101
001001001111010110000011001010011000111000011000111010001001100101000110110001110100000000100100
000001100000010000010000101110001001110110100001011101001101101010111111001100000000000011111001
111011011010001001010011011100101101000101110010100000100010001001000000011111011011110100010110
001101110110110011101000101111111000110000110011000101011001100101110010110100000101001110010010
000011101111010011000110100110111011000000001100000101101100001001010101010000100100001100111110
100000000010001110110010110010001000110111111001111000001100101000101110010000101001000110110101
010110100000110100011101000010110010011110001110011100101010001110011001001110001010110111100010
000110011100111010011011101101000100001001010010011100001100010101010101010101111100100101111100
011011100010100000001000101100101111010101011001101010001111000011000111001101101011010010000100
101000100101001000110000110111010111101010100011110010000110000111010001100110000000100000000011
001101010101010101100010101010000000001000000100011001001000111011111100001010100010001011000100
110011100111101101110010001010011001101111111000100110011111011101010001001010000111100001000010
110010101101000001101100000110100001011100100010100111100110000101100001100111100011000110010001
010011010111110000100110111110010010111000110010111101000101100001111010000100010010110010110000
010010011110000010000000111111111001110001110101010100110001000111111001001000101000100011001110
000101011111000110100011111001000000110001011000001000100000001110110101100110101001110101110000
100110001111001110000010111101001011110101110100100011010111110001000110010110110110100001011111
100110011111001000111101110101100100111011011100000001110011000011000010011100001100000110010000
010001111100011100110110011001001001111110111000010111000101000000010111001011010011011111111111
110010110011100011101010010000011010001100001001000010100111111011011111100001100111011010001100
001010111100000111100111010100100110100000110111111001101001100111110000001100101010000101100010
011101100010111100011110110001101101001000101100010100001100101110101100101010110001110011110000
010111111000100000001110100101100011000001110111100100000000101010100100000001100000110001111110
100101010001000101100001101001100000110011111100100111111111111010001111111110101110011101001110
001011100111010001010100000101101110100000000101001111000010001010111010001101010111001111101011
101011110011001111010101011110100011011001100011001101011011111110000001100001001110001101000011
011000011101010010110100110100111001101110001100010010001101101001001010000101011100100110111011
000111100110000000110001010111010011011101010011100010001010001101101011000001001000111011010011
100010101111101100010111010100100010010111000000101101111111010100010110100001001000001001111111
101101110110110111101010110111000110011010100011000000010101111011011001001001000100000000100101
110100001000001111011011011011001001101001101100100110101010000111100011110000001010000000101001
011111011110001110000110101110010101101101000110000001110100011101010101100111001100110001000010
110101101000010111000010111010110011101000001001011100000000110000000000001100101001111100001110
100100001010010010001010000000011111000011100001011000000011111011001011101001110001110100111001
011011011000010000001001110011001100111111101010111110010101110001010010101100011001110010101000
000110111001110010001111101110100110011101000011111011010011111100011000100111110011011011111100
011011101110110011000111100111101001001111010001000010110011000101001010001010010101000100000110
001100100010010010001101100000111100000110010010110000001001010011010100001111000100111111100100
110000110010000011100001000111011110100110011000111011111001111111100101110100110111000111111101
101111000001000100010101000101011001101110100110000001010111010000110100101011110001001110100011
101111011000111110000111101000010000110011010011011101101011010001001111011101110001011100011111
011010110111100101000001010011101010101010101100100101010010101010010110001101111100001101111110
111010100101101001100100100110100001011011110011000111011010000001111001111001001001111011111111
000100001100101101001100100111010011101110111100011110001101100100101001110011001111001010011010
100010100111010000101111100001100110010100001111011100100010011010100110000011010110000111011011
110011011101100010011001110111010100011011111011000011110000000000101010010011000110101100001011
000001001001100110101001011110100000010101111001010011101000100101101100110101101000001100101100
001110010000001011001011111111100010110010101010101010110111101000000001111111111110011110100011
111000110000110100100100011011001000100010001001101010001111111011000010100110111101101011001110
010011011100000100101001110110010000010001101111010110110100100100110101111001001000101100111110
111111001101011100011011100101010101110110011111001011000000111101001010110110010001011001000011
010111101100100110010100110111000110111000011101100001110101010101000001001101001110011100011010
100010101010000000000100000000011110100110000110100110110110010000111101010010111100100101101000
000001010011011110001110101010011110101110001011001100000100011011010111001011001001111101101101
101010110101010110100010010111101011111010100000000011101101000101110100010010010011101111100111
001010000101111110111010011111010110101000111000100111111011110111010010101110000110110101000110
101010011011111100000111111010111011001100100001100100010011010000001001111110111001000101111110
101001101011111001011000001001011111001101101011110101110000001110011011111111100110111101100001
110110011011000001110000000000101101111000100001011100001000111010011110110011000010101101000100
100110100101000000010110001100010011111010000011010001100000010111001011001010011000011101011010
000100000010001001001101101001111011011100000110100011000001111101001101011001001010110100000111
110011001011010000011100011110010001111001111111110011110000011100100011101101010011011010010011
001100110111000000011010100000100010011111110101011111000001010111110010101000011101111000010101
011011100000100101000101110111111111001000101100001000111101001010101110001010101010101000001000
111001011111010011110001000010001010010100010111000001000000011110101011001000000101010011111001
001111100010001110110010101111100011101010001110011110010111000111010001011110101000000100111010
000011011110001001110111101011110100000000010000100101000111111010011010011011111010000011101010
110011000111100111110110011011010000111000011101101100101001100001011010100110000010011011001011
110101111000011101100011010001100110111011001010100111001011000000000011000011100111011100101110
100100111010000100000110111111111011110001110100000010111000100111010001110110001110000011101111
000000101001011111000001000100110010110111011101000100111111110011110011011000100011101101011111
100011000100011010101100000111010011100010010100111111011100110111110000011101000100010001101111
111100000101001000000010110001010100001101000001100011110101010001011110100110010111100010111111
010101101010111010010101111110010101000101110001100010111011101101111101010101110111000011011000
101110010100101010000011101101000110111100100000100000010111001011000001101101010010000000111010
000111101101111110101111101000011010100100100111010100010111000111111011111011100001101000110001
011100001110100101111111011101110110001100110101010110010101110101100011010101111100101100010001
111001011111100100010001100100101001111011011101010100010100101001101110111011101110000010110010
010111001001100001110110101001011100101000011010010000001100000010110011110110001111010010010011
111010001001110101001100000111100000101100111111011010011010010100110101011100100111000110011000
101000001000001001101100001111101011111100011110011001101010111111111100010000010010110000101010
110011000100010100000010010000001111100001100011001110010011100010100011011000110010100010101001
110111110000000001100010100000111001001110011000110000111101101111101011000111110001101111101000
001100100010001101101100110011101111010010001110000100010110111111101100001100111110001001011110
011010110110101010101000001101010111101100011010010110100101011100100110111110001110010101010011
111000111011110011110110011010000111101111101101000111011001010100001111101010000001001000011100
110001111110000010111111100100100111010011011000101110111100110001100101111100001010011100010001
010011100000111011010001101011001101000110011010000101111011010101011011111010010011001000101101
000100010011100110010001010110010110001100100001001101101111000000110011001111111100001100100110
101000010101000010110010111100010111011001011000010100100001110100010101111100110011101010000010
000111110001001000011100110000110110110001001101011000011011010100011000000110111100100000100100
110011111101010011110100010101101010001001100110011111111111001111000000010001110010000111100100
010111110000110011010110100111000111101101100010111110011101000000100101110010111100010111001001
100100110111001101010111000111110000010011101011111001111100001001000101111101110010010000101111
110100010011101010001100010111010110011101000000110000100110101001010110010111011101111110010011
110001101101000011100010110011011000110011110100101000100011001011111110011001111011111011101010
101110100110101010000100111010100010000110001000101100011011100100010011110101111000000001000101
100101110010101010001000111101000010010111001011010100000111001010111010000101100011011010111010
001011110000110110111001100101011011000010100100011011001011101101001011110111110101100010000001
010000111110010101000100101100101011011110001000100111111011101101011101111110001000110010000101
111101001000001000110111110000000110000111011010111001000110000111011000101110100111011100000000
001010111101010111100011110001011101000000011111011100100011101100001011111011101110100100110111
011110110010000000101000001010000000110110110101000110110111010100011111101100011110111001010100
011001100100100000110000000100011011111001101010011000111100111101001100110101011111000011011001
110001100001000110001101001100100100011001101000001110010010010101111000011100000010011001000000
010100110101001011101010101000011110010000000110001100111110111111011101011100011011110011010100
111011101101001111110001100110100010101000111100011110000010001011001011001010000110110010000110
011101000100010111110110111000111010101001111100110001010000111111000000010101110001101110000111
011111100011100101111100000100011100010011010111000010110011100111110100001101001111110000001101
011111010110010001011110010001010001000100001110100110011101101001101001110100111111100111110111
000000101110101110110111111000011011000000001101110101110011111011101000001100001010100000001111
101100111111000110100110011101001101100001100011100010101001111010111000110101101011011101001101
011110000111100011001111100100100011101100011000111110000101010100000000100101100111101011000010
111010000010011111101111011100011000111001011001010000111110011001110000110010011011011111100111
110111100101001101010110101011101101011010110100011000011100010011100100001001000010110010001000
010111010000011110010001110010000000010001011001011110101110111000110001110011100000101011110000
000000000011100101000100010111001100101010100011100101100110011111011111010101001010001100010111
000101100001110010001010111000110101110111111001001100011010100010110010110111000010100111111100
111011101010001010010001010001101001010111110011100010111100001110011010000000100011010101101101
100100110001110100011001100000111100010111100110111110000010111100001000001000111001110110101110
010010100101001101000110001101011111100011101111000100010010100000101100111110101011101111010000
101100001111110010110000011011000001101100010101100111110111111011100001101110011000111100001111
001010100000111100001011010101100001110101110001011011100010011110100100100100101100111100001100
010000000010010010000111011010001101001010110111101101101110000000001101010000100110111011000100
110001000001101000101100100111101100101110001111110110011111100101010000001110110000010110100001
011110000101011110111000010111111110111001111001111000101000111001100010100101100101000100001100
001101001001011110000010010100111010000111000000101100110111011000110101101101101100010010011110
011000000110011101001001100011001100101101110010101001101110010011000101101100000011010100010111
000110000001100101110100110000110010011000000100001001100101000101101001110110110110111000111100
111101101001000100100100110110010111010101000111100000111010100110100100011110001100110001100100
111001010001011011001011000000011010011101001010000100001001110101010111101100010110010110111111
011010110101000000100010110000110100110000110011101010011110000010001011111011010110110111110010
011010010010000111100101110000000010011010011011110011111011000100110111111011100011100010101101
101010000110011011111011010000101111101011110100010101100000110101010000111101001011100010100101
110101001001010101001011000100100110110000101011100001100110010011000011100000101110001111000000
100000110001010000111001011010000111111111100100100011011011000010010000101001001001010101100010
101000011111100110010111100101111011000000101110011100011111000111101001000000110110001110110001
110001011111010010100001000000101111101110010100110100111000100111110101101010111101101101010110
001111100010001111001011101100011010001100010110011010110101000111010101011101110001011010011010
001100111000100111110100101001111000110111011100011101111101101010010000000101101111001011110100
110110001111111110001000000111000001011011001101100101110000111011010001111110000101111110100100
001011010101010111001100001011011110000100001101100100000101111010101000000000000101111101101000
011101100000100101101010011110010111010110100001011010101111110111100000001101010011010100000000
001100111011000110110011110001011101001001001011011101101100101101101101010100110001100101010010
110000000010101001101011100100101001010010111000100111111100110010001100100001011010110100010111
001011100000001111111001001101110010110010100001001011100000010110111010010010110011011110110001
000001011111010101011101100101001000001101100110111001110001100100010101000111010110111001101000
010001100010000100101011011001100000000111101100101001001010000011110000111001100001001100011111
110100001110101101001001001010010011000110101111000111001010000101111001001011011000000110011000
000000110110010101001010011111110110011101100101101000010011101011111111011011111110110010000110
110011111111010010100100000111011111101100101001011001111001100110001011010111100011011101001011
100000111101100111100001011101000011100000000001000001101110010100110011101001001011100111011001
110000010011010001101101010100010110110111111000010111101001111111110100010010001010100001001010
000010100101000101111100111101001111000101111001000110101110101000110100010101011010000110101101
111001000000010110010111000111100110011001011101010011101100010110011000101000011110111111111000
100101010011111111000001001011010100100100110000100110100001010010000011101100000001000110110111
110111001101010000000000001010111010111100000110011100110001111000011111100111111101000101000100
000111111111100101010101001010010101001010100100011000011011000000111101010001010010111000110110
100010001000010101100111100100000111101111011100110011010000010110001101000010011001010100001100
001011110011010000111111000101001000101111010001110111010011010011001101010100100111010000010101
111100000010010110100111110000110000100010001111000010000100011100000110100011111000011001111000
010101010100101100000001010101000101010101110000001010000000101111101100010011011111010011010111
000001010001000011001101010110001110000010111010100110101110001001011101110110000010101110000101
110100000100010011001000110110100101011001111011100100110111000000111010111101111010100111101000
010110100100111111110001101001011110111111001011000100101001101111111110111011011101111101111100
001100111011011100010111110111110110111100101100110110110001001100111110111000010011101100011001
001001001111111010111000110101000110100100111111011111101000010101001000010101000100001011011010
001110011101000001010010110111110010111011010101111001111110100101000010101000001111011110010100
001001110010000100110101001111100100101110110110101111001001110110010011010010110101000111111101
100001001000110011010010000001010101000101111010010101100101001001101111111111111111101100110010
010111000110111100100100010101111001111110000011101111000000010100111000001111000011100001000011
001110001111010101101101110011100011000100011010011011100100000111011101110110101101000110000100
010110111000110100111101000000011100001101000001001001010100011010100100110000100100110110010100
100110110011111010111000010000011010001001110010110010100011000111010111001000001101101010001101
110001101000001100010011111000100001101110001010010100111100110010011111101001111100100000010010
101111010010001001110000100111111011100111100111011000111110001111100111011000011111110011001010
010101010110010011100010111010000110111000101111010010101111111000001011100010000000000101110110
100111111100111100101111001000111000001100000110110001100000001101011010101111111001010001100110
101101101110010010101100000111101110100111000010110011111001010001110100111001010111010000110111
111100100011010110011100000011011001011001110010110110100101111101001110100101111100001011010110
100001001111000111000000111110011001010110001010000101000100001101110100011111001111001110000010
101110111110100000100110100011000001110101101101111010111110101011001011111111100100110011101110
110110100011011101100101000001111100110001011010010111001111011101101101110011100111010010010100
010101111101100001011111011100000000100001100111000000110000110000111011000110111100011101010111
100111110100000100011011101000101000010000001011101101101110001111101110111000110110000000110111
001001001000111011110010110101100011101110011000010000010000001000011101010000101010000010000010
011101100101010101110000010100001001100000001110010101001100001111111101111100010100111110001101
111010100111111110010101110010100101101101010110111110000111000011110011100001111010111100111111
111011110100100000010101010000001111101110011010100010110110001101001011111100010111011111101001
111011000100101110100101100011011000110011100110111001110111010001111110010000000000110100010111
101101100000011111111100111011011100101001110001011000100011011101101111000011011101110101100000
001110100001000010110110110011010101110111110110010001110000011111000010010110010011111010000110
011010011011011111111111101101101001100000110001101110100110000110111111101011001110110010110010
101011100010000101100011110111100110011001010110101110001100100111100100010101111111101001011010
110010000001111101100101101111101000111111010010100110000000110011100111001000001101111100100001
110001111110101001001110011101011101111111000101110000101110110011100101000111101011101000011010
010010000011001100100010011100001110010000000110001000011100011000100110110111000100011110011011
110110001101011110101111100101001000000100011011000101000100100001101011001010100111111100000011
100011011100001110110001101100110001011110000111011010110000011011100111111111000011010100111110
001010100001110101010001000110110010100010000000011001010110101111110011010010000011010100011000
110100001100001110000110100001110100011100010110001010011101001010011100100110011101000100000100
111110100010110100011011000010101010101000111110111101001110001111101001111010000011110001000111
101110110010111010010100010101101100110100011000111110110010010001001010101100001100101001101100
111010010011011010011110001000000110011110000011100110001111100000001001010011011010010000100000
010111010010001011110101100000011110100100101110011000011011010110011000101011010111001010011010
001010110000100011011100101111000010110010001100011001011100110100111111000101100111011010111110
000001111101011101001010101000000000011110100000000111010000001010110100101001111101001011110110
111010100011100100010001011010110010100100011011101010000100110001100111010001000001110100111000
111011001111111011000011111001001101010110100010110101010110100010100001001110111101001101001111
000100001100100101000100111101100100000110111011010011000111110010100000110111010010110100101000
101011011100010010111011111011100000001011000010100000011011001110100011011100111010111100110010
111111000111111011011101100101110110111101000101001110110101110110001000001111111011001001010111
001101000011111100001011100100010001010111011001010101001001110010001111100111010000111110011111
111111101000100000101110001111100110101111110101110010000001111110110001001011111100111001111011
001011011111101101110110001000100001000001000011111101001100111010000011101111000100101010001110
001111110100101011110011101011101011001001111111100011101101001010010110011011011101010011011000
011111101000101101000000111010111100111101110010001000001101000010110101010001101001101111001100
011110111100111101101101011100001111100110101100111011000011001000110010000001100101110011100001
111111111011010101110101100110011110110001101010100111011101011110101011001101111010011111110010
100001011001111010110000110001011001101000000100111011010111011001001101000110111110010010101001
101101000011000110011110101101101001000000100000010101000001000111010110101101100111100111011001
011010101000100010001010001101010010110110000011101011011110110001101000110011001000010110110010
010010111010000000001010010100110111000011011110010100011001011110011100010101101000000100011101
101011110100000110110100100010100011110111010011001110110110000111101010110000001011101000101000
101001111100011111011000110110100001110011110111000001011011110101100100001100100111010001000101
101010011010011001101010011101101110010110101100101000101111000101001001110101100101010010110011
100010001011110100011110000000111100001110000110100100101110110100011100011011100110111100011001
100001100010000011111010011100011100100101010100100010110011111011110000011101100111101111100101
000111010001011010001111101000101001000010000111001000010111111010010000011101011010001100100111
101101000110001110010010110001110000111101111101010011011100010110001011111011101100001110010010
111100100011000011100100010010110001100011000110101001111110111001011101010100010000001000001100
110101100110010001111101110000100010110111100000011101110101111111110011100101001110110111111001
101000100100111110011011111000100111101000111111101011100111111101100011011101111011000110000100
011011000110101001001011011101111001011101101110111110101111110011000100111110100011101100100011
011100111100000011110110100111011100111011111110001111110101011010101000001000110101101101110001
101110000110111001000010001111011110000001000111100000011111000101000010010011110011000000010011
001010001111100101010000010101000101100010001011110101010110000000011001001001111011101000100101
010110000000111010011101000011101001000101011110010010111111110011010100001011111101100001001101
011011001101011010000011110111111011110010110010111010100010001100101010011011000111101000110111
001001000110111011001100000111011110011000000000000100110101010011100011000100111100010111011001
100111010110111111110001000010110001100111100100100011000100110101101110000111110101100101010001
110001100101011001000001011101100100001011000011011100000001011000100011110001000110110100011101
101000100110110010111101100000110100111001101110110101101001101010101001011101110000011111111000
111100100000110001001110111000101010001110100110011111010110010001100000110010010000111000010111
110110000110100110000111100010100101010010100010000101111000001001111011010110000101110011101011
011000101110011100111010101000000000011001110011000001000011010110001100011110010010110011001101
111100100100001001001000000101000101100000110100100100001010100000011111110011010000111111101101
001111000101001001000011111000001101000101100001000000011101110011000010111011001110000110110010
101110001000011110110111000011110101000010110101001110001000110111111001001011000101010001011101
010111110101011110001001100001110111010010001111101010110101011010000100001110001011100100010101
100010000011011111001010100011001110011110111100000110111011010110101010100101011111111110101011
011100110011101111001110000010111011011101001011000000111011101110100010000010000010000000111101
010100010101110011011100000001011011100001000001111111010101111110010111000010011111100010001111
111110111011111000101000010010011011111011100000000110001001101001110100001100000001010010000111
110110111001010111001011100010111001100100100011001101111010110111100011100011111111111010000111
110110010111111100101110101101000101001111001111111010000001000011110011111110110100111010101010
000000100000011011010101100110101100100000101101110010111100000000100011001011000111011001110111
101111001011111110110100111000100001000100110110010111011100000111110000100101001010011100101011
010011110100110011110111100111001100111110110001000100111110001100100010000110110000001000000100
100010111101111000111110101101001111001001011100010001110101011100101010110111100110000100010010
111000101101000011011100110101110010000001110000111101100100000010101101111000100101100000110001
011000110110001001111010100011101110010000111111110000001100110100001101100110010101000111000101
100000000111000100111101101101010011110000111001110011001010011110011110001110011100010101001111
011100100011011010010001010111011011011101001010100010111100101111010011110001010011010101101000
001111110110001001111010000101010010101100001101001000001001001110011101011011010111010000110100
100101101101010101100101011001100100010100111000011110110110110010110010110100101001100001100001
110011011101011001111110110100001100111101100001111001001100100111010100100011101011010000011101
011100011001010100100101110110101010100111011000100100110101101110010110110100011011000001100101
011010011111111001000100110101011111001001010001011011001110000001110011000101111111101100110111
001010111011011101111010111001101101100011100011000110100111011001111010100001011010101011110001
100010001110111110001110110011101111000011100110101110000000000101000000110101000101110010011010
100001100010010010011010101100110011100101010110001111001011010001111000100101100111111001101001
001010000000001100011100111100111101110000101101100011111000101100101011110101101111111001000101
000000011111100011111111111010001100111011111111011111111001011110011011001011010100100000110100
100110111111001001100000010010011111001100001010010010110010010101110000011001101110010011111001
001010011010010101110000111010101001001101011000110011011000111011010011000101111110000001111101
010100001011011001110101100100110100111010001111000001110010000000011110111000100111101101001100
110100011000000111001101001011001100111011110110000110001000101101000001110000111101010000110010
011100111000001101110110100000101011001010000101110001011110110100010100000001101111010110010001
110001000000101000110001100110111000011001110000000100011111010111111100011111100101010111101110
111101110111111001011001010110101010111111100110011110011010111101010000010111011111011100000000
011001010111000011000100111100101100100110000101000110111111001000100000010111000100011101100110
110010100001111000110010101101101111111011101101010100101001111010101111000011110011100100001011
010101110011000010001010111001110011111010001011100000010000011001100110000000101010110000010101
111010111101010000100111100010111011011111000010000100010011101111110101100010100001011010100100
101111000111000100011110111011100101000001001010111010001100111100010110110000000001000010000010
000001111011111010111000101000010010011010111111011101010101111001110010011000001001101000010100
111110000001111100110110101001111010001010101000111100111111000110010101101110110101000111000101
001011000111011110011111101011010101100101101000100111010000000111001111100000111110111011101101
010010010110000111100100101101010100111100011000011000100001111101101010100101101001001011111001
001000001111001001000111000001100100001110100100100001010100010100001010100010011111111110011111
001111110001010010110100111100001110111001010000111011100110101001100101111101000101000001101011
100111111011110111011100101110010000101100101001000111110110011111000010010111001100110011010001
001101100100100010100101111000010100101010110010001100001011111110101011111011110001000010101011
100101101000001111100001111010101110101101011010000100111100110001101100001001000011000100000001
000010001011001010001110100111011101111101101010011110100000001001010011010100111111011011110110
101101010000011010110111001111000101001110011111010011111100100011001000101001100100101111101001
111001000100111101111110100111110111111100111001111100000101110000011010110010010110101010011110
001001101001000000101000011111010000011110110001000011111011001111010111110011010010001000011001
100010100101100100000001010000011111000100100111110000111011111100011101001011111000001010010110
011000110011111010110111010011001011110010001100001011100001010011110011110101111000110101001101
101000111110011110101000101111100110000011010100101010111100100100100000001100100000010011010011
110011110111110000100110101000001101111101101010111011110111101000100010001111110000001101001010
101000110100111011011100111100101001001110101001010001001111010110101101100101111011111010001000
001001101101001100100101100111101011101101010111111010111000010011111001000011000110110111101100
110011010011000100001000111100111011011010110000011101000110010111010101111010000101001111000010
001100010001010011110000111001000111110101001000001110001010000101010100111111110100111010000100
111100001111110110001110101001001011010000111010110001000100000100011001110101010100000101110001
100011000111011111111001110000001001001111110100110010111000011111110000111101110011101000101011
100001101000100111011011010100011001000110011111111110100000011000000000010110001010011011111111
010010101101011011111100100010100110010111101001100001010000100110000100000010011100111011110101
001001011010000100110111100110011011000101110000000101100000010100000000101011101001000110111110
001110101010000111101001011111000101010001011111011101000000111000011101011001101110011101011110
001111011111100101001110101110111100011000001011100101001110101010010100101100100110100001100010
010001001011001001101010111010110011110110001110000010001100000010100101111001110101001100000000
101001111010011110001111010011100010110011000110000110010110011011001100111011011100110010111101
011011000001111011111110001011111110110100110100000000101101001010011000001100010110011010010010
011011000101111100011010011100011011011010101100100000011110011011001111101001100111010001101011
000101010010110101000100011110110010100000100001101011111010011000110110111110100001010111000101
011101011100111101000011010100110100111001110101001010111001101111000010000110111010111100101100
011111001100010011100011000000110000000100000011110001110111011010101001110110000100001110111101
111110000111110011011100111101010001111001001001110101101001011111101000100111111100110011011111
000110101110011100000011100001001011000110111000010101110001010101010011001111011000110101110011
000100011111011000011010101000110101010110010111010101011100111101011110111110000101010010101011
001101100000011001110000000111001110111011110011000011100011100010101100110101001010001110110010
011101100111001001100100000010100010111010100011101101011010001101110001001111101110010100100001
110000111110010010000110100110111111100000111001010010010110100000011111000111110010101000000001
010110101000101100000011010110111110110110000000010011011010010110011000110001001110000101101010
000000100100000000101111101000111011000000100101000101001000011101111100101011111101111110111100
010010100000110111110110001100111011100111001000010011111011001111011001011110011001010010010100
110101110010111001011010111011101001111110111010111000011000011011111000110010101010101110001110
010001001001010100000110001011110010000011110011000011011010000111011001101101000100001101110001
001001001101000001011101100001010100010011101100010010111001100110011110110111100111001011110101
111101001110100010011000111100101111101101011110010111000000100110001110101111001011111001111111
010100001011110010000001011110101100010011011000100011111010101110011010110000111000000001000001
100111001111011001110001000011110010111101011000111000000000110000011010001100000110001011100010
000111001100011100111000101110100110001111001011001100001011011010010110111010101001100101010101
110010001101011001011110101100000011111110100011100000010111110100110111101110111000110010011100
011001001100001001001011011110101000011001000001100010101101100111111100010110100110011000101101
000111001011100100111011111110101001010001001000010110011100100101011000101100001101100010000010
111100101100111101100001111010000111010011001001111010111100010000110111011011000111111010000011
100001000111001111010011100110101001111011110011100111111110110101110011101100010001110111011010
111000000111100001001001101111100000001110011000101111010101010010101011010001001101100001010000
010011111010000110110111100101100000111110011110100000000001110001011101000110001110100100000111
100100100101010101111011100110001000000001000010110111101001010001010111110111011010001110111100
001000000001001011000111111111001100011101010110011001100001000011110010000011111111110100111001
110111010011001011001111100011010100111010010100000010000100010101000101011100111010110001101100
000111100010101110110111010010100100001100000110110010010110011001100010110101001011101000100100
000110100111000100010001011011111000101110010001100111111010100011011110010000000010001100100011
100000000010101110110010010011000110000100010001101001101111011011110110010011111101101101010010
011011000110111101110000100110100100000001110010011011111111100000101100000100101001011100001101
110001110111101110000001110001001111100000000100011000111001100111000110011101011010111001100010
111101011010000101011111011010110100110110111011101011100011111111110001111111110011011100101101
001111101111001010101000111011011011000000011010110000001110110011001010101100000110100011101000
000000100000001011010010010000110000000101010000010110010111000111110110101010001000011001101100
111100010100101000000011100001110100010101001000000010010110000000110010001011000001110110110000
000101111000100010011000000111011010110000001000010000010110000100010001111100001101110110111110
011110111001111101100111000001000010101011011010010010000101100111110101000001110100110100101000
110001100011111110110011110000000000101001011010010101000001110001101010101101000001001101010111
001111110111001101100001010001000011001001000000000101001001100110101000010101011011111111111010
110101001010011101010111011111110111001000001111011111000000100000000110000100100001011000010011
001011111100000001110111111001111110000011100111100001100111100000101010100010100010011011100111
001001010000011110111000111100111111111011111111010010110101100100100001100110111010110010101000
010010000000010001010100110000101110011110100011111010111010000111011010000010110100001000001011
100101010101100001000000001111101001000011000001010010010011010101010101101000011100011111000011
001010110011000001011101111001100001000000110100001010111101011010010101111110101100000110100111
111011011111011001011101101011110111000001110011010001001010100100011010001010110110110001110100
010111011100101011011000100000110001000101101000100000000000111110110001111111010101001100100011
001000111011000110011000010111110111001111110000010000011000111000001010000110010101011011110100
111010011100010110001100001111111100010101010101111100100110100001011011001111001001010001111000
111100000011101101110010000111010010011101111010001001011100010111111111000111110010110001011101
110001010000100101100000110101100000010101011010110101010110011010100010011000011010010001100101
101010011110100111010101010000001010001011001111001110011111001100110011100001010100111000111010
101100011011011100000110010100100101011111101110000000111000100110001101100010111000010110111100
110111101100000000101001100100001111011101011111110010101110001110010110000011110011111111110000
010000001110010000011101111001011010111000100010100000011101100100111110100000010001110101111011
111110001010010000001000001010000000010000110010111101110011111110000001010111010111011001011100
011010100101110100011110000100111110001011101000101111010000101111111111001101010101000111011110
010110110101011101101101111010111100001110001001001000101000110111010100010010101101100101001111
001111000111011100000110111010111101101000001111011000110011110001010101110000111100001101011000
000001011110110000110110011100010111100110110101110000000010001110010110011111101000011111010011
111111101001100011000010010011010000000010001101110100010101110001011000001111010011010110110000
000010011100001110011101000001001101111101100111010001010111010100110000001010111100011100100110
000001010100100010100001011010010001101111101111011000101011101000100011000001110000101110101111
010100111110001011110000110110010100111100010101100110010010111011111101011101000101110100110110
110110001100011000001000101000100011111100110011101110000100001101001001100100111010111111100101
111101111111111110111110101010010000000111001001011011100000011001100101101100101001101011010000
110001000001101001010101001010110110001011101100110110000010011001001000110110110011001011101001
011100101101110001111110000010100000101100010101000000010001100010111111101001000000001000111011
001110100101100011100101011100011001111011101001110011011110010011101010011010110110110110111101
001001001000000101110000111111100010000000101010110011110001111100001101110010000000011101000110
111001110011100001111110111101000100100011110110111001010111001111000101010000111010000110111100
010100001001100100111111010101100110101000100100010101101100011000011010100000110101110101111100
100010110110111000010100001011010011101000110001111001011101001010000100101000000001111010111100
101111001110111011100011000000011100011110010100100111110110101100000010001100111110000100111001
100010101001000110000010110000010010000010101100101001111101100001011111100101010110001000010111
111001101001101000111111101100011101110101100011101011001001001101011001101100001111110000010110
010100100110100000000110100100000011000011000010011100101010000100101011010100110000000101100111
101100101111011110111011100100111000111101111100110101101100101011000100011101001101100001110001
011011010110011110101011010001111000000011111001100010010100001110100000110101011011010101100110
001010101101010001100001000010101011100000000000001110011101110001011101010110000100110000001111
111110101100110010000000110011000011100000001010101010111000111010010101111010001010110000111100
101101110100101101000001010011011100100111001001001011100100100001001111010011011011100001111101
001111100100110000111010000100101100010101001100110101111001011111011111011011110011000001110100
100011101000011111100111110010001000101010100100011100101010000100110000011100101101111001100111
100101011101001001010110101100101011110011111110010111001000101110011000000010001011000001110100
110100111100010000011101010110011111101010110011100100000001111101011011001010101011010110100011
110011100100101001110000011110110110111111100000011100110101011001111110100110011011001101000001
110101100010000011101001001110100110111101001010010101110101111001010101000001010000111001101110
010001000100011001000100110101011111000000010001101110111110001010000010000101100100000011101001
110100111011001111011001110000000111011010010100011110100101110101101011010001001000110110011111
000001010010001110110111011110001011111010011110000010111111101011011000011101100010000110101010
111111111111111010100010111000110110110000000001010010000000111110000110111110000111101110111001
101010101110111100110000011000110111100001010000101010010000111000010000010101101101001000001000
100010111010110001010000000011001001101000110110000001100010000111110111110001100000100011000011
101000110101100110100110100100111010010000100101110100110111111100100000110000001011100011011010
010111010011101100001110100110100010001010001101000001101010011011111101000001110111100101111110
111100011101110111001001110000101111011010001000101001110111111011110111011001100101111000111011
101011110110010111100001111110011011110010100000011100101110001111011001100001100101000101000011
110111011111101100110011001000010010100111111110110010001101010110000100001011011101011000001011
111101011000110000111001000101100100011100011101011011110010101111001101001100101000001010100001
101001001010100000010101101101110010011000010010010000000100010011100000011000010100011110010010
001001001001110111111110111101111101011011011010101011000101110011010001011111101101010001101010
001110100011010000000000010100110000001101111100000001110000111010110111011110111010010101000110
111100011110010110111111000011110101001100001111111001111100101110010010001111010101000010000001
111110011011011010110001000101011100110011100101111110100010000011000011110111110110110011010101
010111010001111100011100011100101110011011011100111111100010111101000000100111001000000111111101
101110100111001011111000010000010000101111111000100010101010010000110011011100110011010010100010
110101111000010011001110010010111100000100101110101001001110110100110111101111101010100100101110
000011000001001110100101000110101111101110100000111010011101100001110100010001101110100110100010
000111000100000111100111101001100010101111110000001000110010100001000100011110010110100010100100
111110111000100110111110010001100110100110101000101100010111010110111001101101100000010101100110
001000001100000111000011011000011101100010110001110100101010111001011100010100101110101110100000
111010111001111111010100100010000000110011010000111111111100100110100110111100100011000001010110
100101001111011011100011001011010011101101001010110000100000101000001101110100011101110110000110
000100101011101011110100100010110000110000010011101011000101111111110100011011000011100100110101
111110011110110000000101010110101011100111011111100111100001111000100000111111110101001101101001
001010011111001111001111010010000110011111000100100111110110011111000011001110100110001011010001
110111111001010001001111110101110011000111111001111111100111001111011011011110111111111100101111
000101001101010110100101111111010010000101001010100010011100001101111100000001000100000011001011
000010010010101001101010011100101000111000101110111011111110010111110101001010100101100100100000
000000110001110010111011001011010011111001110111100011000000000110101100000011111000100011011011
101010011001011000011001001111001011110100001100000100111010101110000100110100111001100101101010
001101100111001101111111011001110010001100111010111000000000010000100111010011011000101001010100
011101100010000100010100000000110111010101010000001101101110101011100101101000010011011001011111
011111010001111111011000011101100001110011001100011111111010011000010100001101111100000111110001
011001111011101111000110011010100010010001011110100000100011011111001110010110000110111100000110
010100011111101000010000111110001110000011111011111001001011101101011100111100111011111001110100
110011001011011111000011010100000100001111110111010110111001111110111110111111110110111101101000
100110100110111000011010100101111101011101101101110100011100010011100110101010001111110101010111
110100010011000110011010111100001011101101011001011101010010110000100100100001011111110000100100
100110011111101000111111011001111011001101000101101111100110100111010101011101010111011100110110
000011010101100110111001111110111011010011011101101111000101001100011001010011110111010101101011
100001001000010000101110011011101111010101100001010010011001101000001100110000011000101010100010
001010101100010010011100001110010001100000110010001001111101010010101001011000100000111111100110
111101101100101011000000101110110111111100100001100001000111100110110101010001111011011001100000
000100100110010000001010000010000101000101111101011111111101000001101000110110101010100000000110
000110001110100000111001011111010011100111100001101101100100101110110101101100010010111001010001
111001110001101001100111101001100111011111010101000111100110100100001010110100111001011100101100
010110111001001101001110001111111001110011011001011100011101111011101001100110000001110000111110
011000110000111111000110010011100011111100111110100001110101001001110000011110001011111111010101
010010111001111001100110000100110100110000001011110111111101010001101011011110101101110010011101
111011001111010011100000010100000011110100111010101000100101010111011110100101001000100001010101
000011100001111101010110101010010010111000000011010000111101111101110100001100110101100110110100
010011111110011100101011011111110111000110111100010110011100011110000101010000001110000000110111
110111100010011111010110111111111001011101110111110100000011001001011001100110110100010010111101
100111111010111111001100011101011000010101010100100100110011100100010101010001111000101100000100
011101000001100110000101100111010010010010000111011001111100000011011100100101011000011001001001
111010100001101111101000101000000000101001111101011101010000001111100000000010000101101101101000
010110011000000011101001000001001100110111111000110010110101100001101000101001111010111110011111
001111110101101001110011000010010010110000011000110000111111000010010110110010000000110011110010
100010101000010010101100101111111110011101101011000101111011011001000011010100011001101011010100
000110110110011000110000111101011001101001100010000000111010111110000001010011110101100010000101
000101110000010100110101111001101101100011001111000010111100000100101001101010010011111111100010
010001110111001011001011111101101101111010110111110101001101001111111011111110011110011000010101
101010110101100101011100111101011111110001010001011010101010110101101101010000111110011111110000
001001101000011010010011100111011010010111010100011101010010101001011010100101011011010001011100
111001010101101011010011011001010101110000001101111001010110001000110010110001111100110100111010
000100010001100001010111011111001000000001110001011101000111000100010011101001101011001011000011
011000011101001111110111000111110011000101110010000010000101000110100000000111111001011100010111
110000111000010010010111000010000001101000100011000010011010101000011001011010011100100010110001
101110100101110111010101100011011001111000101000110111011000000100001111100000001000100010111010
001010100010010011001101001100101100111100100000011100110110101011100101101101011110100101111110
101011010111101110001011000011010100000111011010110000101111111001011110111000111111111000010100
100000100010010101000001001111011010001100000100001001101000100111001101110000001011000111001100
000110100011110001100000101110010101011101000000101101011101000111110110011011111011101110101011
111001100010011011110001011010011001100101100110000001011000111111011111001111001010011101010001
110101000010111111111111010000000010110011010010101101011001111001000101000001111111111000100111
101111100110110100001111110000101010001011010001000100000011101010101100101001000010011010111100
110100010001110101011000111101000100010000000011001101110100011000101011111011000111100001101100
110110010101010010100111110000110100010000110111100000000101110111001101100110101101110100111000
011001100010101101010010100110100001100111010000000100000110010000111110110101010101000011010101
000010110010011101100010001011001010100001100010000100011110110010011011010100111010101001000001
110111000010001001111100111111010101000000001100100101111101011111000000010101100011011101111110
011110100110011010110011101100110000110011011010011101101100001100001001111110010101001110111011
010000010010101001001110110111101001101001000001000110011111100001110000001101001100110011001010
011111101010011111101000011100101101111010110111001111110101000101100001000000011010011111101011
010000011101100101000010000000101101111001111000010000111111101000011110101111111101100010011101
110010101011000010000101110000001011111101000111010101001011000110001000000100001101110010011100
000110110000111100110100000011011111010011100000010101011001100000010100001010101110100001011110
001110001010011100000000100111001110010101100110111001101001011111110101011100010100100011011011
100111000000011101000110110110101101110101010010001001000000110011110011000011110110110100000001
111000100010101000000101110111001011100011001100011110111011111101000011011110001101111010101010
000101010100011011110100101100000101111010001011000101000001000100000000010101101011000100100101
001011001101111001101010011100001100111111010011101110010000001010010011110011111011100000110110
111000100101100101011000111110000111100011101001111100010001000110111000100110000000001010000001
001000000001000000101010011011001111101101000001111001100011101110000101010010010011010111010011
001100100110111111010101001011000110000100010010111111111010001000010100101000110001010110111111
010101000000101001000111101111110010001100011010101011010111000111010101101100000100110000110011
111010000000011110011111011110010110000110101011100101011011011001010100010100010100010001100100
110011111010110100101100000001101001111011001000111001110010110001100000111101111110011011100111
000001101011111111101001001101111100000011011000100111100010111110000100100011110111000100111010
101011011111101011000111101111110101111001100100001001000100101001001001111000001001101001100001
100100011001100110010000101111011011010011111101011000011101101000000000100000100110110000101111
100101111110010111101100001001010111011010000101101101100100101001101100101111111001111111110010
110000000101111001000110111011010000000001001011110111111011000101101010010110011100001101101000
010110101101001101101000001110010100111010110001101011010111011111001000000001110101100101101011
000111101101010110110000100111010100111101010000011010000100011000100000110001000111111001010011
011110001010101110000100110011111110110001111100111011111100101011110011010110100110111101001000
100001111010110001100110100010101110110001101110101111001100100100010010110001001100010011001001
010010000010001000100010010110000110000111011011101111000011001000100111111110001001010111000011
111011100000110111101110010011010010000100100111001100001011010110101010011010110011001111010101
111000000000101111111111011011110000110110100011000011100100111001111000000110001001010100110101
111011010001000000001010110110010110110110100011010111010111110000000001011110110010101011101001
101010100011001110001001100111110101010010111010010110101011100000011111101111101000011111100010
000101001111100110011010001011110011011100101010110111011011101100001100111101010001010101010101
101001001101111110010101011001010011110001001000010101010110101101111011100001111101001000011001
111111101001010001100000110010111111111001100100000000010011010111010111000101100011010001011001
100000010000000110010110010010011000101100100010110110101110011011000011001001100111101110001101
001110111001001010000101101101001110111111100011011011110101001001010000111011111100001001100011
100011110100100010010111010111011111100100000010101101001000110111000001110011100001111101000010
011101110010001000011010110101101001110110001001101110111101101110010101010000111001010011100101
100010011111110110001100110100110001100101000110010111111100010110011100111100100111101011011011
001101001101010000110110001000011101000011110111011100011011001001111011110001110001101001010100
000100000111010010010011011000010001010010010111011000100001000110101011000101111100110101011000
111111011110011110101101110110111000001101000010100101110110011011101111101000111011000110011110
100010010010011001001111011000111011111110100011111100110001111100111001100100011000010111111001
011001000101011111111101101011110000011010010010110110010100101111101110010100111001101011110010
001011000000010110100011000110011100110111110110110101101110010000100011110000111000001101011110
000101010010011011110100111110011111011011110110101100000010000100110011100111010101101010111001
111110011000000011100110111111111110111100000100010010110010010100000101101001110101011001101001
001011110101010011000110010100011000001100100010001111111101111000011101000001001010110110000110
100011111010000110001011100111110110111010100001111011001111001100100000101110010001101001000111
100110001000101111101011000011010011001110111001100110111011000011100101100111110011111000011101
010001110111001000100010100101001110011010001100100110001011100110011100101011011111011011101100
011100100111000001101011001001000001111010111010010011111101100010100110111000000011011110001101
011000111011011100010001001110010010111001110011011001101110100011010011101011001000001011010000
011010110100100100010010100001111110000110110100001101010110011000100110100100001001111010111001
110001101100011101010110110110110100110000111111011010110010111000101000000001100011110111110110
100100001110011111011010100110000111000110111111110111101011010001011101010010100010000100000011
100000001001010100100000110000001101000100000011000000001000010101101000110110111110110100110011
001011010111100011110101110111111110100000000001110111000100100110110000100101001110001000111001
111000010110110111001110110010001111100000101001011011011001010110010111100110011100011111110100
100011110110000110101000010101110001001100100011001000010000100100111101111101111101010001010000
001100010000111101000111111100011001111100010010001001110011100110101100000101010100010010110001
100011101110010000000001010100101101001100100001000001011001111110010000010110000110011101010101
111011011010000001011011001111011011110100000110110100110000011000000110110011101000101000011001
001100000011001101101010010100100100000001101011111010001111000000001011111101011111110110001101
001100100111001000110000011010000100001010110000000001111101010101101111101111111100110110100101
110111011000111101111100011011100111100100011011001001001000011101111101001111101011011110001000
000100101010010111100000110101001010001111110100011001000001100110101110001000100101111111010111
100101010011001011011001101101010001111100101101010110101100011001011101001001101010110010001011
110100110110100101100010111000111000011010100110111010101000001011011010001110100100100110011101
011111010011110000000010011101000101110101100000100011010111100101100101001001111000000010100111
000010100100000000111010000101001011001110110001101100111100100000010010000111110011001110101010
110110101010010101101101101101101010011101101111000001001000001100100010000000010010000010111100
