100100000000111000111100001111100111111110000000101000110001101101000100111011111001100101101001
010000100110000111000010100110010111100000000001101111011010101001011001111001011000111010000000
100000000110101101000101110011101100111100111101101111110010101000111101111110001001100111110100
001111011101111101101010111111110111000100100111111000111100100001101001010100110001100110001011
100101001000000100011101011100100111111110011111100001101010110001001010100001000000000000110101
001001101100101101011001110100000110011111111000001101011000101101101011011011000111000110011111
010110010110010100110110000111100001001001001110010100000011000111011010010000110001111001110010
100110010100000100011000001010010110010010000100000111011100000010111010111011101010011011101000
011000111011001000000011101011100111101011101100101000000100011110010111010100001011000111101001
111001110111110000111000111101000000111001111111110111101101001000101011111110010110111100101100
011100000010010001101010011100001110001110010111000111101110001111100011010011000001101100000010
101111000011010110000110000101110010101011001110001100110101011011100110000001111101100010101100
011001111011011111000001001111000101101000101101101000010000100010011110101100111010110101001100
101100110001100111010010001101110010111111110111011100101010111010010100000101111001101110111000
010101101101011101011001111110101111011101101110011111100000100011001111111000001111001010101111
110010100101100111100110111010000100010011001100001111011010000110000010101000010001001001010001
100110011101111100100000111011101001101011110001000001111111010010010110111001011011011000001100
001110111100011110011001111001111111101011110011111001110100010110000101101101000000110001100000
111100110001000010000111100101110011001110111101010001111000101010011001110011010100011001000000
010101011011010101001101010100100111000011000010000010011110111100000011000010000010101100100001
000101010001100001001101110011000111100001110010110101100000100011100101001100110111110100110010
000010111001100110101110001010010010001101110000001111011001001010111001111111001010110001100111
101100000011110101101010111001010010111000111101101100111100011111000011111011111000100111011011
010101000001101010110000001111001101111110111000111010110001100111100011000010000110100000011000
101110000000010010001000100001011000100111000101000010010011110000110110101000001110100110010000
011111011010001000111001101111010011011110010000000011010110011010101111101011110011001111000101
101000100011011111111000000011000111010000111111001001001101001111000001101010000001000000011110
110001101010000001000010001101100100101110010000100001100100111100010110101101110101011011110111
011101000001000110011101100001000000100100001010111001100011100101000110101011110000101101110001
001101101000001111000100111110011011101000001001110011010001100111000100110101100000011001010001
000110011010010100011101100111011101100010110110101011011011111010010110010110110110011101100101
000101000010100101011101000100100000111100000111011110010010101101001011010001010110101000110111
101100111111110111010010000101111110001101010001101011111011101001000000101010111000100011100000
101100001000010010100010100000101001010101101101000010000100000101000000110011100010110010101000
000010100011011100000111001001100000111011101001111000001100101111100111111001010000000000100110
000101001100000100110010101011001001001010111110011110101110100101000110010110110011100001001110
001111111001011011010110001100100000011000101101100010001100011100101110001111111001110001111111
001000101110111100011101000111111111001010100100101011000111100100010101101000001001011000100101
111011100010010010110011001011011011111111111000101101110101111101111001000101110011001100101111
000111000100111111101011000111101011010000011010111010101100100101011000110000110111010111011110
110010110001101100011011000101000110100001011110101001100101100110011111011001010010110010100011
010111010011001011001111100100100011110011011110110101111000100010111100001001001100100010010101
001001010110000010101010000001011100011001110001001111110101100100011010101000100011100111010101
100111110111010110001001011100010011100010011001100001001100100000100010100000010111011110001101
100000110011001110000001010100011110001011111101011011011111110000010010101000010011101101000111
001101111001100011101001011011010100111010011100111100000111101101001101000100110011110100100000
100111100000111110110001011001011001000100010000011011111010110110011100011111111101000100001000
001010010011111100010100000001010111001111011110001001010100111100011001101100101101110000001010
111111101101101101010110101101110010110101010001001101000010111011010101011011101100000010110100
111111011000000100010110011011100111011100111101001101001001110011001001100000010010111101010000
011111111000010100010000111010001010010101111011101001101000000111101010101010101101111000110001
110011001001011000101100011101110100000000010110010110000001110011001101100111011100011101001111
101101001000101110001111100001000010100101010111010011001011110000000110111001001011101010111111
001011000010100010010001100010111101000001100000011111011000110101010010100011000100101100101110
110101110110101000101110101001111000010101101101000000010010101111000110111001001000111000011111
100011110000011100111110000101111100100000100100110111101011111100011110010010011111111111111110
010001010001000111000011011101010101000101000101001101010011100111010001001011100100110100100010
110001010101001000011111101010111010010101100001101000000110101000010011011100111100010110011010
111011000011100110011100000000111100111010010111110000110111111111111101010110110000000100100011
110000101100010011000111000001110010000111100100111100010010000100011100110010110011100111001001
101101010011111010100110111101001100000011011000111101001110011101111000100010101000000011000010
000010111100001101001010001001000001011111111011000110111100101001111010111011010110110001011010
001010111100011110100010011111010101111000111111110010010000000110000110001011010101000110100110
101000111100111010011101110100010011000101100001011011101010011101000101100000111000101111001001
000111100000001101000101110100111110001100101111111000100111110110100110110000010111001000001101
010110011110111101010100000100001100111101101001100100111011000110110010000011000111101000110100
010010001111110001000110001101110111111110001000101000011000010001000110010111110100101001001101
111011110011100001000111011111011000010001111001001111011110100001100101111011111101011001100101
111101101100000000011010011010101000010000111011101111100000010100011000101101101000101000001000
101000111111010101111001101101010111011001100111011110011101010011001110111000101101010101000011
001111011101110000001101101010001010001001111100101110100111111010000001110010000110001011001111
111100011110100111110110000000101001010111111111111000011011101111001010000010101100011100011011
110100100110101001001000101010101110001011011110101101110100000001110000000111110000001111000100
110110011100000010010001001100101001010010101001011000001001101010111000010101101100111101101010
110010111110100110000100110011110110111000111111110100001100000111000001010011010010100000111011
101011101001111011100100100011010100100010001010100110110010001011011001101110111010010010101110
110100011010110001001101100100001110101101101110111001001100010101110011101000000100011110010100
011111110011011101101110100110011110000100100110010110000110100101110100110000000011011000111101
010111100101001110100101010111000110010000110011111101110100010100110111001111101010100011011010
101001111010101010111011110001110011001001001010001010001111011100000000100100111100100000001100
111010011011101010011010010101110010011000000100101000001100110101011011001010100110000101101110
011111000011101011111010110111101111100100001111000110001001101001111100110001101110010000110011
011001010101110110001011010111001000100010101111010010011011000000001110110000100011010000111010
011100111111101000001000100101000011011111111010100110000100001001110100100101100011110000000011
111001110001111010010011101011011000101100110100111101111001111011101110011011011111111001110101
101111000111101010111010100000000000001111100101010001010000011001010001001011101000001101010000
001101010000110110100010011001011110010101100010111100110010111010010101011000101011110100011001
001001000010000110011101010101111110111110110100001110111111110100011011100001000001110111101001
011110100101101011011101000001101100000001110001011100110101000111101001100110100110101101000111
100100100001011011010010100001011100110000001011000100001001110001011010000101100001011000010101
111100011110000110001010100110100000010001001010000101111110101000101001000011010010111100111111
111010011110111000101010001001101111001010010001010101000001011011000010011000111000000100101011
101000011111011011111001100001100000110111100101010011011000101111000011001110111000000110010010
000110111110001101110011010000111100011110010011100101000111011010101010011100001000111011101111
001010111011100110100011001110100010111111001100010001011000010001001100011010010010010111110101
100110011101110111100101000101101111101100111110000101000001100010001000011000001001001001011110
011000001111011110011100110000100011010101000001001101110010110010001110000000001101001001000011
001011000001110100010111000010010100111111111000010111101111011100001010011000000000110111111011
100010110011110001111101001000110101110111010110101010111111011111000010010011001110010101110000
100101001000011110010101010000000110001101100100010001111100100110100001100101101100011100101011
010010101001001001011100001101100110011111011101111001110011111101000100111000011010101101010100
011011010111010010100000101110100101000111001111110011010001100100011101100010010101011001010001
100010110001101100001000000101000010011000001000110000111110101101000101000001100001001011110010
000001010001000010001000110100001010011111100010101101011000111111110100100001101110111100011001
010011111110010111111011011100100100001011011101111001100100111011001011100110010011101001011000
110100100010011100011010110001111101011110111000101101010011001011111011111110110100000110000001
011001101100100101101111101001100010111101110110011101011101001001011101101110000111010010111111
011000101100101010101001100011001010000001101100101110110001101100001000100010000110100100100111
110010001111111101110101101100110001101011100101001101111100100100101110010101010110100000000101
001101011100111011101100101111100110100011011101001001101010010110001110111010011010001000111011
110110101010001011010000111101100111010010100001010110011111010010111010101101001010101010110011
011011101100011110010100110101111000001111010110001111110101101100110101111110010001110011010101
101100101011110110100101001100010110011000100001111011010001111111111011011011100010100100010111
000101001110001010100011010001100011101100100100010111111001010011111110111100011001100000110111
111010100011100100101111101011000011001000110011000110101000011111110010101001101010111100101110
110100101000001111010101010000111011100011011001100000000001110011011000011111000010001001110110
001010011000111101000111010011010101110111000111100110101010100101101011101011110110110101110101
000111000110000001011001000001000000101011111111011101001100111001010001011010101010001111010000
000011010011101001111010110101001011100101011101110111010000100110001000110011010101100101001111
111101100101110011010011111011011001110101000001111110011011011111100011010000100100111101111011
010000101000000010110110011000111101011001111100010000001111001100111111101010101111111011001010
001101001110111100001101110111101110011011010101010001100011010110110101000111101111111101011101
101011110111001110101111001100010011001000111110000010010001110110011000111110001000001111111111
000101001100111001001111000110110110100010010101011011010110100011100001100111100001101010101000
110110110111000010100100110000101110111001011001000001100000101110101001001000010101111101001001
001100100111101110111011101110100000011101110001110001101001010011101010111101010101011001001011
111111111011010101000100010111001101110100110000110010111011100110101100010111101010111110000110
010110001100000111001101101110000111000001100000101010010111110110110111110101101001010110110110
111101110111101111001011111100010110100001110101000110101111010101111011110101000010100011110000
100000001010001100110001110111010010110110100101011111100001111001111111001100011101001100000100
111001000010011100110110010100111101001010101101010011110011000000100000100000010101000100000111
000110100010000111010001011101100000001101110001000110100010010011110001011111111000010111101100
100101110000010101111001000100010011000100110101101110110110111001111101001001100000100110100101
010010001110101010111101111110101010001011110000011010001000111101111100011101111101011011111111
010101111110101000101110101100101111100100101101111101100010010010010000000011110001011111101011
100101011110101010011100101101001001110000011000110001000110110111000011100011000011001001100110
100000010110010011011000100000001011001111100000111000011000111110000100001001110101000111110000
011101010101100000111011011111100011101110010101101100110011100011110111101101111110010011101110
100010000100110101010011011011100011010001011100011011111110110001011011101110010001101111111010
110010011000101111001010010100011010100011100000000110100010011010101010101000000010101111100100
100110000011010110000100101101101000011011010000000011011100001100010011001111110000111100111100
100100010100010100011000000100101000100100001111010010100111000010101001100111000101011001100111
001010001110010011111011111110111010100100101000010011011100011010101111110001101110011000111000
100110000010100101110010110010101111010011011010111011110000000010000010100010010101010000100110
011011101111111111100110111011100010111110001011000000001001100001000100101100011000100100011101
011100110101010100111001100111001111010111010100001010000110000000001001010010010111011101000000
100010111001000101111110000111000010100000000010111110100100001011100011011111000001010101000011
110110110001011110100100100011110111010100110111100100011011001111101001011101011010111010000000
101111111000110000001100000000001111000001000100011111100100010000001111010110010001001100110111
111000011000101011101101110010000010010110000010101110111110110110001010010110000101011110101000
000101001111100101111011110101000000001100110010011001111011111101000001100110010111111111010000
001000001100010100110100000111011101111100100100111111010001100101111100000001001001001110011011
010100011001110101101110100001101100100101101101100100010110001111000010010101000110011010010101
010010010111111100110101000100011000110101010000110110110011010110011010001110100101101101000000
101011011010111011111110110111010000011111100100110000000001100100110000111001101010101010100100
100001011111100110011100011011000011100010110001101010001000111100011100100011001110100000101001
111111111010110100100100101010011100111010100011000001100100111110001001000110110100111000011110
101101101110110110111001000010111111011010000110111011111101001010010000001001101101111011101101
101010000100110001001001001000111000001110100010111111101000010001101101110100101111011000011001
011010110101010001011011000011111011010000011110010110100011100111001001101010111110000111101110
101001001011100000110110010001001100011000001010000110101001010001100111011010001110001001000101
000001110000111010101001100101110100110001101001010011100110000010111101111111101001100000101101
111100111111001100110101101011011000111100001100001011000110101100001110011001111000110101101111
010000110111010110101000000010000110110001001100100001011110111100101001010001100110110101101010
010111000010100110110100110111101111000100000010010101100010111011111010011000101110010101100001
111000010011101001101001010001011010011000010110011000011100110010000110010111101001100000010010
101101010110001110111001100000001011001010111101110110010011010000010100101100010100110100100010
101100000101010010100011010111011011011110111111110011001101000011110011000100100101001110001010
100001111001110011011011011010110101101010100010000101111011111000001101010111100101010100000111
001011011011110101000101000111011110000001001001101011101101011110110001101100010000000110111101
001001110110101011111100001010100100001000110101011010101001111010110010110010110110111100111010
100001001010101000010110100000110110001000011100011001011100100011101010011100100011001000111110
111011010110001101011111101010001011000111010110000001010010011100000111010010010100000101011101
111110100000111111110010101010000001111001010001111110111000111000110010011000010110110010111111
011100011110111000010001111110110110111001110010100010111100100100111011100111111000111001101011
010100011110101001100100101011111101011011001000101001000011011110110111101000001000000000001000
000000101111100011100001001001011011110110101110100100100000110000111101000110111101000000001000
111111101110110001011111100011000100000111001001100001000001110010011011011011110010111010010000
011101101011100011101001010010101000001001011011110011111011001111010111000101010100111010011011
011001001100101010000010011110011111110101111101010011011011111011100111010100110110101110101001
011010010010011000011001010000100100110111010101000010100101000001011010001010100010101110011111
101100101011000111000101100110000111011010010111100110000110001100010001001110011000000000101111
101100011101000101101100000101001001111100010011111110110010100000011001101101100010111101101011
110000000011001100010111000100001000110000111111011010111101111001111100001100000111111110010010
010101100001000111101111111100110001110001011100000110011000000111000011110101111101100110000011
111100010111010001111001000011111101100100011001000100010111111001000011001101110110100110010100
010010100101011000101101010111100001001100000101010011111010010111100101011110000101010011000111
011001001001111111010111111010010000101110010010110110101000101010011101011001011111001100101000
101011111110001110001001000011101011011010101001111101001000110101010101001111101101010100111110
110100111100101010110110011110011010111001011011101101001011110000110010111000110101010101001110
111001111100101010101110000000000111011001001000111111111011110010010001110001110111110111101101
111101000001011100001000000100011001101010010100011111001101010010100010111110001101001110101011
011100111010001010111111110110000000110100101000010011110010000001111001110000110010000100010101
011010001010011001010110110000000100000010100000000111001011001111011111111101000101010010110000
110101111001010111001100010101111101001101101010110110000100001000101010100101000011101001011101
011111001101101111011101000001000011000100101010000011101011111101011111000011010111000011110101
101000101001001111100001010010000000110101001001000100000110010101001100010001100100100100000001
100001001010001101000011001111011000101110100011000011101010000101111001110011110001100110011101
111111001011001011011101111001101000101111101111110111111010101010000101100001000101110101001001
101011101101000101110100000001011011110100010000100110101001000011110011011000001110101110101100
010110011100100011010010000010111011001100111011101011100110111001010100010011111111101111000001
111000000100101010110110111001010111100001010000100000111111110101110011101101001010011101000011
010101111011000000111011001111010000100010100101110000111111100111101001111101000001110011001110
110110001001011001010001101101111101001110110000101111100011000110011000010011100011001110000111
000101110110101000011000010011100111010000010110100101101001101010110100111100010000101101100001
001001111110010010010001000111111100010101011101011010000111110010110111111000010011101011100001
000011100011010101000101011001011000110111010000100010110110011101001111101101110010010100001011
011110000001101011001100000100000100101111111010011010111101001010001010101111010111000010110000
010100101110000101011101010010110010010011110111100110101110100010100101101010100010100010000011
101110100001000110010101011011011000110100110000111000111010010111100010111100101000110011000100
000110010001101001011111111111100001101011001110100110110101001111111000101011100001001000011101
010110001000100011101111001110100100001111101011111011011101001000100011010100110100000000010011
001010010111101111101101001111110001110011010110110001010110111111001011100010110000001000000010
001010100100110000111110110011001111001000110110101011001101110111100100000101111001111100110011
111000010010010000011110001101001100100011100000110101111110111101110010011100001111001011001111
111000110010100011001100010110001101100001111000100101001101100111101101000000000011011000010111
000110010101101100110011000111111100001101100100011011100011111101001000010101100111000010010110
110011010000111110001010111001100110100011111011011000010011101010101110010001100101100010000110
011101001100101110101111001010010101101011000010000010001010110101100111111010111011101100010100
110000110001011100110111001001101001001010111101000000011000100000100000101110101011110001001000
110000000011011101001001100100011000000000101011011010101010011100111111001111010000101000110110
011100101001110010000110111111101110100001010110011111101000111011111001111010111100110001111101
111011101111010001111011101100111010101011110111110001100001100110000001100011110110100101111111
001000111010001100110001010110101010010100011100111110011110001111000110000100101010011101111011
010111111000001000111001001110010101011111111011011010001100011110100100111010000010011001001001
010100001111100110111110000111000010010111100101011110100001100011001110110010000111000000110000
100101101100001101111101100111111010001011101111111001000111100001000000111001010000000100100111
001110110101111000100011111011010101001110100010110001011001010110101000011000111101010011001101
111011110000100101111111111110100000011011010000001011010001010011000101101111000111000111110010
110101001100010000010000110010001111010101101101101000011001111001001101000000011111001110011010
111100101100111010100001001100100010111110001000110101100001111010010111001011101110100010101100
111010001010100101010001010001001001101001000011111111011011101000101011101110101110111111111011
100101010010110011010100110111010110101011000001000110111101010011101101111100000111001101001000
011011111101101101000011010000000110100100000001011000011101111101111100000110110110110111000101
101011010010001100000000110000110010011001111100000001111111101111001110101110010000101101110001
001010111110100110111001111101110001100011111010100110111110110101001000111001110101011111100001
011010101000110111001101001110011001110101110110101000101001100011010110100010100000110100010100
101101100100111111011000000101111010101101101110000111101101001010100011000110000101100110011001
010011000101000110011001101110101000000110111011110000000100001010111101001000111101101101011111
001000100101110011100010001010101101111101010000100101010111011100101100100010010010010011001001
100011110011001001011111001110011110111000111010111001010011011010010101001111100111010100101101
010010000100100110001000000000010100101111100101110000011110000010010100111100000100010001101000
001110000000001111000111000001101011100001001100000111001001001101001110111111000101111001110001
000001100101010111111011011111001101011110110101111100111001110010111011111010110001000011111000
000001000110000101011100000100100000110110100101010000010100100010100110111111111011011111101001
000010000110111110101011111110010010001010000000101011110001010010001110111110000101011110011010
001011011111010001010111001101111011010011000111011101000110101010100000101110011101010111010100
011111011010000000010001110001011010010100000100010011100001011100010101010010010101101000001011
101101010000111010100010100111010100010101000111101010111101111011001100101000111110101101001111
011101011011111101001011000100101000111100011101111000000011101000111111100001110100101110100001
110110110000111001010000010101001111001011100001111010100100100001001101111010001000010110100011
001010100110001010001101101011101010010001010001110100001100111110101111011010101011100111101110
110000001100111101001101110100010001011111001000100001100101101011110000110001000110111100001001
010000101111100101111011101011110001111111011011001111000011000101010100110001011110000101100101
011011110110010000000000011111000111110010001010001110001101010000111101010101110011010101000010
111100010110001100101000010010110010100100000010101011001000101101110000010011010110010011101000
001111111001010110000010111011101100110100001010100100010011000000000010001110000010110001100000
001110101110001100011110111000011111101000001111010101001000011101001000001010011010110001001011
110100101111101001100110010011110101001110011010110000010010001010001111001101001100010110101010
110001110111110110001011111110101110011010010111000110101100001100010010100101110010011100101110
001111000101010011111001010010100001110111101000010011111110111100111001100000100000000001011100
110110001000101100001111111000110000100011010110101010111010011011000000010000111100100010110010
100101010000111010100110111001110100110110010100000010010100110000111101011111011101000010011111
111000000100111011101000000110111001101011100101000100001101101100100100101100101010000111001011
100001000011101110100001110011100001101100110000011010101100100011110000100100100010111101100101
100001011111011110010001100011111110001010001111100100101000000110101100110101011010100100101000
101101100011110100010000110000001111101011001011011001100011111111100101111000111111111010110010
101000001101001100010111101000110011110010011100011000110000011011011010100111011110101000001111
011111101011110010101011001101011110101100000100000101000111001000101011000000001011000111101101
101010000001001111111101110010011110001110110111011110001100111111001001011000000011011010001100
001000011011010011111001101101111011001010001011000111110000110111011100101100011000000100011000
110101110111101010001001110110110011100100000100001000100100110010111010001011001000010100110101
101100000001111101111010110100011010010010011100101100011101000101000000100001101000001011011000
000010111010000000111110010011110011110010011101001001011111111000111101100101010010010001110010
110101110011011001101100110101100101110001111110101111010011001000110110010110010111101110101001
010111011111110001001011110101110100110111010010110000000001101000011001101100000011011100111010
110000110110011110101110001100010111010101010011111011101000010110010000000111011001101100010111
111110101000110111101000110101011011011001001011100010101010011010101110000011100001100111011011
111100100101011011010100010100011110000011011101111101000011110111001001110101110100101000111101
111111111001001010100011011000111001000000000001111110000110100100011011001101111111100001011011
100100011010111000100101111010111100101001110111000000000110100000110001010011110110100101100110
110000100010011100011010010001111000100000111001111111100110000101100110100101001101111110100001
000010011010010011001111100111110011110100001111010011001001001001001111000101101100001000100011
001111011111000100101001100000000100101100110000011110101100111010010001011000100010110101001101
000001100001011000011111011000011110110010100110111000000100110010011101111100001101001100111010
110001010100100100111111101100111000111000110101101011000100000111001110000010001011010111011011
111101001101110010110010111010001001110101011000111011100101000110001110110000000101011110010011
101000111011100001111000000100101101011011010000000001000111110110110101001001000011000000010010
111011110101111011011001011100010111001111100110110100110010111011011010011011000110111101011100
111100011001000101111110010111101101001110010110001100100111011010101000100101110001100100010010
111110100100111110000100011110101100010101001101110111110111010100110110010001110000100000101010
110100001011011011010000001101110011000011100101010000001011000000110101101101010011110100101000
001110100111101111101011111010110111110000100011001110000011010001100110110111100010100001001000
101010101110001010110111100100100111110001100110100011000110010010010000011110111100110011111100
010100111010101111011000001111110110111001111001100010100110110110111011001001111001010110100011
101010100100111001000100110100100001001000111011110001100111100000000110100110000100001100101100
111011011110100111101111001000011010010011110001111011000100111000101110010100110111101001000110
001001110000111000000100101101000001001001011101101010101100001100001100100110001000111011011111
011000110111101011001111000000101110100001010010011010011101001011011110000111000011110100110100
000011001100000111001000001101001001111010101101010111111011111001011011110010011001011011001101
111011000101001011111011101110011000110110001100000101010011110001111111101110000110000101011000
001111100100011101011001101101010000100011101000101101100011000110011111001001001001010010110111
010100001011001100111101100000111001010101000100100011101110000010000101001011110001111111011011
101001000010011100100110011100110011111010111011100101001101010111111111110111010101001100111100
100111100101111000110001110100010010011001010111101110110100111101101101010111100000011001000010
101000001011001001011010110000011000101111101100010010111110011010001111000000101100000110111000
111010001000100101101110001000000011101111011100100110001111001011111000010001100111101101011110
111111111011000110001011111010011011001001101010110111000000010111100111000100000010111010000110
000111011000101000110110100010110000110001000010011011100010010001110000010011110110000001011110
001011010010110110111101101011011001010101111011101000010000011101000111101010010111111010001001
001110100011011101101110011000000011000001001000000011000011011011000110000001001101001101111001
100101011001111101101001011111110100110110001010101111011101100000001000000101000010111110001111
001100100111011000110101110111001011111011101011011011111010000111110101110000011011010011010011
011010010010001110110111010101110100000100101011001111001000011001011111101011110000001111010001
000101110111010101111001011110000011010100111101011010111101001010011110110010111111000010100001
111001011010111011000000011010110011010101100100111001111000000001111100001011000110111010101010
111000111001011101010001100001010000011110111000011110100101001101010111011011010101001001010001
010101001010110011110011110011111011101010011001110111001000111101110001100001110101001110101011
111110111010010010101100101011010111010110001000001100011011001111111011000100010101011100111011
101011110000101000100101011101001101110010011100010011111001111010111111001000111000110100011101
001101001110101001010101101011000011100111101011110000110111110101100001000110110111001101101000
000101001010110100010011110011100111010110100000110101111110110000100010100101110010000011110110
010010011110110000100110110001000111100111110100000111011100011001010011100010000000100110101111
000010111001100001001111000100001011110100001101000100000100110010001000010001000011000000001000
010011111100101101101100111101000111101110010001010110010011111011010110101111101110110001000111
001000111001110011111100100001001110101100000111111100010011001000001011000100011010111101001001
000100000110101001001111111110001111100000111111110010100000010100100101000110001011110001001000
000111010100000010001001010000001011111101100110101001000000011001111010101100001001001111110110
011000000011010101011100101011001000001110101110010100100110010000111010001101111000000010010101
101100100000011000101001110111001101010100110011100111011101111111000110110000011111101111101101
011100010111101110001010000001010111110011001100000101011100111001101011100101001010011111110111
101011000100000101001001000100010101111100110100111010100101110111100000010111101000001101011101
100010010010000000111110101101101001101001110111101010100110010111101100111101101010111101010011
101001101011111010100110010100010001000100000111010101110011101101110001001101011101010101101001
100110110010001100000001010000011111101011001001110011010110010001011101101011001000101010010110
110110110101110000011010101001101101011010111100001111111000110000000001010011001001110000110000
011111111100010010011010010111110100010000111001010100111000101101111001101100100011110110111110
010110001001000011111000100001000110111101010100101000100111000101010010010100101011100111000111
111100011110110110000100110101011010000110111011010001110011101111110010010100000110011111111100
000100000000001110111111010101001111101001001001110110100101011000100000010111100001001101001000
011100011010110011001111100101100110110001111011010111101111110010100101011001000001111111110101
011101101000000010010111000110001010111011010010110100010111011101111010000111010111011100110100
111110100010111000010110000011101010001100100101110001100011000001001010000010100000011011110110
010001100010111110110101101110111001001011111000101100001111011001011101101010111110011000000110
011001011011101000001000100000010100000100101010110000100110001000110000011101010000100010101100
111101110101010001011101011000000010100110110111001001100001110001001101000101100100010111101101
110011011000111010111010100001001011111010111000000110111111000011010111110000111111010001110111
010110011010100010101111001000010001111100101111011010001010101110000101110001111000110101110001
010110001110000101001011011000100100100000100010010000001000110001011010000010100001110001011001
101010101000100100001111010101001111100100100011110111100101000110000100100110011011101110010001
101110100100010111011001001011110011100000100000110000001011000001000100001100000011111100000001
001110001011101100001110001010011010010111010001100100010001110000001101110000111101011111110110
010101110110000101100001100111011101000110001111011001110110111111001001000111001000110101011101
001001100111001011000000111000000101010110101101101010110100001110111010100101100001100101011111
000010010100111001000001101001000000111010100010011110011001110011110000111101110001011011110011
001000110111000011111010011011010100010101000001101011110001110001001010111000101100100110000001
011111001001111110011000010100100101111000010001101001101010000000111110010011011010100101001100
010110011010111000010011011101100110110100101101110111011000001011100011110111110010110110101101
111101100110111001010000010110001111101101100010100100010111011111001001101100100001100001110011
011101100011011100101111110001100000101011000111111010010010011101001011110000011111000101001111
000101110100001010010011001101000101010001101110001010111101100101111011110010100000000111001001
001001101010000110100001101100111100110101001100101111011000111000101000000010000010011000101111
101000000000000000100110001010001111001011110111001100101110110100101101110001010001110001100011
001111111111000000011100101101011110011011010101111011110110110111001000101110001001111110000010
111111000111100100011100011110011010001111010100001110010010111000101111001100010110001110001011
011100110111000000101100101101111001011110011111100111111011000011000100011101001110110010100011
101001010101100000101101111011001011001111011000010101111011100100000001111110100110000100110100
011001101110010111010101010110000000110101001000110001011001110001101110100010011011100010011110
101011110100011101011000000101111011001100011000001000011100011111011000011000010111101000011111
000011100010000011110100001110011101011110010001110100111110010111010010000100010101000010100011
111000001000110000001001001110101001101111100000101110011010101100010110001010011101010111101111
000011011101001001101110110101101010111110111010101001110101001001101110101110111000110011001101
000111110101110100010001000001011010000010010100100001001100000110001100000100010001001000110011
000011100111001011101110101011110000001110001100000101100101001010000011111000011001011110101000
110001100000111011100010101000101100110010100001101101111101010110011111111111111001110110101011
101010111101001111101101001101111100101011001110010111011110111011101000101100101001110101100011
001011001100001101110010110001101111111001010010101000010010110001100011000110101010001001000000
100000111010100010000100101000000000101011000101111001111000110000000000110000000110000100010000
110100111010000010001010010110010101100110101101100000100001101100101011100011010001110100101000
101010111100101011111010010101010111001100011001100111010000000101000001101110111000101000011000
101101101100100001010111011001011011001000010010101001101010000000110101011000101100011111110110
101001001011000010000101011111001000110111000110111000001100000001101111101101010110101011001101
111011110111101100101110110111100101011001000011110000000011111001000100001000100011011001011000
000011000111010001001110010011001100011111111000100111111010111100100111000110000110111001010010
111100001010000110111010110111001010101000010101011000000101001100010100011101100111101001110100
011010111110010001000011011001111011010010100001010101111110010001110100110001100011011011101000
110011110010010100000101011101011100111100111100011001011000101000001101111010001100110010111101
001110111100110100001001011110000001001001010001011100001111000000100110000100000101111001000110
111011100000111111100010101011011110001011001110100000011011101101101001011011100001010111101000
001010000010111011110111100010110000000010110111110110011001101001101110010010101101111101101010
010101111000101100111110011111001100010100111010011100100010011010011010001001001011011011101010
011100111101100000100010111110100011011100001110011011010110001000110110000100011100011111011100
110011000101100010001111011110111100000011001011011011011000011001011010111000011001000100110111
111001111000100010000010011101110000000111011101011101101011110001101101000000011111100111101001
010001001111110111101100011000100000011000110110001100101110101010101011101111111110101011011010
100110101110010101001000100110011001000000000111101011011100101010001011101011001100000000101110
111001000110010111010101010110110110011101000011100100101000111111110111011110111011110111010011
001101001111010110000011101110011010100101010111011000101010100011100010101010111000100000111101
100100000101010100100001011000111110100100000000000110010100111111011101011100110011101011010111
101011110111000101000110110101000001010001010100111101001011010100111101011011011000001101001110
110111001010101001011101001000111101001001110010000000001010110100111110111101101010011011011001
110110101000101011111000110000101100011100000110001111100100110100101111010100111000011110011110
010101001111100101111110110001001111011100100111111001011100001000110110101010100110110011101100
001100100100011011000010011100001011010011000000000011010101100100110111101010111111101001001100
101001010000011000100110110111010001111011000001000111110111100110101100010110000000101011010010
010011111010110011010111001001110110010111101011010111000110100011111100110000000010000010010110
100100011011000101111010001001011011010100111000010010010001111110000110100100000100001111001111
110000110101101111000001101011100111010100011011101101101110010101101101111000010101100000001000
101000100111100101100010110010111110110110101001110111101011100000110010001100101111011110111000
110101011110101011001000100101101010100011011100111111111000100010101001110110111010010101001010
011000001110111001111010000010010000100100111101000011101000100110101000011100001111000011000011
100000001110101011111111011011100100100000011000110111111110111000010101101001001000111000011101
100100001011111101111111000011000110100001101010101100101100011011100110011011110110110100010011
111001000101010100111110111010100110101100100111100011000110011000100001100001111001000111011111
000001010011100011010110101101000000110110100100100001000110101011110010001000101100010100010011
111100110000000010011010000010110001110000101111011100110010101101000001100000010111110000010110
001111011010010100010100100000101000111000001000101010110000010111010110001101101101110001011110
001111111101111010010010101000000111100111011111110010111000111100100101100111110100110111110110
110001011110100010011110001000001100110111111001111100000101001011010101011011101010101001010100
111001100111000011000010001010110100001000111011011011000111001110011001011001110011000100110101
010000111101111001100010000001111101100111001100001001111100111100001100111000111101101111010110
101011010100101001001011100111100001100101111101010101000000100110110010110100000100001111100110
101110101111111111111011010010001001101010000010011000101011101100110011001000101011100100110001
110110011001000111000001110000000100101100100001100110000001001011011011000101110010011100011011
001011010100000001000001110001000101010000001100100111011100010011000001001001101011111010000011
011110011011101001010101000011111100000110011100010001110011010000010100001111110100101001000111
101010001111111010110000011100011111111110101100101111110100000001101101101101011011100100100111
001101011101001001100010101001000001001000001010001001111000000100100001001110111101000000111000
011000111001000011110110111000110111010100001000110001000001111011111010101001100110110000101100
011010000010011110111101010110011001111110100111110000101111110100111011001011000011111100100110
010111011010111001001000010110101010100011101111010010100000010011100001011101011111000010011110
111011111110010011100010000100111110110001010010011100100110010110111001111001011111000100001001
000111001111100101100001000110000101011101000011101100101000000010011101101101100001111000101000
011011110010011101101101101111011100110011101001010001110100010101101100001000101010110100010000
010010011101110101100101111011100100100010011001111110010101011011110100101110101111100101111101
110111011100000101010000011011010011010111111000101000101000011000110111101101001110010011110100
100011111011010110001011100000100011110010101111011110001101010111001010101010100111010010110010
000111000010011001110100111110010011111001000100011101001111100100110110101101010011010010110101
100110100110100000010000111001101100101011110110000001010110101010110011001001101101000010111111
100111011011001010101101101011110010110011110101010011110111111011011111100100100100010011101010
011000000011001100001101101111101000001101010011111011111000001001111101010010101100001011110001
100011010000101111000111101010101010000001101110111001111001010000010100000001011111000100001110
011001010100101101000111010010101110011011011110111101110000111010111110101111110011001100100001
011011010111110100001011000011100111111110111010000111110000111110111010010001111001111111000100
001101000101100010110001010110100001101000101001111110110000001101001001000100000011100110110111
111111101101010010011100000111010101111001100111011000101010101010110011110110011110000111010100
000010010110011101111011000110100101001110100010010110001011101100010100011010000011000111110101
101100100011101000110110001101000011100011111010101010110111101111110110100100101010001110000100
011000010101001010011100100111100101111101111001111110011110010000001111111100111101001100010011
111111111001110101000111110001110001001001100101100011101111001001111101010101110000100111111010
101111110000001000100111100010111000000111110100101010100000001011101011110001111100001001111000
011000001100100000111101110110101111100010100011100110000001101011100000011100001011011111011110
101000110110110010011100010110111100111101100101111100001001000000100001000101110010101010111000
110101111010001010011100110111101011010100000001110010001001110111100010101000111101001101111110
100111110011010011100001111101011110011010011101001001011011000001011000000100000010101110101011
001000001000011001110010010000000100000010010111001000100101111111101000000101110100111110110000
010111111111000000100011011100101000010010011100100111011110011001100100100111000000001111110111
101010111110100000010101001111111010111011011001110010101110101001000100110011001100101011001011
101010001100001110000101110110110010000111000010101101101001010000110011100000111010101010100011
100110100000101000011010001011111011110011011111101110100110100001110000011101110011101110001001
011011011010111100111101100100001001111010000101011111000001101000101011001000101100111000001110
111101000011110011000000000010000011101110101101101010101111111010000111001011010110000101110010
110110100011111111101101011010101010101101100010011000110100100111001000011110000111001011010100
010001101011101000000011001010001100111110100110111011010001001111010001011100100110110000011111
010000000110111001101111001110000011001101010110000111110011100011000011111111100101110110000010
001101101101011001000101010001110011100100100101101011100000111011010001001011011110101000100101
011110011110011101111110110100001111000100010111010001000011111110101101001001101100010101101110
011011000011011111100111101111101011001000111010011111100100101111101100100000111000110010100011
010110100101001010001101000110000011001001101000111111000101101000011010101011111110111110111101
101000001000001001001010010101010101011101011100101010101010101000001110110001101100001111011100
100010011000000011001000001000010001011000001101110011101100111010000111111001111111010001101011
000111100100100001011101101110101000001100110100100010111111111101100111011100011100101100100010
101010110111010000111000010101001100100000110110111011001111101101111000010000110011101001100100
111100011001111001101000000001001000100101000010111011011000001000110100011010000001101011010001
001000111101100100100111101011110110110110110000101000000111101101000100000110101001110100110001
000010010010101100110010010000111110101101011101110000001010011010000111010101110111111000001011
101001100001001001100011001001001110011111010101011111110011111001011001101011000111100110010000
001111000001011010010001110001110011100100000101000101111011000010010110010000001000100101101011
100101100100001010011011110000010100111011110100111100010100010110110101000000110011101011000001
000101100001001111010000001110000100000100010111001101100010110000110000110111010000001001010000
000000100100101100111101111000010000110110001001001010101011000111101000101010111011101101010011
111111000111110101010100101010010101001100000100010100010011010100111110000011001000100000000110
100010000111101011101101110000110000100000011111000110101001100100011111100011001101111110101000
101100001010001100011101001100000011111001100001101001101011100110110101010000101001101100110010
111100000000010000111001101001100001011101101011110110110010101010010000011100001001101101001011
110001011011001011000100100001100011011110011001100010101111100001001010101101010011110111110000
011010000001001101010111001011000010000111011011100100000010111100110011101110110100111001010011
100100001101110100100001000010011011010111111001010101100000111110001011001101001100100011111011
001110111100010011100011001101011100111000001101010100000011111111100011001101101000110110111101
010001100101111111100001000101000110100010011010000001100001110110011100111101101101101100001001
101100111100110000011011010010100011010001010000001010100111000001000111001101100111111001010111
100101100111111100101100000101101001110011001110111000111000010100111010010101001101110110010101
000111000000111010010101000111101011010011110110001111111101011111010001101100110111100101100101
111100101011100000100101101010000110101011100010101010000110011101010011110010110001010000010001
100011111111001010000000010010010011111000111100110111111100010101101011100010010010011111000000
111111001001000000110110100011010100111001111110101101110000010010010011000000100001100010100110
001111000110111011101100010101011100011011101101100001000000001100001100111100100110010101000111
111001011101100010010001001100110101110101111110110101110011101101101111011001010011101000110000
011001001011000110111001100100010110011001011101101001101010111001100110101111101110010110100110
010000010101000110111111010010111111111000110110001110100111101011001111111101001010111011001100
011010010110101000001100000100100111001111011011011000001000000011110111011010001011101101000111
111111000101110101101011000011101110000100101101000110010001101111000000011110101100011010001011
110011011110111011101111000111111111001111000001011000000011110000111100101111010100001000110010
101101001011100011101000110001011100011110111111111101011101001101000111010110101100001010010011
010001000011011011000101110010000111001010100010100101010100000100011010011101111010101011000101
010000101000000011111000000110000100010001100001010100001011001011111001110101011111011111101001
101110001011101100110110000101100011111111110011111011000001011101000101010110000100010100110100
100110101000100100100011111100001010111110001101100001001100100010111111111100001110011000001100
110101010111010100011100000001100000101000011110111110101001101001100101010111000101111111110100
001010100010110010111101111101110101110111110010001011101010001111111000011111101110111111010101
111110100011100100010010010010100111011000000000001111100000010011001100011011011001111001111010
010110100011111000011111010011100010100001100111110100011101011000101010110000000110000110011100
100001001100110110011000100111011111001001000100111100100100100001000001010010000100011111011101
000000011001101111010111100110110110111010000000011111100101010100111001000101110101011111111110
101001101001011001111111111010001101111000110111001001100010000010001110100010111101110001000001
110101101101100010110111101011101110001101011010110011011001110011011010100111000010000011100111
011101111001100110010010011000101100010111000011000010100000110111001111111011011010100110111000
110101101000110110001010000001000001110010001100111100101000000001101110101111011101100101110111
100100011100000110111011100100010110001110100011010100000110101111010011011111000001001000111110
110101001010010101111000000110010010010001101000110011100000110101001111110111111010111111100111
110111000111000010100011111110100100000110100110000111001111000111001000010000001110010011010101
110101111000101001111110000011101111100011001110000001000100111101010101001110110111010010001101
011110100100101101111010110100111011101101010101011111010100010001101101001110100100111001101110
001010101000000111111010100100010100010011010101000101111011011111000101111000011011100111110110
111110001101100010011011000101000101001111010100110011011110011101110011001000110011010110110010
100100100001010101101011110001110000011101000100100001000101000111011011111011001111111011101100
111000100111111011110111010101100100011111010110011110100110111111010111110111111001100011011100
101001110010010111000000101101111111111101010001101100011110011110110111010110010101001110011001
101111010001001110100101011111110101110111111111011100000101000010001111010001101101011100001101
100101001000011101101011100100100100011000110000101000111000100110000111000111100010011001011000
010100010011100011110010100010001000100010000101101111100100011001110011011100101011000111000011
101011111111001000000001111001110011100000011111101001010101011000101101001011010111111110001110
100011000011101110110101101011000100100101111010100100001110100000010110100111000001000001010011
000111111110111000100111011000010001100010110101011000100101011100110010010010000100101010110011
110010000011000111000111011101110100110111110101001011111000100110111110101010000111000111100110
010000101111011010001110001110010001110101001100010110100101111101010100101000110010101011001100
001100000011010011000111011111001101111001101111011110110101101010010111101110101010010101100001
101101111110101101110011100011011100001011001101011000000000000111001101000100011101000000001110
110011011110000100101011011101111000101010111011100010001000001110101111010000111011101000000111
010101011111010001000111111001000110001000000110000011010010011101010101001010100000110010111001
101100000010101111110000100011010101101010101001000101010011100011000110100001011010100011100110
101010000110111010111011101110011111001111010011001100110010001010001010000011111111010101010101
111001100100011001000011100100111000100010000110110011000011100010111101101100100110111111001101
101010011010111101100111111000111110111010001010101100111100001111110101110101000101000000100101
001110011101111011111100111001111110111010011001011010110010011110010100110010111011011001100101
110001000111011011100000111111101100100101001001001110000000001001110011100000110111101111011111
000111101111011000110101001101101010101001000001111011111001000100000000100111000010000100000111
011111011111111001110101110010111000110101001001111000111001111110011000111000001111100110110101
101010011101111100101011010101100111110001011001111100000011101110110110000011010010000101000000
001010101111101110010000111000100110100111101011110000100111010010111000100101011010001010100010
100001110111101101111000101011110001010101011110010000001011000000111111111101000100110100100110
110000010000001100011001101101010101011101000110010111101110001111110000100100001011001001110111
111111010110010101011111000001001101111011001110011110010010010000000110011011011110111100000001
010111001111010101010110010011100100001011111110010101111010011101001110011110111100101101000001
001100101010001111110011101100111100011010110110011000100011010010010100101110110110001000110100
101110110000110001000000111000100011100110110010111000111101100000010111011110101111101100011111
011111111001000110000000010100101010101111001000100001001000100110011001001110111010010110011111
111000100111000110010000001111111000001100110101111010000000111001010010011111100001101001000010
000110010101101010111100011010001001111011011101001110000100110101111100111000000000011010101011
101111111011100010100101001110110001011110100101001111000110101101011000001100110100111111000110
001110000100100000111111110110101010111001111000011101110101111001000000110110011100110110011100
101111011000111000001001111101100000010101011100000010111011011111001000011101000110001000110110
100110011110101001100110011010010110101000001111001011111101001011100010011010011110001011111010
111001111000010000101111010010010000010111011001000111110111001011100100000100101111001100011011
110010000000101000011011100110101000001100110010110111000000101100011010000011101000001000000101
100111010110100011100010101001011100100110011110011100101010000001000000101111011111101011100000
111011011011111010000010111001110010011011100001110000111011000100101100000000110100000100111000
111110111001000111101011101100001110110000100100101100100001011100011011001000100000011111010001
001101011110011100001010000110001001110010100110000000010011101111010111110011001011001010111101
110111100001001110101011101100110100110100100000111110111111100110110111000111011110011100010100
100001101000000111000000100011011011000000011001100100000111110011000001000010000011001101110110
100011001111010010001101011000100000100111111001110111001010011101101100011110010010011000010100
101010001001101011010111100101011110001000110001011011110111000011000111110001010011101001010110
111101010001010101101010101100110010000101111011100100100001011111101101100100110011101111011100
000101001011010011000011000010111101110101111000010111110010010111011011110000011010011010110010
110001001001010011000110110001010000000100011000010111010100110100100001001010111011001000101000
100110111001111000011001110100010101111110110011010010000010011010010010100001010001001001010111
111000001101001111000011110010000100101000001111110000010001010001011001100100111101110110110000
011101001010111111101011101011001011110010110100010111001111001011001000101001101101110010111000
101100000100101110110100100011110000011001100101000101111011001111101100101110010110100000101000
010000011010011010001100101000001011101001110101001100101110001110000001100110110101010110110000
000000111100100111111000001111001111110001111011010101101011101100101110001111111100111100010111
100000110010001010110100111111001010011111000101111110111110111110110100010011010101111111000011
111001001101010110110010111100100111110111001000111110000100010011001100100101110100110000111010
110101111101011100100011000000010110010100011001111010110111010010011000001010111111011111010000
001110001100011011011101101110000011010000100010110011110101100110110011001111010100101101001111
111101010111111010011100101011110011110001100000011100110110100001111101111001000100110101111000
011001100010110100011011000000000111001111010100000001010111010000011011110000100111100101011000
111110001001111101111011101001010110110011001010110110001110100110000001000000110111111010110001
010011111011001001100100000110000001011111011010011101001010101110010010111100100111111010000100
010111000110100110000001111011000110100011101001100101000000000100100101011111100010001000000010
010011101101111000101111001000110010001010101010100001000110011010001101110011100000000101011011
110110011010100000101000100110100010101110001001110110001010000101010011001001110110011000000101
100101100001011000001100000011001001011011011010001000000111111010101111000110100001111000001010
101010100100001000110011110000010000000010010100101100000110100111000000010110011110011000100010
111111011011110110010010111010000001101010101111111100011000010010100000011001101100011101000001
100110001111100100111011110001100100100110001110110010101011100000001011011101100011010101110101
110011110010111100000111010110011011011101111011110011001110001110011000010011010100110010110001
100001111001001000101010001011111110101010111010000111111101001001011010101100110111101001000000
001000001011001110001010101001001010000000001111101110011001110100110111000000111010011000111110
100111101001000101101111110100100000010010111000110101010110100101010111010001011000000010011111
000001100010010110011110110011100000110110110100110100000011001000110100110111001010101010100000
010100001000011010110101101111101011010010011000110011110001111010110010011000110101101100100100
110011101000010100111000001100011110011011101001110110001101111110111100011011010100110100111111
110100101001110111010100010001101100011001001011000011110000010010101010111100000010111101100001
100010010101111111011011010101101111000010111010010110111001000010000110100111011111110101100001
001110110101000101000110111111100101000010010010010000100110101111111001011001100100001111000111
001001001101000111101101010100011111000011110110000001100000101110011011110001010111101011100001
110001001111101111111000110000001011011011110010101110010110001100011110101000000110100001100010
010101000010010111101000000110000110010111001101011100101100000001000110001101100111000110010110
011011011100101010000001100000100001011101011101000011011011010110100111101010111011101110000011
010110011110100000110000101011011100100100011001101100111000011000011011000100001011000000100110
010100011101111001101101001110100001111111010000100010111111001010000011001011110001111001001000
110001010011110000011000111011110000010010100100011110001111100010101111110101100100000001001100
011010101101100001001010001111010011100001110111011010101001011101110001011101101001010011001100
010000101100110000000100010110111111010010010101000010111110111100011110100001110011001000011011
000100011000010011100101101011100001110101000000000110100010010101010001000110100010010011111101
001111001011000111000110111111110001011111100010110110100011100010101001001100111111000010101000
001111100101001110111101101101101011100001010011000000100111100011001001000001101000110010110110
010011101100110010111101001101111010100101011011011011111101001000100100111110011011101110110000
101011111110110001101000001110110001101111101101100111001111110010000111110000111101010001110110
101011111011010011010111011101000110101001101010101110110100111100101100111101011101111101000001
001000100000101100010000000101110001101011010110101101110011010011101101110110111100011100000110
011011010010111111110100010110101110001100110101001000011000111110000010001001110100010110100101
010011000001111110111101000100110010100010110111101110101100000011011010110100011010101011001100
011011111011110001111010011001111111111000010111110100100010101001001011100010011001110101110010
110000111100111100010111010011110111010111111100011011110101101010000010101110111011111010101100
110100001010000101001000111001100001100111011010101000001100010101101010011001000000101100110111
110001010100001010101010001010001101001100111011001001010011001111110110100000101101110000011101
110110011110000111000111100111010110001100011000101100101001001110011010110000110110001001000000
010110001110110000010101100000001010000100011111111000111110100101100010001110000001010101000010
100011011010111100010100000000001001000101011101101100010010100010011000010110111010001100011100
101001111011000111011101001100111011100011101011010010110111100101011100110001011010011101110011
100010010100011110100001111101110101100101011100100000101010000111010011100001001000010100110000
001000000110111110000010100010110000111101010100110010000011100110010111110011010010101011100111
010110110000110110110010010011111001100010101110110111101010000110010110110111000100101110010110
100110100101001010100100111011010111111011010110010111001101000110010110111010111010100111000010
001110000000110101000111000000011000111011100010111110110110011010010100010100011000100000101001
110110101011011111101000111000010000010101000111011101000010000011110110100110111110000101100010
111111111011101100010011011100110000111100010010101101001101001100000000011011100100110111010010
000000101001110110110110001001000111011101110010101100101001100000111111001111110101010111000101
011000110100110111110111110101010110011100011110111100001000011100000110100011111111000010100110
101100101100001101000101011101110110100011111010101101111111111001000111010010101101011101010111
111111110100100101000101010101011100100000000001001000101100101001000110011001101101001110010110
101101111011100010011011100101000011110101000111000101000000000000110001010011001001011111011100
010100010110110101000001110001100111000111100111011001110011010010110101111110101011000101001000
101000010010100100010011110111011111100000011011111000001110000010110101001101111010000010100010
110100101000001111110010001010001110100000100110011100110111000010001010010100000100101001010101
101000110111011011111100100001100011100100101011100110011000010111101100111100010100100100110011
001010001100100000011000011011010110011010011010010101000010000010110101000110011010011111110101
001110010101111000000111100011101100000011011111111001011001000101101011110001011001011001111101
100101001001010011010000100100011101100101100000110010001100011100110100010000111111111000110001
111000100101000011011011100000110110010010011000101011111110100000100111000111000011111110001011
111110110101111011100000101000000110010111100101000100001011101110111001100111111001011100101011
111011000010011011001101010001101110100000101101110000010110011101101111101100111111001000001011
110100100001000001101100100111110100000001101010111110100110100100110011100011000100010010000101
000000110101111110101100110010011101100101100010101011000011111100011101110011000101101111110000
100110111101001001100001111010001001011001011001000111100000110000011010111100011100111101000001
010000111000011011010001011001001101000000010101100100111110111101111100101000010110011101010011
100110110110011000000100010110010110101011101000001010010100001010000010110011000000101100101101
001000111000111111011100100100111010111111100101001010010010100010001110010011111101111001000010
111011101001011000010000000010100000101100110110111001011011111100000110001111001100100001001111
100111111010110110001110011100111111011110100100111000100101101001100000110111101000010100001011
010011101111010110000001100111100110011010100101101001111100110011101001101110110101001010011001
101000111110111010111110101000001110101011111011110011111011001111001000101000110110101001001111
010110111110111001010110000111011000100001001100001100000010100010000101100110101101100111011111
001000000101000001111101101010000100011100100110100000001101000111000100111011011010110001000010
010000110011011100101010100000111101101000000100100000000000011110001101011111010110110111111111
100000110000001011111010001110011100101010001010101000110011100011010101101000101100100000010010
010101100101100111000101110010010010101111110111100110001111100110010101000010010011101001010011
000010011111010101000110000000000011011011001000011001010001001000011010010011110001010010011101
011000001010001111001010001101010111111100101100101101010100000010110010110110000110111011011010
001111101000100111111111001000001010000110001001101000001000001100100101110110010101011100001100
010010001010110001011011000100011001111101000011110011000010110000100111000011100101101000101001
100101101110101110000111100111111011111101001100110001100010101111101001011000010001000001010011
011101110000110001101010000110000001110000111101100100101110101111011011111110111101000110100100
000110101100010001001000011110110100010111111011101111001101110110100011001001010010101001111001
110110111111110110100010010011110111010000000000110111000110101111000001001101101100001100010011
101001010100100111111001111000001001100110011011100111101101000101110011101111111110011101010111
101101001011011011101101110101100000001111100011101100010111000110011110011000110101010100011111
011011000111111101010110000100001111011000001011011010001101010000110110010101100111000010100000
000101111011100111001010011111110101011110011110000101111010100000110010000100000101011101110001
111001100000100100011001100101001110100011111000001010001111011010001111110110100010101100100001
011100001011000110011110110100010100110101101110001010000011000000010110111101000101111101000101
111011101001001001001110110010001011110101110111111110011011010011100000001110001100111001100000
100010000111111010000110111000100011110001110111111000100001011000001110001010001011110001010100
111001111000100100001101110000111011001100110011110100110010100011011001001110111110001000010011
100010110111111110110010001101000001010100111110011111011111001110100100001100000010001010011000
000101010000001000111000100101101000100101001111000010111100101001111100111101000110111011001000
010000001001011110010111100001000010011110111011001010010101111101101010101100001111011100111011
000000101101111000000011101111010110110111111111101011011000000001000010010011100000010111110011
110011000000110001111000001111010100000100100110000011100000101110001111010101111100001000100011
101001110101110111000001100001110111111010001001001010001000010010111010000100011111110010010001
011101101001000111001101011000110011111000001011100011010000001100000110010001000001001110101000
101010111111010000111110101101010001001001001000100001000101111101100110000001010110001101101001
101100101011010000010100111101001011011011101001100001111100111011011000010110011101011001100101
000101011111011000110101111110001101000001111110111101101100010100000111010010100000101110011011
110000000000000001111000100101111000001010100001001110110010001010101110011011111001101100100100
101011011100001101111110111100100111111010001000101001101010110100001000111000011010001101110011
101110011011011100001111101100001110001010000001001100001011010101011010101010100001011000100000
