001110011001011111011010001011110001010110101110001010100100001010110010111010100101100001001101
100000101110101111011101001010111010001100010000100010110001101000100101100001110001111110100101
000011100000101111111101111100101000010111001101101010001001101101001100110010101100001110010010
101101100111001111010000100001101000101010101000011011111000011100110011100111011001000010000111
110110110110001010011110001100011000000100000000111010111001101110001110011101100111000111101011
111110010001111100001001101101110010101001001010000001011010010110010111001100101011001010101111
101110100111111000000001000110000001011100111110110001110100001000100011011100101000011100001010
101011110011111110110100010001010000000010000101011011101001100010100001101010110111110001010111
001111110001110110111010011010010111101010000101100111101110111100000001111110100101100101001101
111101011100110101011010010010011100001011000110100110011111100100111101001001101110101100100110
110111100111000001001110000010001100110011011110010100111010001011010111000101111011110110101111
011110100100001100110100011101000111101000101100011010000111111001101101000100101001000001000000
001101011001000101100001010011011001111001111101001101010010111010111110001101101001001010000011
111001110110110111110000010011101001110001000110011101010110000000100111100000100111100000110011
100001010011000011011101001101011110111001101011110011010001001101101101111111100100000010110000
001010010011111100011111000010000011111001110100101000110100100001010111101011100010010001001000
001001100010110100011100000100010000111011001011100010101111010000111001001111010110010110111110
110110000100111111100110010010110010111110010010001000001100111100000110100000000101010110001111
001110111101110001100101001111010110101110001111110010000011011110101011100001100110001101110100
001011100011110100000001101011100010110010111011011111100101111111010000011011001100010001011011
111111100011011101000011101110000100000011011110001000101100000011001001001110010111011110010110
110100110110110001001000010010111000110000111100110001111011100110011111110111011110101101100100
010000011010011110000101101100110000000001000011111111001011001001001110100011110101010010100001
001101010001111001110010000000001001011101110110100110110101011010100000111000111001010010110110
111101110110111100010101010010000110011001111100111000011100110000100001001001100000101100110110
111110000101100110111111101101111111001000001011011010010001111110110111011101010110000001111101
001111011101011110000010100101110101000000010011001000111010010011011110100010110000010111110101
110111010001101110000011101100011000000111011101010100100110000101110111010011000010011010011110
010110011101011011011000010111101011010000001101011001111011100100101100100001101100011101011100
011111011111111000011101010001101000111111001000011110001000010101011011110100010110010010111111
000100101011001111110000100001010110010001001111010011011111001000111110000111010111010001101001
000011010101110001100100110000101100100000110010111101010111010001110001100100110100100000101101
100100111100101010101011000111001101110001110001110011010010011111101110111110000000000011110010
101000010010100000101010011100000010000110010001000111101101001000101110111001011111110101010011
101110000001111010010000111101110111001011010001101000001011100010110001111110000011001111110101
110010010000100001010001101111110010101101110011000010011001010000010011111010100101100000100010
000100001101000100011110100011100001101011001111101011011000101000010000011100011111100011110001
011110110011011100000110011101010100110011000110000010111110110011101011111010011000101100011101
011100100011111011111111010100111001110010001001011101100101101111100001101100100101000111000000
100101001011111000000001011101010010010101100110110100110110001110111001101010010100010111111001
011101000000011000001000111000000101110100000111010011000110101110101101000100011101111000010110
000010010011001100010011101111010111110111001111001111110111001101100100000110111101000010010000
110101100000000011000101110011001101000101111111110111110101100001101110000100110011110001001000
111001011010100001010100101111111010010110100011101101011100011001110100011011101010110110110101
011111000101101010000111000001001011100111000100100001001011001011010001100100001000011100100100
010011001011110100101100100010101000100100010101111101110001010101100010000000011001000110000110
000010111001010100010101100011111101110000111110101011011011010110001101011101011100011111111111
101101101001100001101001111010001101011000000101110101010001010011010010010011000001110111011001
110110011011111111110111010011000010010001010001111110111101010110011011011010110001000100010111
110000001111010001101110011010110011100001101110000100100111010010011000010011010010100010101011
111101100000000000101101010010001101101001101110111100011101001010001100110001001111010000101110
101011010110001101110101010110111111110111101110101000011100010100111111101011100011101111111110
100000110110100100111010101110000000100111111011100010100110111011001011100111111100001010111101
110101110101010111001110100101011010100010110100100101101000111011100000001101101101010100000001
000000100110000101001001001001010101101010111011111101100000100101011100111111001111001100010101
100101110111010100011101100101001011101101000011000101000110010111001000001110101111111111101100
011110110100111110011111101010101101000110100110111100010110100010111100101011000111110101001011
100000011100001000100110000011011111101001101010000001010100110000111100111011110110010010011000
010000101000011010011011010111011011001010100001100101101011011111001000001110111100011101100011
101101110011001110101001001010001101010100100010011011010100110110101100110011011001101000010111
010000010111001001101010010110010000101100011000110000111110001000110000010000001101100110001000
110100011100111100000110001001101110110100110000100101001100000000101111101111101011010001100001
001100010111110000011001111101101000001010110000000011001101000011110101101111111010000010010100
101011101011101010100001101110000111000001101110000011001010100011001010100111111001101111110001
010010101001110100100111100110011001010001000111110100001111100100101010111101001101100111101001
111000010011001111011011101110000100010101111001111011010111001010110001100111011101111101101011
111010111100010011000010000001101101111001100111111000110010001111010101011101000011010001001111
000001001100000100001011101000110000000110100101110100010100011100110010110000100111110100111101
011011000101110110101101011010111111110011000001010111001101001001011010010100010000010000011100
010110100110011000101000100100001010111111111101001110100101110111001001111110000011001000101111
101100010101111000011001101110000001111110011011111000010110111111111100001000011011100010000010
110000011011011000101010100100100010010101111011111011010010010011001001100101000000101010000111
001000100100000010101011001100001101100101010100111110100110001111111001100100100010010010000100
000110100100110010100100011100000010111001000110011000011110100001011110101111001001100000010010
011101010010101110110001100111011010111011010011000110100111000110100110111110010111111011101100
001010000000101101101001100100101011000001001101110000110110100111100000010111101111010001011011
011000101001001000110100011011110000000011010111001001100011111011100000101001110000000101001001
000001111101110100100010011100010010000110101010111010111000010110000011000100011111111100111101
101111011100000011110100010011101111010111010001101001000001000111101011001011111000011010010000
000011011101111111101001010011100110000010111000011100100101111000000110010001111110011111000100
111111010110010100111111101110101100000010101100010111110000000100011011001001011001010101000010
011111010010110101111101011001101110011101111111001001111111010011101111101000010100101100011111
100101101111000000010101111000110010001010110000101001101010111110111110000100111010100011010111
101001000001111110101110101110001010111100110110110101100000101011110101110110001011100101110100
111010000000010010000010100101111011110010111010101111111110111011101100000001010001110101110000
101011000100011111000000000101110110111001111011111000010010101001100000101011000000111111011000
011100111010110010101011111001101000011010011010010100010101001001001110100110000100100111100111
100100110110001100111000100011111001101011011001101011000110111001001010010001000110010001100000
011101111010111100101000100101010010111011001010110011110110000101110110010110111010011000111100
101110100001110111100100101101001100111010011001111000101110010010111100100010110001000100000101
110010000111110001001111100010100010100100100100111000001100011101000010000010100101010110110110
101011101111111110001101110011010000011011011011010101110010111110010001010100111011000010101100
111000110111110101001111001111001010101101010011011011100101100100101111010001001001101000100000
110100011000101001010000100000100100011001111010100010111111111101011110000100011100000110100111
110000110000000010000100101010000101000000001001000111110001101100111101000100000101010110101000
101101011001011011100101000011100011001001011110001011111011010101000000010101010011110000001010
111111110010010110000000010011000000010011010110110101100111111000011010000100010110011100001101
110101001111100011110110100001101111110100100011111011101110110010101110001100100100001010010010
110011110011000000001110101101010100010011101111101101111010011011001010010110101100000110010110
111100110001010010100011011011010001100111101001100101001010010100001010000001101100100111101100
010001011011100011001011011100000011110100101101111110000000010011000010011011110010111111101111
011101111000000111101011001111111111001000111101011001010010011011011111011110111001000000101011
001101100000011101011100010011100100110111100111111001001100101000100000000111111001011110110100
001010000001010110011101000100000010011101110110011101110001010000110100001010100011000011001001
011000101110100100011001111000111100111000111011111001001011101001100000100110110000011110001000
001111000001011101111111010110010010010001010110000000000010011011110010010110001001011001010000
011110101001000101100010000011101011101001011110111111100111100101011101000011101000110010000011
111101101001111100111010001001001111001100010001000010101001001001110111011100101001100110101111
111111100111111101001100010110101011010110111010110000110011000111110010101110110100001110001111
000111111011101000010100011100111011101011101010011100010111011000111110111000010110100001110100
000010010010001000100101000101011011111000111000110101101011011100100101110110100001111011101000
111101101111001111010001100101101011110100100100101100110000101101011010110000100110010000000000
000111000011111011100001011100111111001011011011101000101100000111000111010110110010001011110101
100001001011101110100000110110110001011100000101001101001000010001001011010101110011101010000011
001001000110011101101101000010010001111110011100001100011000010110110010110111100000101010001101
110000101110010000001001100111101100011000111001010001000100001110111101001011110110100101110001
011010011010010111110111111101110111011100001011111110010011000100011001111000010000011000001010
001100101001000111110011110001110111010101111001001101100000110011000011110000000111100100101001
100000000001101010000101001100011111010011000011000111000111110101100100101111111101010100110010
100011111010111010110110110010100001111001111100010111001010101000100111101011001000110001100111
101010001011000100001000011110000101011101010001001001111110101110111010111000100010101011001110
011110101110111011100110101110011010101001011011100110000011111111100010110111011111000111111000
001100001111100001111101111101110000001001010111110011010111011100000110010100111111111110001101
100000011001000110111101000110101001001111010100110000101110100110100001110011001000011010101010
110100000010011011101100111111111101110010111100110010111011100110111000100001010010100001001000
100111001001011001010011001100111101011001001110111011001000101110111111010011000100100010100011
011101011101001000011000101110110100101110010011101110110001000001101110010101100010001110011011
100111010010101101011000010011000101100000101110000110010101011110111000110000110100111010011110
011001010000001001111000110100000110011011100001010011100000001011101100110100010111010011101001
010010001000101110110011101010010011000101101101010101110001110110101000110111111111000100010111
111101111101011111100000101010000100100001010111011010000100101100001010011000011100010001010100
110000011001001100000101100100110000001000110110010111111110000001011101110010110011011010001100
010001110001001100110101110010010000110100011000011010001000110110010000000110101111110101100000
000001101111110100010011000111110110000011011100010010111110110011011000011100111111011111101101
100001001001110110010001111111010110001101000111010000111100110110111001001001011000101100100111
100101011001110011010000110100110111110010010100001111001001000010001100011001000100001001111100
001010000111100101100001111100111001101000101100101100000110001111010000101001100111101010001111
011001011100111010111111110011111001110110111111000011100010100001100000110001100010001010000011
101111010100001110010101001101101000000010111100111010100111000101101110001000001101000011111000
100111011101010101000011110110110010110100100110100000110011000111101010100010011001110101100010
111100010000011101000111111100011111011100101010110111101011010011110101111010111100111000000110
001000010010001111011011110100110111100011010110100101101101000100000100000010001100010111011010
011010010011110000100100001011000101010001000111101100100110010011011111010001110111001011110010
101110010101001000001000101011001111111111110000101011010000000110111010100110101000000100100001
100110101100111110010110001010101101110110001010011010000100100000001111010000110000100101000101
100000011011101101000100100001000000000010001011110100110010010000100100101110100000011110010110
000011000110101111001011011101000100000010010001101010101001010000110010000110001110100000010001
101111101000110001111111011101101111110100000101100111000101001001110110100011001010000001001000
101001000010011100001010110000111101110011001101100101011001111000110111010001110001111000101100
001010000100001111110001101101100010100101001000000110110100110001111111001100010111000110111001
000011101101010010000011001100010110011001001011111100000110000000100100111100110100011001001110
111111101100100100011010011101001111001100111101011011100010100100101001010011010001101111010001
110101110000100001000001001001010010001111001001010011110101111001001110110111111110101110001100
001111010010010101010000100110100100100010000001000010110000001101000000011111011010011011011100
111100101010011010101010101111101111111011101110100011001111010000010000000100111000101111010100
000111001101000100100001111010111100010000011001011111001000111001001110100011001000001111111010
000110111010000100111011111000010000010011101000000100010100111111011010100010010011111111010110
000000001001111010111000011001011101010011100110001011100101001100001101000100011110001001011010
100000010100100001101010110100100011100000000111111110000101110001100000010111100001111000000100
101110110001010000100111011001101100000110011110101010111100011001000001110001111001000100110001
101111100111010001100101110011110101101100001011000011000000011000000110010110010000010111101110
010100101100000000110010110001000011111111110011010100010101110001100001011010111001110111010000
010110101101001110101110101100111011001110100101011010110100001011010001100000100000011010101001
001011010011011001010011001011110001101110000101101010100000011110100000110001001110111000101000
101001100011000110011010001111111110101011010011000100001100010011001010110001110100001100101011
010011011111010101011110101011101111000111011101110001000100110111011100110010110101011001011001
110011111000101001000111111011011011100010001010100000000111011100101011111111001100011111000101
010111111000010001011000111111101011001111010010010011000001101011001010110010111110110100100011
100111110000001111001010000111010111101001010010101111000100010011101001101010111001110011011110
110100111000110011010010101011101000010100110010000010111010111011010110010000111111000111111101
111100010011110111110101111111111110000100001100101001010111001010111001101011110011111011101011
000111111100000100110111111010001011011000110111101010001101010100101110100101100011001101100000
010100111101111000011011011111001110100110001011010001001011010010110001001110001000001100111100
100110011010111111010001111011110100010100001010011001101101111011111011000010000111100111110101
001010100011000001110000010101100101010001001101111101011001110101110010100000101011011110101111
111110110100000011000011101111011010101010111011001010100100100000011110110000111010000111100000
110110000011010011110101000110010010101100010011011010010100010000011100011001000111101000010001
101010111010100011010111110101110101101011101111000111101011111101010010110011111100100011010010
111100000000100000010010011011011111000001001010011100011000111100110100110001001011101100100111
101000111001000111111111000000010000011010011001111101000001011010101010001000100101000000000101
011111001111001001000000100000110110100011010111011110111001001111000011000000100101000011111110
001011110010011011001001000011010111111101000110110101100101000010110111100010011001111111110001
101010100010000011010101100111001111001100111001010011101111011100010110100101011001110001001101
011110010001110000011011010001101000010000001001101000010101100111000001100001001100001101110011
010101001101110111101000010001101110100010101001111010101010111010001111001000000011101101101000
001100100101000100111110010010000100100110100101000010011001000011110111011011010101011100110011
100100010011111001110111101011101100100110110010001000101110011100100111001000010011100100111010
110011101010111101100101100101001010100110011100011111101011111001111111000110100110101001111001
100000000011000111010110100111011111000110100111011000101000001010111001000110111110110011110010
000011000101010110111011001111101001000000000001111011100000001100001101011000101110100011110010
110100010010000011111001010111111000010010101000011110110110110011000000110001111101101000100110
111101100110100000010101111001010010001001100000001101101110100000110110110111101101000011000010
010011010110101100000001111010001100100011100111000110100100001000110100010110110111110000101100
000000010100011001100111100111011001101111111010010110100101111011100011011100000111111011001011
010011111110100000011001001000000111100101111111100101001100011100011011101101110001100011001000
100110100100101011010010000000100001100101011100000110000101100011010100010000000110011110101100
001010000011100111001011000101111111010011010011101101010110100111000010010000101010110101110001
100110111100101011101111100111101000110111101000001011011111100110111011001110000010100110001100
100100000110001110111111011001110011000010111011000101010001111111001110110110100101110111010001
010101111110101010011010111011010110001111100000000011100010101101000010011111101010110110101101
011001000000001010100110011010001000011010111011001100001101001101111011011000010000110111101010
101001101001010110101111100000101100100011110000000111111100110110110000010111110010101000001011
101101011010001110100001101110101101101011100111111010010001100001100011110101011001000110100110
110000111011111011011111101001000110100111100000111111100001001101101110011001110011100111111010
101110101111110100000011001011000101001000001001110101001001111010010010010010000000110001111010
111100100010001010001001011101101101010000100001011101111111100011000000011011101010111000011101
000100101101101011010111000110000100001010111100111100010110010000010010001110101100010001001001
001100000010111101101011111111011000110001001110101101100000000100001101110011010001010100010011
011001110001110111001111101101000010100100100101011111011000000000010110010001101111100011000010
100000000100100100110100010101101100100111001000001111011101000101111011011101101100001111010010
001011110010100110111111110011001111001111111001111010010111000110111001111110001110000011111010
011001011010111001111011000100100110101110001010000001110111100100111010100000011001001001001110
011001011110100001011100110010010110000100101001001001011100010011010110011100001011000101010101
100111101010001011110100001011000101100100111000001000000101101010011101001100100000011011001000
001100011011101101010111101100111111100000100000110001101011101000101100100011010110001100111100
100100001101001010101101111000011100111100011110100100001111101100101011100110110110000111011000
111010101000001111101001110100101100110001110001110010011111101001101001011101100001111101100011
110100011001010110011000001011101010011110001100111100110001100100011010110111111000111001111011
011011001100010110101100111101110110111011111100101110011010011101110010111111101000010111011000
011000100011110101011111010001000010111111011100110101100011000110011011111010110001100010110011
111111011111111100100111100001010110100110111100000000111100110001000011100001010100111110101111
001110011101001010010001011000000100101000110101000100100001010000010110111110000110001000100111
100111001001001100000001111100010001010010010010100101110000101101011010011110010000010001010110
001010110010000110000100101000110010110110111010110010011110111011010101110001011110110011101000
111000100010010111001011111110100111110010101001000110011010110011001101111000000110001100111000
001011001010101000100011100011111001000000111110111010111111111100011101101101000000011001111001
001001001001100011110011001000011010100110011101101111001010011110010011101110010011000000111110
100110100101101101110111011101011011101110010101101001110001110001010100110011010001011111010110
011110000011010101111001111001111111111100100100111111001001001101111010101100101011110100000110
010101100111101101100100110001100001011011111010001001111001110100111101010011100011111010000011
100101100100101101011101111011010001111110110111110110101011010111110001110100111010000110101111
100100001100001110110110000000110110101000110100101000000011011010111010001010101010010110001111
000010100101001101100011010111110001101110010010010011010001111111111000010110010010010111111100
100011110100101000111101011001111001000010110100110110001110010100010000110000010001101101110101
001101100101010110010001011001001011010100011111001100001101001101111000000101000010100000000011
111100000101011011111001111101001111010111010100110100110100010110101111101111001111101001010101
100000111111110001010001100001000011010101010001001101010000011110010011001100001000111111000111
001111011101001100111001010010001010111110101011000100000100001110111110101000011110110011010011
100110001110001110000010110101010110110101110111001110110100111111100011101110011101110110101001
000111111111110100000111000111000001101100001110001011001111101000010100111100110111100000111011
010100011000101001000000111101001100011110110100000111000010111101011100001011001010111011000000
011100001011011111111001101111111110010100001111011110011110000111011010000111111010100100010100
011110010101000011110001011101100000100010001000111110001000011111110111001011111100011101110110
100010010011111011110100001101011001101001110000101100000110001101010101101001100011011100110001
001101101110100010010100111100000001010111001101000111100000101101111100111001010000001001110110
001010111011100110001011111000001000110100100000100111011111000011111001111100001101001011101011
100011110110011010011011100101001011001110110100010011111011101000000100001011100010111111101001
011000001111110011001100000101010101000101111111101101011110011000010101011011100110110110001101
110000100001111110011010011001011111010101001101011101010100010100111100111001100111101110110101
100100011011001000100010100000100110000001100001101001110010110100001111100001001110101111110101
000010001010011000100011011110001101011000011000100101111111010011111100011011001110110010110001
111000010010001111010000110111011000111001111011110011000110001110110111000111000000000000101000
001101101111110011100001110100001001000101000111111000111011000010000010010111000000010001101110
110010100111011011010001000101000001010001010000011011001000101101010010000101110000101000100011
010110011110010000000011110010010100011110100001000101000111110100000111011000111100100000000010
011010100000011011010110100001101100111110111001110001100010101110010101100000111010011111111011
011110111001000101101101011111010110100001100010011010001110001010001001101111000111000011101110
101011110111010000001010101001000010001110010111011011001100000100101000000001101101010110001111
100111000010101111100000111111000011011101000000011110111110010101001011110001010111111000000010
001001100100011001101111101100101111110011101100001111100010000111010100000101100100000111011101
001011111100010101001100010000101110010001101001100101011111100010011011010001101011010010110100
100011111101001101000001010101001111111001100000010010100010110110000001100001100001101101110101
011110000010110101100011000101000010110111111111110000010000001101111011000011010001001000000111
000001011111001001101011110101100101111001011010011100011010011100000011110111101000000101000100
100111110101101000111110001100101000010101101111010100110110011101000001010100001101010110100000
000101100111001010011010101011100111100110110011000010001011000001001110010110111100101110001111
010001111001001011011110111010100011111011111101111011000100001000111110100100001001011110100100
110011000010111010100000011101101110101100011101111011100101101010010010011000010101110000011011
011011111101001011011010001011011111001011111111000001000110001001110000000001000001011001111100
100000100001001101101001110101111110001000011101111101000110001111111101010001100111110010100000
001010010011101001011000100010000000000011000011010110101001001011101100001010111000001010000110
100110101011010100000000000000000101001101000101000011111111110000110001000000111101000111001000
101100011101001001011000100110101111100111010101111100111101100111111101100100111100011101111101
000000110011011010110111011000101110110100000010001000001000000000110111001001101110101100011110
000100001001001001110001010110100000110000111100100100100001101010001000001100101010111001100100
100011001010100101100011011010101100101011111101011111000010111100110111011000111110000101001111
100011000010100010110001100101010100000110000000001100110110001001001000101001011000100100110010
110001100101111011011100100100011000101000111101101111010110100000101011110010110111101110010001
100001110111011110111101001110100110001110101100110001110001001001001111001100001110110001100011
000100010011111110011011000010111110110010100001100000100111111000111101111001100101010000110111
101000110110111001101100001001000011100111101111100101010100010011100111111111101011100001000101
101000101101110001111001010001110000101011111111110110011000110100001100010010001100111111000100
110100010011101111100110000100001001111110111101100110111100010101101111110100000111011110101010
100100000011100011011011010101001001000000010011000101110111100111101110000000101001111101110100
101001010011110100000110000101111000011001011101110100000111100001001100111000001000100111000011
110100110010001101000100000110101011010101110101101111111000010100100001100100000110010011010000
011011010001010001101110110010010100010001001111000101011100101111010010001010110011110111011101
010000100101010100110100011111011001001011010001011000011101011110100110001000000100011000011011
011001010101001000011011100000001011000110110111010010101010001010010110011111001000100010100010
101110000110110011011011011000110110111110100110101011010111110000010110100001000111111000101110
101110011000010010110111010100101101001000000011000001101011011010011100101010001111011011001101
101100010000010111001111111010011101001011101001101011000111001000110111101011001011010100001101
011010000010110101010110111101101110111001000010100101100100001000101110000110001100000100010101
011110011010111111110000000000110011111101010100111010010101100101111100001010100000010001000110
000101000010110010110110110100101110101001110101001110100100011101001101000101111111010011001111
011111000111010111100101000101011101011010010010111001110111011011011100111111001011001010110010
110011000011000110110011010100000000000001011111111111011100000111100000000110000001100111100111
010001001111100011010110000110111111011101100101111111111110011101000010011110011001011111111100
000110100010101010101001101010100011011010100111001110010011111101110110010011111100000001111111
000111001100101000101010101101011111110100001010100110111001010010100001101011011000000110110011
101110101001001000110001000110001010110011100101000010101010010101100000011001101100000000101100
011011111110011110010101101000001101101010001101110000110000100010101110110010101111011011110111
100111001010000110110000100100101001011011010010101011101101010001100001100011111011001101101111
111010010110100111011110110110101111110001011011111100100100001001110111100110101000110110100000
000111001010011011110000000110000011011101011000101100101000011010000000001111000111001011001001
100110101110111011001011001111011101110101011100010110100011100000011100101100001001100000000100
101000100111000100010011000100100011110010010100010111110111110100101110001000011111111000101010
000001100100011011111110000101111111001111100111010000100010110011110111111101100100101000010110
001111101110100001101101001001101001110001001000100010100101010011011110000111010101011110010000
111000101100001111000101000100111100001011000001011001001001110000010000010010011110010111110010
010011100001101001100100101010110010001100011100110000000111101000101110101010101010010111101110
100100000111011010110111011110000001000000110011000001001100110011011110010011100001111110010111
110010110011000111001010100011010000101100011000101110111010100011001010001001111111000001011010
110100011111110001011100100010001011110000010110110100000011000100011100001000010101100100111100
010110111100001101000101011101101110111001000100100000010101110101111110011011010010001101111100
101101111011001001100110100101110010110101110011110001100011111010101111001010000001111000000010
000110000101111110010101011100000000110111001000011010111100010101111110010110110011010001010111
111111000010001001001001011010000010110011100001101100001110100010001000001101110001011101001001
111000010001010001011101101111010110001000100110111011011000101010111001001011101000100001001100
100000001011010111010111101000001110001110101001000000000011001110111001101100010110111100011100
011010011011101001110100111100100111001110011000100101111001001001011011111011101001010100000011
001000000000011010110111100100000100000001000001010100100111110111111011111010101111111101100010
100100111000010110001011001111100010001000011110100101111110111100010101001111011100111100011101
100100001001111111110100100100011000011111011111101001001001110111000100100011000000010000001001
110111011010100001010110100100100001010011010100111100100101010101110100011010100010010011010010
001111110001011101111110001100010111010101000100010010011110010100111011010101011010101011101100
111011101001100101100110010010111010111101001010011110001010101001100000000100010101001010010010
011110000000111110001111101011000110011111110110111100011111001101111111111110101110100000001010
111011110100010101010001011001011100010000100110010000110101100001100100110101001010000100010000
010010001101101110100001100010001110000010111000100000111100000011011011011100010101111101111000
101101111111110110110100110111010011101100111001100111111000001100101100101010010001111010110001
011101000111001001110111001000100000110001100100110011100011110011111110110001101011011000101110
110010100111000000011110110110001101011101010111111101110111111010001000001100100110110111010010
101101001100000110101111110100101000000010110011110101011101001000110101110000110001000101001011
010000100100101011111111010000110101011101000000101101001111110011011000011111110100001011011000
001101011101001101110010100000100111100111000000000001111010010101100111010001010110111110010000
110010111010110110001001101011001011111111101001001010001101000001111111111100011111101100100100
011110000011001000100000000110010101001011101110100110100011011111100010111111100111110000100111
111000010100011111000100011111000001011101010001010111000000011011001111001100101110000010010101
011000101011000001101111000110011110001111000000000000001000000011011000101010101111011001000101
010111000100110011100010101111111000011111011111010000001011010000101001011010001110101000000010
010101111110011101100111100011111000100111001010110101001010000101111110110011100001011110001000
101001101011011101101000010111110011010010100010101000000101001100101101110100110011001101010110
111101111101001111001011111000010000110110100110010111100001010111101100000001111000110110011011
110111000100010100011000110100100000111010011011110011010001010010111101101100110110011100000110
001100001001100100101001110111111100111111101110011011011110011110001101111010001011111100000100
011011000001111101110111011111001010111010100110001100100011001100101111110111000010100001010011
000011110110101100101111001001000000010110101111100111010110101001100011000010111101110011000111
010000001011011110010110001000010011011011110110000001101100001001110001100111110100000111111010
110010101100111101001110011101101011000001010011110111111110100000110001110100010110010001010010
110011010111001011110111000111010111101010000010100111011000011001000011100100010110111101010110
000011101100110000100010010100010101010100111001000110001111011100001000001011101101111111011101
001010000110110011111000110101111001110010001000001001000001010101010111100101110000000111101101
101001011110001110101110011101110011101111011011001000111000001010001010110011110010111100110000
000001001100111001001000000010001101101000110000010101001100010111010000111111111101011001111111
100110100001110111100000100101111111110001000101110100100000010111010110111011111011000100010001
100001010101001111110110011000000000111101000101010111100011000101000110100010001100010000100100
101010100001001011110100000010000001011110111100111001011010000001001111001110101011100110000011
001100100100000110000101011010100101000111001100111110001110100100101110100111011110101111111001
111101010011010000111000011111001000100111111011001011000001111010101101000001001100100001011000
100111111111001000000110110111000110111111110001110001100101111011001000000010000100110010011001
110010001100111001100111110001000000011000001110011110010001101010110111010111101101010010100001
010100100001110101111010011111100011000001001101100000010011010010011100110010011001101000101011
011100001101010100110100011000101000001100101010110110010000001010100111101111010000100111011101
100011001000010111100110111010011100110001010100101000100001111101100110000000111111100101011101
000010111100011110100111101100001110010101000000011000111101101001000101110111100001001111000110
110011001111101101110011010011000010001101101101011010111111111010001010111001100000001011101110
001110011111111101101101111000010111000110100010000101011111110100010011011101101100011111010000
011011101011001001101101011110010111110101001110000101111110101010000000100011111011001111101010
111010111000000101000110100001101100110000001001101001001001111010000110001011000001111000011100
010010100010010010101010110001011010010010010100001110100100100110001111011101100011110110111011
001001011111111101111000100011011001111011111110001000100110101100100001000101111001011011001010
000111010000010101010111111011011011101010100011111011010010110010111100101010010011100000101111
101001110110101100011001001000010011101110100101110111111010010100111001000001011010101111001011
100111100111011001001011001111000100001010110100011000000010011001110001101111001110100111001110
001111101011101101011101101010010110001001001100110000011101111111001100100011001111110000010010
010001010101111001001011100001000110001101111011011011100111111110111101010010100110111010101100
000100110111000110001110111001010010100011001100111100001010000100111000010100101111010100001110
010111001011100011001010110000011101011011101100101010101101101011100011000011100100101110001010
110111000001011100000101000111111101110111010011000110101111110100110110101011101001111010000111
000001011011010100101110111101000010110111110011100001100011010110011101011101010000100110011000
101101011000010100000101111010100000110101000110100010000001110111010100101101110111000101001101
101100111110001100000111000111010001001101111000000010101010100010011010001101111110100110011011
001011010101011111001101001011110000101001101011011011001010101100101011011011010000111001010010
000011010010001010110011001000010001000111000001001111111110111010001010010000011010110010000100
001010001010001100101001011110000011011110000000010100000111011111111000001100000000110100101100
101100111100001101111101011011001000010100000001100000001001101001101111110100101011100001101001
111110000100000101100100001011010010001110001101001011111100111011000001111111011110001000011110
101110010100100101001110011110010011101110011000011111100011100111010011100110011101011010111001
111011100111101000100101100111010000000101101001010101011011101001010011111011101010011110010001
110001001101010010011001100000001101101101111001100001001011111101000101001011111000001010011110
100110110001101011100100111010010001010100001001001100101101000000000000001111110000000001011101
001101101111001010000110011100100000011010111011101010110010110010011110000010001111011010011110
010011011100110100011110101101111100100011100110001010111111011001100001001011110010100011011011
010110001011111100101000101101111000010011101000001101001100100100110000000101011001010010101110
011011010100001000001000111111000001000101101101011011100011100011101010100101010001110011000101
110111001100000101110111110111010110100111011011101101101100100001101001001001001001110000000100
011000001111100100001110100111110110010101000100000101011111110111111001111010111101110110011100
011011010101010101101111000010101110110000000011010110011111010101000001111010010100010101111001
001000101110100011010101011111000011100110000101100111001110001110100000011100100110011010100111
110011100011001000011011100010001000001101111101010111110110101111001001000100101111001011000110
100001001001001010000110011010111000110101101110111011100100010101111011110011011111110000000011
001110100101011110110101110110001001100100101001000011110011000011101011011000111111001001000010
110011100101000001101111101111011100101110101001110101010100011100101011111111011100111011000000
010101001111111011011001011010001011011111011111100000100001100110101111000011010100000001111001
010100110100100111110101010111111010001101100110111111000011111011010101110010100001001010010000
111110011101110111000011101100000101001000100011010110111101000011001011110010010111010101010111
111110010010100011111000111001001101101011101101010000000000011011111000010001101110110110100000
001100001010001011001001111100101001000110101000000011010100101101101011010011000110110000110011
100101100101010001110010110111001110000110001111101010100110101100011100111101100010111001001110
111111100001011000011001101111001111111001110010101110010110110001111100000011011000000000100000
111110110100100000100101100001100100100010100101001100101100110010000110100111000100110111010010
101101100110010111001100001111110110101111010110100011011010111111110111010100110010001010011000
001010101101100000111101001100000111110110001101110111111101111010100110110011011110110001010010
111101100000001100111100111000110000000110111101000011110110000100100110011011110111011001111000
101101010010010000011001111110000100001100100111101001110000111111111110010100100110001110010111
100110011100110010000000010010001010111101011100000101111111001000100110111011001000100011001010
001101101110011011000110101001101101110000100000001001011010110001010011101100101110110100100010
100101010010011111100010001011001011000001100011011000111110110010001001111110101001001100110111
101011111000111010010011111001001011001100000101110000100010101111010110000110111101011011111101
110111001010011001100001111111000111001111001011101100001011011101001001100001100011010011111110
000011010011011101001001100010100111011010011110010111101100101111111110111111011011010111101101
101001101101010000101010101111010011111100010100101000010011100110011100000101001101000000001100
010100101100010010101100000110011011101011000101100110001101001110001000111101100111011111001101
100111010111011110100010000101110110111101100000101001011010011110010011001101111100011101001111
011000111001101010001110101110011010111010100000010010010111101100000100110110011011011110001010
110010011011011100100111100001100110111101010100010101001111011111000001010110100111111111100011
001100110011011100110011000001110001100000000011010111110101010100111100010011011010110110000110
000010111010101000111100000000000111100001100101011100100111010000010010100001100100000010011010
101101011110101100111100111011101010110100110110101110000101110101001100100001110010001100100100
100101110111101000010010111111010101001101101110111011011010011010000111111011100001011001011010
100111000111100110001001101101110111111110110011000011000000111110011100100011111010000100001101
110101100000111010101000110001111111110111111100011111110010110111101100000111110010001111110100
000001110110010110011110110011101110001100001001010001110100100011010001000000001010000000001011
111011100111110001110011010010010101100100000000010110100000111101111010110110101111111111000111
110110011001000111000011110010001110011000000001010101100111110011111100111110000000010101000011
000000010101110011100111010111011000111100111001100110110100001011010100110110000111001101101110
111101110001101110011101100100010011100000111011100111010110110101001100110010010011011101100001
100000011010100011001110011111001101110000100110011001000111101000111010101010101100000001110001
001111000010011101100111000111010110001000000001000111100101000101111100010000100101111010010111
110010011000110110011100111100111011100001110101001011010000110100111011001011101101101000111011
100010010000100011001101010011110000110010001010011101011111001011000110101000110000011111100100
110011110000010100001101101001000110110011010101011010101111000100101000100000100011101110010110
101001111100110001010011010001111000111011100010000110101111000000001011010100011100110100010110
001100101100110101101011110111110000010011101111110101110111011100000010001001100111011100011100
101101001010010101011101101100101110001000010101000010010101110001011000110100011100100110000011
011001001010111100010110111011000101100011111011000100100010011111100111101011001110101111000010
000001100010000110100111110111001110100011110000110110010110001111001101001100100010001011110011
110000100101000010100101100111111010100001100010010011000001100111011110101000110010000111001111
001100110001011111110111010010000010100010111110101011001110110110101011010101111100011100010011
000011001101101011011011010010111001111111110010110010011001010001000010100100110110011011001001
001111010111111110011100011110000100111010001010000001101101011011011111111001111111101100110000
111000000000101100010100100011100010111100001000110001100000011101101001100000101101111110100011
101010111001100001100110101111101011001000010001011010110001101100101000110000000111011101000001
010100110010000011101010001010101010100001100100111101001101011110000001101110111101001111100111
110100101011110101101111111010000100110011101110001100111101100001101110011100110001000110110000
111001111000100111011000011010000000000001101011001100100001011100011000000101010100001001101110
111001100011101111110100110111110001010100011010111111100111111100001110100011110011011110010011
001101111101001111111101011101101010111011100110011000110011010011110010000010010111110010010100
110111000110100110000111000110000101111010011100110011001001101011111001100110001010100001100110
001100100110101001011100100111011111110011111010101101001101011100110100000111100000110010100011
010000111010011110001111001001111011111001100100011100111001110100010001000000111111101111011010
100100011001110101010011010111100101110100111011110001101010101001000011000011101010100110110100
010000000101011110000001010100011010100111111010100111111111010000110011101110100110110110100100
111000110100001101110010010111111111011100000010011101111100101111001110010111101111010111111000
000010000000011011001100111000001111011001111010111011001011110101111111100010101011101001011011
011010101110110111000000100001111000101100100110010101000110010010110101100010111110110101101000
000010111011011010100010110101010010110111001010100100110001011000100111000101000100100000101000
111001111101101101000011101011110001001101110000100011011110011110110100111010001101000000111000
100110101011010010010100011010001100010100011101001101101010011111101100000100001011100000001001
101101101011110000111001000101001101110100000001000000101000000000111100000111001110011011111000
110000101101001101010101011000001001101110000101001011110101110100001011111000110000111100011010
110000111111110000101001011110010010001110011100100101110010001001110101010100001101001011100111
110100100001001111111111000010100101010001110110011100010101000011100110111001000110011010110110
001001100011000101110101010001000001010010111101100110111101010111101000101101111110100110000100
001110001000001010110101100101100111111000011110110010100010101010001111111111001010110011000000
001011100111111010111101100010101011100011010010111101001000011011011100101001110101101011101110
001111100101110110101100110010111010001100101010111111101011111011001001100001111001001001110001
001100101111101011000011010110111110101011101010100001111111010111101000010111111110001100101101
100001100111101011100001110111100100111011000001100011111001100101010011100000001010111000000011
110011001101010010101010111000011101110010010011011100100110110011011111111001101110100001001011
100000111100001000100011100100011011011100000001011110100000001000011011101111010001000110001001
111100110101000011000101101101001010001110010001100111101010100111101000101101001101000100000010
110000101111001010011100010101000101011100101100110111000001100110101011101011110111111110101001
100101101101000111111101010000001111011011000001100110101000000110100010010001100111011000100001
111110101010010100011110010000011101011011101111011101100101011110000000011010001111010011110000
010001000101100111111111100100010000010101101110111011100010100101110111100000111011010111111110
101011000101111111000010010100001010111001011111101101011101010100010100010010010001100100101100
110101111000101111010001010101111101100010000010010000101001110100010111001000010101001101000000
000001011101110001011011000100001110111010001111101010000110100001111110101010101100011001001011
011101010110111011001000110110010110110010000100101011111010101100011011100001000011011000011010
011000111010101010111100000101111111111011011011000111010000111010100001001100110100001000100001
000100001001110000011100111011101000000010011011101101000101000011011011111001111010010010000100
110011101101110111101001101111001101100001000011100000000111101010110010010100001111010100110110
110001011011111111010100011101111001000011011000101000001111011011001001101101100111101001011001
010101010110001111011101001001100010010101100000011010011100111000100110110000100000111101111011
011000100000011011000000110111000000101111000101011001001111010110010101010011101100101110110000
000100010111111001000001011000110011010001001110100001110110100001110101111101111000110000001000
000011011110101001100011010100001000011110010111010011010100011011001110000101011101000111111100
000101001110111110101111100011001010001100111011101011100100010000100001000110101100100000001100
000010010100010000001110101101101111001000111100100110101010011100111011011000111010010101110011
011111111010011001101010100010111011111101100001101001111101100110010100000011100111010111000001
000010111100110000111111101111101101001111101111010001100011100111110111111001110101110001001010
111111110111110111100001101110110111100100100011011100001011111011010010110001100100011101011110
110101010001010010011100010110111010001010001101001101110011111100110000101111011000001110011100
100110001100110111000001011100001100100100011010111000100011111101000001111000111100110101010000
101111101111110111011000001001010010011010100000001100110100000011000001010101100110000100100101
000101000100100000000100001100010110100000000011100111000100110011011001101101111111000100100010
010110101010110011110111110011011100100111010010110110100000011011101010110111011010111010100111
101001110100001110101101110100101110000001100011110010110001010110100100101110011000100110111110
100111011110000100000000111100001110100101010010100010001110111101000100001010101011110011100100
100110011000110001110101011110011011011111101111101110001101011110101000110010010000010011110010
000000011110000001100010000101101011111011100110010101101110001010110111110101010110111110110101
010000010101011010000001100000111010001110111000000100100011100110011011111101111001010011110101
101011100101110110001100010011111000100010011011101110000111001010101101000111010011101010100011
101100011000111001101110010110011001001001001010001011010000101110100010000110111010110111011001
110010011110011000000011000001011111101010100000100010110110110001001111101010011101110110111010
111000001011110011100001001011000001000011001000011111000110001001001011110000100110110111101000
001010110010100101100000011111110011011001000110101110011110001000111110000100000000111111011010
011011011010111101001001000011101110001110111011101000101101001101110001001010101101011000110100
011100101001101001110010001011001000101101001101101101110110000110100110101110010001011010100100
100000001010101001101011101100100001110110010111001010011101001101011010101111101111011101100101
111101111110001100101110101110100110000001011100010100110111101011111001101000010010011110000110
001011111101010001111001000011001111110011111100100000010011011110111001001010111010011010110110
110010001000111001011010001010100100100101111111011100000001101111010010001100111011000111110001
111110111001111000101101110000111110110111111111101001101000100101100110101101000111001101000111
100001100001010010100011111001000001101101100000111110001001000111000000001000001101110110000000
011100000011110100110011110110000101100100111000110110111000111111111010100101110000110101110010
110001100111011000011111110001000110010101101111000110010000111100000111001111000000111011100010
110110010010111010011101110111010101010010000110000100110100000111101101001010101111011101100110
000100000000011110011110001110001101000010010001001100100001011110100011111101000100010100111100
011010000010010011010000100100000000001110110101000000101110001100010101100111010011011101010000
110110100000101001100000111100111011101011001010100110010011011001011110000110110001100111101010
010011110110010001011001010000011110000010010001000000010010011000100101011100111101001110111011
001111111011110010001011011001101001001100110100000101011011110000110000100110101001011010110110
101010101101011010100101110100100010100101001001100111111000010011010100111000001111100101001100
010111101000011011001011010001001011001111101101010011010011101100111000011110100000111101110000
011111000110000110011110111100011111010110101011110101111000011110100001000101100110111000100100
001011001110010100001011011110000100101000000001000010011111100010001101110001000100011101011011
110011110101100111000100101111010000000011001001001110010111101010011111110100110110101100011011
010110011110011001111010011110111111101101001101000111000110011001000011100011011110001101000101
101111010000011111001010111111101110111111110110100010100011111110100100001010001001000000110001
000001111001110001100000111111000010000111110100000101110100000100010101100001010100110011100010
101111101010110110001111010010100111101001111100010010000110100100011110110010011111000000001000
110000110010010010001100101011100110010000110110100011001110011111001001000110011011110100101010
100010101101110010111110110100101000000011100100011001110110111111001010011011100010010101111110
100010000110111100111101011111101101101010001111111101101010001000001100110100010011101101000011
011000111110111111111000100000001101000000100000110101110011000010011001101011101111100001000000
100000000011001100000011110000110010010101101101111010001111111011100011010010001110010011101100
000101001110100010100110110011111001111000110001001110010001110010110100101100100101000100100011
010011100100010000111110111000100001000111001001101011011101111011001001001011011100000101001000
111000111111010110110000000100011111001101110001101001010011010000111000101010010000010001101101
111001110011000100011010000100110001010100000110111010001011110000110100111001001101000110010001
010001110010001110100111001111010011010101010101100001110011110011111011110011111110100100110110
101011100010001001000101001010000101011011110110101100111111101110101110101101100101011001101010
010111001011011100100101010010000111010001100011010101101110010011001110011000011101110101100001
010010001000000100010010001111110001000010101011000011000111101111101110000000011010111011100111
000001001001010000001010100111101111111110011101001110001111101110001001100010011110001100000011
111111000100110110000011101111011011001010110110110110111000111100101001011111100000000001100111
000001101011001010110111001101110010110000000111011100000111010110101100011010001110100111000011
000110100010000010011010110101001000010111001010011110010101111100101010110101101100000100111111
111001010111110111001110101101110100001010001110010011001011000011000001000010010010111100001110
011000011011110001001110010110001100000010111101101010011100100000101000100001000101110001110111
001100010111001011100101100000000010001011000011111010001111011111110000010010010001011101100000
001111111001000010110111100000111101111000000011011001000100100001110010011001010000110000110010
101101110000001101100111001010011011110111000000000110001001111100110100110000010001110001110101
100111101101000000110110011010101101101000110111011000110101001111111001111110001010101011101100
010101011110110001000000100101110111111111101011100001101001101000110100011010101010000010111010
111010110111101111101001101111000010010101101001101001100011111110011100111111011101110110100000
001101100101111010001000101111010000101111011100011010110111100100011010000001001011001001110100
011111101111100111001001011111000010110111101111010010010001001000111111110010100100100111110110
011000010010010100000010100111111100110011000111010010010001011110100111110010001111011000000110
100010100101010100010000001001001010101101110110101100100111111011010001110101001000111101010111
001001110001101111011011010100110100011110110001100111110001000000000010101111011011100111111101
100100101010001111001110000001110100101000100011011101110000100100000110111110011110110011110010
000101001010001110011100010100010011010111111000111010001000010011001110010001110100100011110010
001110011010100010001110101111001011100111111110101101010000110101000000101100000010101000011010
011110111111000100110100011000100100101110010111010100000001011111000011010010000101110110001101
011101100000001001000101010011011010101010101000010010000110101111001100101000101111010011101011
000101111000011101011001100111101010100001111100010101110101000000011001001111110101001101011110
110110101001100011110010101110010000110110111001011110101000110111101011011111010100101100110001
011010010010000110010110010011110110000110100110000011100010010111000101001000001010101011000001
101001010001010100101101011000101111011110000111111110100001010110011000001001100000000011101000
100101001000001011001110101001100101010000011010010101111111011111000110001001001100000000100111
101101100010011100110101001011001110100111001001000010001011101000001111101111000000000010001101
100100010001101000110100110000100101000100001010100011111100000101101000110100111000100000111010
110100101110101000000001100101010001101011101010001011010010001100100000000001011110010101000011
110010010001100011111111011011010111010111001000101001101011111000110010011001101010010110110101
100010110100110011101111100011011100000111010000110000010101000011101010011011111111111001111100
111100000000011010010010100111100001011111100011010010100011110010001100110000110001010101100100
011011111111100111010011101110100011110001111101011100111010111000110101110110110000010000011011
101001000101101101001100011100111100000001110011110000101110010011110010100000000100111110110100
000001001101101001011111011110101000011100010100010110000111001111001010011000010010011110011010
000100111100011000110101011010111111101111000100110101001000011011101101011011101110110001111101
100111011110111000010100110110100011111011010011110111111001100101010111111010110110001101111111
001011110110000011111101010111001011011101011100110011001000001111000000010111011000000111001011
000100100111010011001010100101000001101101101010000110100011101101111110011011100000000010101110
001111001001000001110010100001101001100011001100100000000000100111011010101010000101111011101101
100100010011100000101100100111100111100101101111100001001110011010101000110011100100111001011100
110110011011111001101011100110101100000010000101100000100110110011111101011000010110011000100101
010100110111110011001001010001100110011011110110001000100001100000101001001101101100101100101011
001010100111101100001001001110001100111100111010101000010001001101011111001110011100010111000100
011101001001000100001000000001110110010110111000100110011000110110000110101011111000011100101001
101010110101000000011101000111011010111110110110111101100001110111001010010011110000001100100000
110011001001000010110110001000111110010111100110000000001011110101011110011110001000010111100101
100110010110111001010011000001111110011010110011110001000001010011100100011111000000011011101111
001101101001000111010010111011001110101110001111011011110011011101010111100011110100000101010011
111101101101000101111000001010100100000100111000101101110111111101010111000100110010000100101101
000001111010011010111100011011001000010010001010000110111111010010101111000010000011111111000011
000101010001110111001110001111100110101111001010101000001100100111111000110110111000000101100011
100010011011000001001100110110010000001010100001001110110001111100011111110110100000110000110111
100000001001011110101110001110000001011100001011010111001000010110010000000001100010110101101111
011111011010010101011010110100101110100000011011000001111110111101001001111111100100110110101101
111101100110000100111101000111000101000100010111100110111111001001101100111000101010011000001100
101000111011000010101010110010000110011010110111011111111010101101100011101101100111110010011100
110010000101110000101101001000100010010101010111111100111101010101101101000110111000011101111111
001000000010010111010000010010111111000101010000110010110100011001000100010010011000010111000000
101100100101111101000000111000011110011101110011101100101010111001110010000110111001101110101101
001110010110100000010001111100011010010101011100001011111101010000110101011001010011011101010110
101110101001001100111110010110001110100011001101000010110100100001110000110011010011100110000011
010011111011011001000100101111100111111010101001110000011100100010010110101011111001001100100001
001001010111111101111100111100100000001011110101100010011110111011001101101000110010001010010001
110100111101011111010000011000100001010100101000100000110000100001001100011000101011010000101100
010110100000110101110110110111011000011101010100101000100101111010010010101000100110000100100001
000110110010100111010011101100100110101111010110010111010000100011010011110000111101010011000011
001110111111110001101010111110100100100111111011001110001011101000110001011000011010001010100010
100001111001011101011100011101010011111001101100101100011111001110100100011010111000111001000101
110001000101011100011010001111011100110011111011001111100100000000100000000111100101110111000110
111101101001101001001010001010100100110011010000011110100110001000011110110101100011101010010011
101000101100110101101011110101000011111101100110001011101100110000001010011010010011011100100001
100001110111100000100001101010111001101111010011010101111110110010010001101001000110001110111001
111100010011111011100101100000000011001011100100011001111011101111010001110010100000000001111001
101010010001001101000011110001101110110000110100011101011001000001101010100110000011100001011010
101010001010111011011101101000001001000000111101101101011111111111111110011101000001010100111101
100000001000111100010000100011100100001001000000000001010010000101000010001001001101110101000000
010100000011010100000010111111011100011000001100010101011000001011111010111111010110000111001010
100101100001010111000110011001110101110110101000010101110000111110101100010000100101011001101010
110100001010000110101001011011000001110111111101101101000100111110010011100111000111010011000101
000111100100100010000011100001010010000000100011100000000010011010101000111001100000111011010001
101010011111010011111000101101111000101110001100010111001001100100101001010110110000000000110000
001001101001001011001110010001101011011110100000011111000101101111110010011110110100011000111111
010001110110100100010011011101001001011101101011001001111011111111000010001010101101101010010111
001111011001010011001100101011100110010101101001010110111111010111110111110000101010011010111110
010011110010111101101110001100011010001111100101000011011100001101100011111111000100101000011101
101101110100010100110001111011011011101000010111001100110110010010101000000101111111001111111001
110011010100000000000001000001001011111100101101000100111110110101000000010011100111000010000000
101010011100111010100111110110000010111010011101011101001101100111101001110110011111110000011010
111100000011100000111000101010001111010101001110100010110010101111010110011101111001100110011101
101110111100001000110110111101000001101001111010111100010001100100101011011101111110010110000111
010111011000111000101001000011111101101001000111001000001000001000011100000001110110011011001110
000000000010000001111110111001100011111101010111100100010010101100001011011010111101011010110111
101010110001011010110110000000011000100100001001000111110010110100001011000010110101110111100001
011101010011100101001110001010000010000001101000100100110111000111000010011111000110110100101110
001010010100101001100111111010100110000100010111110001010101010011110010100100110110101010010110
001111110001010111000100110101101010101000110100011000011001100110110010111011001101100110010000
111110101100000011100111010010101101111011100000010001111001100101010110111001110101010110001001
110101010000100110001111010001101010010011011110100101011111111111000111111100101101111100001111
101111000111001001000111010111100001101000100010111011101111010010000000111110111010000100101111
101010101000011101001001111001100000100011110101000001101100011000011111111010001111100010010111
100001100101001011011011001100110001110111001001101010100100101001000110111111101000011000110100
111011000001011000111101001001101001111011100101101010000011001000010011001110010111011010101101
111111110011111010101110011000111101100010100100011101011111000111101010010011000101000001011101
111010000000000101010010100011110001110100110111000110001111000011100101001101101000110001110010
101011010100101101011010001111101100010101010100100100001110010101001010000101100101101011111000
100111101000011110100110001100111111011001110010010110100011010111001011100000001111101010111100
110110010001010010001011011011000110111010001101010001101110011010001111001100001110001011100000
000010111001111101100101100000101000001010001100111100001001100000100101110101000100001011101110
100001111110001100000000101010101111000111101000011000111100110110000101110011010110011000001001
010101100100101110111000011101011011101100000001101110001010010000100101010100000110101001101010
010010001111000001101011000100010101000110111111101101110000011011101011010000011001110110111110
101000100000100010111000010000111001010010011011101101001110001010101000000101111010010000111000
110100011111010100100101000101111001110011100110101011111101111010000011011011111101000001011001
001101110110111101111100010100010011010000101001101111010010110001110110100110001101010101100011
000010000010110010111010100010011000111011110001011000011110111010111010000100000000000011000111
110110000010111111011001101110010000011011110100010100110100110100100101000111011001010111000001
100000100000100100001101111001100101101110101000101000111111001000011010101110000010010100010101
100011000011111100010010101000011000011100011110000100111011111110101101010000001101101000001010
100000101000011111011110101111001001100011000000100110101110010101000000011010011110000111111110
111000101011001010101110010111101111011110100101111111110001101010010101010000010000110010111100
100101111111101011111111110010101011100101110111110001101111100110000001101111011100000000110011
111111111110110011000110101000001101001010100111001111011000100011111110001100110001000110010101
000001110010001100001111101000100111111000000001100000100000111000011011010100010101101111000011
010101011111111010100110011011101001111011001000111100001000101110011110010111011001000110111101
011110110001101111000010001000110111000111110000100111101001000100101000001111011101011010001111
010010101111100010011101001100000010001000111111010111100100110101001010011001000101111111111110
100101010110101000101111101100001101101110111001010000100010000101011101111100101100010101111111
011010001111011000011100111001010001000111101110110100111100001101110101001101001000100010110111
111011110101100011000011010100111111110100001011100100111111010101000001010000101010000011100111
011110100110011111000001110000110001110111100111010101000010110000010000110011101111111011000001
001010011010001111011100001110110000010111101010111110100010110011010001101010101000000000100011
001001101111110000111010101001010110100101101010011010111110101101101110001110110011110110111001
001100110111000111111100001010110101100001000111001011111100110001011001101100010101110110011111
001111011111001010110110010110111100010011001110100110101010011100001011101001111111111001001101
011001011100100010110101111110100010000001000000100001010100100101101000001000001100001010110110
111100110000110011111111001100101000010110100011011001100110010011000111100100010010100100111100
000011010100000100101111101000011101000010000100011101001100101101111101001010110001001001101111
011101010000000010010110011110000110100111010110100101001111101101100111001011001111100111001111
000011101101101000011000101111010100100010101101111011110111011111111101100110111110001010101010
100001010101101101011101001110110010100000001111011011110011011100010100011101101110110111011101
001110001011110111000100111110101000101111100111111010011001010010000010010001100010101001110111
