011011001000110010010111100001111011001110100010101000111100101010100111010000000100001000001001
100011111010100001000110110010100011111101001011101010100101000111110101110011010100000100101010
100011010111011001111010001010010101110001000110010110101010111111101001001110111110001010110100
000101001010000100110001111001000110010110101110101000101110111100000111110100011000111111011111
011001001100001010110111001011000110001010001010011100100011000111101000001011001001010110111010
000111100001000000011111010010000101001111100100010111010100001100110001010000101110011000100111
010000101011101001100010010010010111110011001010111000101111111111100000100110100001010011011100
010001100110000100011001110111010111001101011111001010011001001101011011000100000000001000010001
000101111011001111011100011010001111000000000110111110111000001010101010010101000100101001000000
100010101100011110100101010011010001001110010010011100011001001101110011010000001010011000000010
001001000011100110010100001110010111000001110110110000000100000010001111000111101110011011011110
010101111001111001000000000111001100001110111011011111101110011010111001010100110001000100110010
101100001100110001100001110000111110110001111001110111100101001000110100011010010111011110010010
000001101110111010000110011101000110001111001111010011010100000000110101001101001110101011000100
010010110111110010101000110101100000110101110000011100011111000001011111000010000000101111000111
110101100101101101000110011000001101001101011011010011000111100111100100100011011101101000100110
110100010001001100110110100000100110011100011100010101100101101110100000001100101000010100110111
001010110100110110100111011100000011001010100010111111100110101010011000101110101110010000011011
100111000010000001011100001111110010100101110111111000001110001100000101111111100101100101010101
001011010011011001000001100011001010100011010010100100001110011100011100001000111011100111101011
100000101010000000100111101110010101000011111000001101010011000011010010100100001110110010111001
010000101001010100111100010001100111010111011011000100001111011011010100011101110101010010000010
111011110011101101001011010000010000110000001101111001100010100101111010011011111010110111100011
100100000100010011101100110101011101111010011001001101111010111010101000101010110000111100001101
001100101000010010110000000010000001001000010001000010000001010011000111110010110000001000100111
101110010011111000111000000101110000101010000001110000000100001011011001010100000111101111011001
000001001011001110100100101101110110000111101110000100001110001111010010011111011001001100110101
000011101111111110111010001010101001111001100000100000001010001100000111001010111111010100101010
111100111001111100000101111001111101111001101001100011000001001111100111001110000011011111010100
100010100110000001101110110000010001000010001000000011110101001011000010100000110110011011100011
111001001010000111010110001000011111010110110111110101100100100011011011101001101010101010001011
011010010000101101111111000010101000100000001100101011011101111111011000111100111001111001110101
101111101110010110000110000011001001001000100001001111000110010011011000000001111001011000110110
011010100011000011111111101101001010010001001111111110111000011110000111001101011100000011110001
100010001100010010010011100110011100110111111100100101001101011110001101100010110010000011011000
000000100111010101011001111111110111000001100001000000010010101000111101101110011100110010001010
010101010000100011101011100001010000101000110011011001000001000000110010100000110101001110100101
001010010101011111100111101011111100001111011000011000000110101011000001010111010000011100000110
110000111111101010001110000101110100010011011101110001001000100100001111000111110100011000101100
101001000001011111000000110110001000111101010111110111110011110110100111001000100000010100100001
001000001001101111001000110111100100100111001000111111111000111010010010110010011001101011011110
110110001010000111100111111000011010000000001001101101000000101101011000100001000000111110101000
010111000000010010000110110111010100111010101110100011110110111110001111001011111011000010000110
110101010010100101011001100001101010100001110001001010101100111001000011001001111010000101101100
111101110001011101100001000110100100011001111010011110100110100110010011001100100011101110110100
000011010011010001011010001000101110111100111101011010001101100010011011010011011101010111100010
010001010111001010101100111001110000001101111100101001000100000000111010000011010001100011010000
111101010100010110110011100100001000000011010111000001110010001110101100010111110000111010100001
000111011110111010010001101111011110100100000001101001010101011100111100000101110011000010001000
010011110110001101110100100111100101110101111011111000110010011101011110110010011111100011011111
111010010100100001010000011011000101000001011001111100010110110000001001110110110000110101000010
001011010100000001101111100101101101010101010010110000000101010100111011111010001101100100110101
110111111101001010101001011000010111111001101001000001101100000010111111101011111011100011101111
000011101110001111100101010101101100011100010010011011101101100000101111100110101110001000111011
011000001110111111000111100100100010110111010010111010101111111000111110101101111101111101101101
100111001011000110001011010010010001011010000110001110110111111011111011110010010101001100011111
100001011100000101011011000010011001111101100011001011000010110110111011111001000101101000110110
110111100000110011001111100001010001000110111100001100000000111110101110001111110101110001101011
100001110110100100001110010101100001100110101111101001101111010000011001110110001101000101101000
000100111111110100001111101001101110010010010100000000010001000001111000001001100010110010011100
011000110110110110110110001001000010110011000100100100010001010010010111110010000001010100101010
100000100111100101010110111001000001111011000001000000010001001111010000000001100011100000100110
000111100010000100011011100101111001110101100110010000110101001111111011011010111011010111110111
100100010110100010110111011001011111110011010100010011110001001001100111110011001100110011100100
001101010001101011001001010011011101000011110011000101111111011101110011010011101111001000100100
000100110110101101110001010011001110100011011101111001110111011100011100111001110110110111100001
100011000010111111101011000111100100010000000010101110100010001011011001011000001011111011010110
100000110001110001011010100101000010111001111011111001101111101111011011100111111000111000101010
000101010001000001001011111000011000011111010110010111010011011001001000000111100111000100011010
100010100000101101110101110000010110101110101110000111110110101110001000001110001111000010010001
101001111101001111100000101100011011100110110001010000110010001110111010010101111001000100101000
000110011000101000110000111101110010101101000110111101101110011101011111000111111111000011001000
100101001111100011101100100100011010000100010110011111001000111101100101100110111000110000010110
100001001110110111110001001110001111001010001111001110111100001001010101000101110000100111001001
010110110001111001100011000101110001001010101011011000111100110000000111101101000100111100101101
010010011000101110101010000000110001010001101100001111100100101111101010110010011100000011000000
100001100000101011011011101001001101100000001110000011011110101101011011111000110110011001011010
111100011110000000100010110010111110100110001111101100101100111001000100110000010001101101100011
101111001110111000110111001111101011010111101111001001110010100111011110000100001110111100001100
011100000001000011010010100101100000010111100010111011001110010111110011110000101010001111101011
111101000010001010101101110111011010101011111110011001110100010111110001111111100110000001000110
110010101000010010000101000001000010111111111100010111011011011101100011100101101010011000110110
000001111010011101110011111000000000111100011101101001100110000000010010110011010011100001011010
100101100000101101001111000011011100000101101010100110001100000100101000100100011001011001010011
110101101000101101101101111100000001010000110110100101000111100000001011110100100110010101100100
100001011100100101111101010001100001000110011101110100001100111001000101110110111101010110110010
111110111000111001100100100001111010000001011011011001110010110011011000000001101011011100100110
001001001100110001000000101100000101001010100010101001011100110110100010100000100111010000110110
110011111100110111111010010001111010101100111010000111100111010010101010011101010000110001101101
101100011010001000100100010101100010001111110100000001101111100001001111011010111000111001011111
001001000001011110001100001001100000000101100100000100100010010111001011110000101100111010100001
101011100100111111000101011000010011010011000010110011101001110100100100101010110111110100110110
111011011110111000000100110101100001000011100111000110001001001000110010110001001001111101111111
110111101011110000010001100111000110111110000010110010111101010111010111001110000101000000110010
000111110000110100100110000001111110111010010101011111000100101100000000101110110001010100110011
100000011101101110101001000101110000111110010111110010000111110100110111011111101111010000001100
101011111010100111100100101000101111000110110110011000001010100011101010111111110100011011010000
010100111101110011001001001111010011100011111100001100010111010101001000111110101000101111011101
111010010111110111001010010110000110110100100101100011111111101001000100100001010110110101000101
100100111111111011010011011001011100011011111000100001110101010001100101100100111100001111100101
111101010111001111010010001100011101110011100010110001010111000101100101110000000101110111100110
101011001111010111110001111010010010101101000110000011110110001000011011111011100100011100100010
001001000010100100010001100110011111010111101010101111011111011011111001101110100011001110011101
111101101100011101011010101010100101100111110110001100001111001100011001111011100110011101101110
111001111001101011010110010010011000110100000010110101010010111001111110010110001011101000000101
101111101100110011000110010011110100010000110000011111000010000100110100001000101111110110111100
000101111111011110110110010100100101101111100111001110111101100111011110100010101010010100010110
001101111001110011111010011000000010110001110000010101001011111110011111010001011000001001000010
111111011000110111011001101111110100101000001011011101001101011010011101001101111001100001110110
111101011001011101101111110010001011100010100000101101010111101001110101000110100101100101011001
111110001101100011100011111011111000000010110000101110111001010010000000001110010011010000110011
011000000010111100100010100011011100110101111001011011011010000101111011100110110001100010001000
111011110010000100010010000010001011111001001011100111100111010010111100111100000001000000011110
000010000000100001110101110100011010111010001111101101001110101000110111110011010011001110110110
001100111101100001000010111010000001101101011010001110100101011011001000011011110110001100111101
001111011010100101110100101001100011111111101110010001111000001110110110110001011110001100011110
011010101000111110000001000010111100000111010010010111011001110111000110101001010111100010001110
010010011111100001111010010100001000100011111101010000110101010010001110100111000000011010111100
110001010010110011101110100001100110010101000111101110110101110010110011111111011110110001011101
001100110110010110101111101000001100010101010101011100011011100100011100001000111000001001110011
100001001101101110010010010011001000100111011000011110010001110100010000100100000111000110011111
000010100100010010111010110011000101000101101111101101000011100010101010100011101110011111101101
011001100100111010001000101011000110110010011001101000100011100000001101000001011000011000010010
111110001101001110000110100111110001000100101101000101101100011010101001001001100010111001101100
101101010001011010000100100000101110110100110011001100010110001101000100000000001010111000110010
111101011110011101000011001111001011010010000111110010100000110100101111111010000101000011101110
111110001111000011110000101000001011000110010001110100010111110000111101110010111000000001101100
010110001110111001000010101111110010010000110001011100101110100111010010100101010000001000000111
011000101011110100010101011111110100010011110110100101101100111001001010110010011000001111101011
011110010110111011010001010110000111111110011011000100100101001110000111101011111101010000111010
011000011101000001110001001000000111110010001101111110001100011101101110011010110011001000000101
011010011111111000100000101101011111111000001101110110011001010110100001000111111000000111011101
011110011011010000011000010101001100010111001110110011001100001100011011001000101001000111111101
011001101101011111010001110100000001101100001111110101111000111000010000000100010011011000000011
000010010010100010100111110011001111110010010010010100000001000101011000101110001110101010001111
001100100000100011000110000010000011001111110101001011101011010010101000110101101000011101011010
010101001010011101000111001110001000100001110110001101111111100010101001011001111110001011101010
101000011001100001011101100011010011110111101010100011101110111100011101111111011110111011111001
011110001111011101000110001011110011111011101001000011111111010000110110011100101111111110001010
101101011111101001110011001001010010000010111001111100010011101111101110000001100001011100101000
100001100011110110110001110110110000110000011001111000000011010011101101110011001010010010100001
110101000110111101101011111011000011011101001000111000011001011110000000110011010110100001101000
101110110000110011110001111001001011100001010001100010000101000110001010010111101101101111000100
100100011001010100110010110101010001001100011010101111100001011100101101001000101111100100111010
010111100000001101100011101100110000100001111101100101110010001100010001011000100100100001101110
100101111110001011010110010101111011101001111110010010101111110110001101010100111110001000010011
100000100100011110111100100001010000001101110011101101101100010111000000101111111110001101010110
100011011000011001001101110001110111000011000111011111110011001100000110010011101111010001001010
110110011100000110001100010101001001101110010011000010001101100111000100010001011100100000010000
010011010010101011101111010111101110011100010111101000101010101100100010111010011001001100111100
000100011001111000110111000100011111110111011110000011110111001110010100000001011001011110011011
101010101011000000001111010000110111111011100001001111011101101000010101000011100000101001101111
001101111000000110100110010100000001110000010110011000111010101100101110011100101010010001101100
010010101110111100000010101010111110000010101010001100100100011000101000100000100010110001101010
001001000110001010010010001100100100000110101111000111001001011110101010011101110111000011001111
100111001111111001000101100100111001100101111101101010001110011100101000001101000011000010110111
001011100001110110000000101101111110110001001111100110001000000101011100110010001011011011010001
111111111101101010101110011110111000000111011000100001000100111110011111111100011111110101110000
010011011000111101001001000011011010010111001100010100100100101000000100001010111010000110011101
111100101101101100011111001000100101010011100110010100100000111000011111111101000110000000011111
011110110001101110001101011000100101101011010100011100001100011011001000100111010101010011010100
001011001100101011000001101101101000101001100000011111110110011010000010101111001101011100101001
100111000010100010101000001011001010001110001001111110010110111011000101010011000001001101111110
100001111101011111101101011110100000010011100100110110001010111000100011101011011011011010001011
100111100010110011100101100011100010000011010110001111111001000000100100010000110000100011000010
010101001111101010000100111110100111111001111010010111001110100100111000011110110101111000101000
101001001010000110000001110111000111011111101001000001101000011011000011001000110110000100001110
101100000100011000001110001010110000010000111011110100011111100010010111110000001110110000000011
010100111110011000010100110001110101100010110001001000111000001001001101100000101000101100111010
001101010100001010111101111111000110011000001011001101100110110110000001110011110000110011001010
011111100001101100010111010001110011110010100100001101101001010110110011101110011000111100111110
010100101011011110001100001000010011100101111100110101000111110000001001001000000111010110011111
100101000001100101101100111110010100101011110011111000100000101000011000000000100011101110000000
100011001001111001010101011110110100101111111011010000101110001010100000111100100011001001101011
111000001011100010100101101100110101100111111000011001010011111001010110001100101010010011101011
000101000101111001001100001110010110101010111001111010000110010000101011001110111011011111100100
010011011011101100000011101010100000100111010101101101000000101111010010100100000011000001111100
110110000001011010000111111101000101110111100110101110001100011001111101101111101001101001011000
111011001111001001001101111001111010001111001001010011000101111111000011010110011010011101001100
111110010100000011010001010011100011011011101001000001011001111100011000001000011111110011011110
001010110010101010101010101101000010111001100111110110110000011010110111010011001000101100100011
100101001110001100010011100111010001011100100100001110111011000111001101011000110101001001100000
000100001110000111011101001011101101010110110011010111001000110001010110000010001001111101101100
010110101110110000100001110000100110101001101000000000100101001111111110001111011110001100100001
101101101101000110010010100111101011110110011101100110001111100100100011111101101111010011100110
110101001001100101110011100000011010110100000000110100011011001100000010111011110111111010111010
001010111110010001010100001011111000100110101011010001010100011011111011001101111110010011001010
111001011011010011111000000100011111000110111001011001010010011011100011100001001100000111010100
001110101110011001000110001110101010111000001100100110000010101001011111111010000000010001110000
000111111011101010000000011101010101000101010101000000111000111000010101001110110100100011001001
111011010011100010100100001010011101111010001000011101100101100010101000101100001111011110000000
000001001011011111100011010001011011100111101110101101100000000011101110001001000001100111011110
100010100010101111001111001001011100010010111100110000000001100100010001101101100101011000111110
000100011000111110111100010011111111101110101011000101101110000011000100110101111011000000101101
000001110011001011000010111101011011101111100010001000110101110111011111110100101011000101110011
111011111110100110000000100111011000000011010000110101100000010000100011011110111000010101010100
100101000011101001010001110010011111111000001011010110010111011101100110001000010110101000001101
001011000011101010010011100010111011011110001011101111111101001110101011001110111111100111111000
111010001010110001110010101011011001010101001000010100100100010001101010100110000010011010001011
001010110010000111010110100010010110000100000100111101100001111000101011100001111001001111101010
000100000100010000000000010100100111000011111100010101100001000101011111011101101100011110101100
100110110110011000011110011010101101010000101110010000010110111100101101000100011010110010000110
100010001110011000100010001101101000111001110011110001010001000110010001010001101000110001101101
001100011000000110001111001111001001110110011101110010100111000010101011111001010011011001010011
100111010000001101110001101010000100001000101011010111001101110110000010110111101100110100010110
101001010010000001110010100000011110000110010000110101110100000001100001101111101110110101000111
011011101110011101010100111011011011010111101101000110000000110001010110010000001100101110111000
100110001011100010111100000010110001111010000000110110100100101011101010100111001100100101000100
110001011000110010000011111100111001000111011000110101100110111101111101010101001100001100110011
010101001101111011010011001100101100001111110111000100010111111101101111101000010001000110111001
000001001101100001110101110100100011111000000011111001111110100101010101010100010010011100000011
001101000101010010100000100110101110000000110011100011001001101001100000111011001010011001111100
010101100001100011011011001111111011010000000011101010101011000000110011000010101110010010010110
100101001000001010011011000011011110001011101100110010111110001101010111100010001111001101111011
100101110001000111101010101000001001001111011111110100001011110011100010001011001111101101101001
110110111111111110001111001110000001011001011100111000001000011110110111010100111010000110100110
010110111000100111101110111010001110010110101101011000000100011011011111001011110000110100010110
111000101100010011100010011111000000010110101110010101011100110010101011010101101111101001011111
111001000001100000011110001111011011100111000110101101001000010001111111100010000011010110001001
101110000010011101000101101001110010100110010101111110100001010100110000101011010000111001011100
000111000001001111110011101111010001100111100000000100000100111110011011010000010100001000110011
111100011110101110100011011111111011111110100000100110000000101101001000010011101010110100001010
011011011000100100011000010001001110111111110100101100011101100011011001110101000111011001100011
000111001010111000111110101011111110111111001010010110100010011010010010010100101110001101111110
010011101101001101111110001110110100010010110111111110101001010100010111111110011101110100111101
111010011111010100010011111000011010100100001000000011010010011000000001110101000101010001100101
100011000110010101011100111001010000111100100011000100100100010110011110010101100101001001101000
100001101001000011001010101010100000111100101001000001000100111001101110001100000000011100101111
101001110011110011100111100101111110010001001110001111100111010010101011001001100011101011101100
000101100010000010000101100110101110000100001110001101000010010011100010000001101010111111001001
010000101101100010010010101110001101000110000010010010111011111110010111100111100110011010011011
001110000111001000010001100100110111001111100000000000101111100011100111010000010010000110101010
110001000010101011000000111010110010011111100001101000010100011111101100101001011111110001001100
111000111101011011100011110001101011110100000011110100101100011000111010010011010100101000000000
001100100000101111000000100101011110010001110100110010101001001111001110000011111111001100101001
111100011101100010010011100000011101101010011010111001001110011000010010101111010001111110011100
111110011011111001000000010100111001000100110101101001101011011110100001111010100111100101101111
011111011111000110000010000100110100001010010001111011100000110001110111111000110101101010100111
110111100011011010100000010110100101110111110111010011011000101111100000010111011100000100100011
001001101001000100100111000010101001001100110100000100001101010101111011000011011001011101000010
001110100010000101001001011110001010001010101101001011010011110010100101101101011100100010000110
100101101011011011010010010010010111000111100111110000100010101000010111001100101010101110100100
101100001110001010101110101010100111100111100011100101111000010001001101000010011111011001011100
001101011010110111010010100010011110001111111011110001010000100110111010001101101110011000111011
000010111111011010011000110101000001001111001101110001000111101000001000001011101010001010011101
111111010010001010000000111001100010111000000010101100000100101100010101010010010011111101010001
111011010101110010011011101000110111011101010000100101011010100010010110100010000000010100010010
010110110101100001001001110111100101011001100001101011011111111010110010011100101100111011100101
100101100011011011110110000101101111000011101001000001100111110101010011111001110011000100101001
001001010010000100010001110100011110111000000111110001110011010000011010101100010000101101000001
000110101101101000011110100001101010001000110111100011111011011110110010011101001011011010010111
011000100000011010010001001010111001000011101100100011101010001111011001111111110011110011110100
110110010010100100100101101010011000010100010100101010100110111001010000101110111011111100010000
101001000101000100011111001010001110101111101101101000101101011010000010011111000001000111000000
100000010011010101111110010100001001110100100100000111101011011000001010010011001011001111110111
011110111111011011100111000101001101001010000011001101100000010010111111011100011100001110010100
000101000100010011011000011001001111001010100011111111111110100001001111100001010111111001011111
100000110011111100111111110111001101011100000100011001010110011001110100000100101110110100101100
110010111000101001101011101000000000011001110010110111001000011101010101101111100100101100111101
101000000110011111011110100111011111111000000001001011111100111101011100001110110010111101001101
000001111001011100010001001100010100000010001111100000111101100010111001000000000010000111111010
101101001110011110100110001001001111111100011000110110001110001100001111011101110011001111010101
010001100111110111100100110011011000110100101111001011100110110111000100011110001100011110110110
100001011101011000111100001100000000001010010101000010110010010010001110011101000100001101011111
110010001111110000000010111011111000001100101001011110110000110111001000001001101000010100001110
000011101110100000100111101010111100001000110101100001010110101100001001011010011011000111000011
000110100010001101001010100010100111111001111001001000101001011111010101111111101001010011011011
110000011010100101001000001001011000110100111011000010011101011110111111100000111001000010100110
101010101100110101101011010101101101000100110111100110001010111110010011001101111000110111101011
111010001011000111111100111011011000000000011101110000011100100101111010101000000110100000010001
100010101111111000001000000000001101010011100111010000001111010001101000000100100001001100000001
000011100110010010001100110111010011001011011101001101001000101010000001100111010000011001101001
011001001110000100110110111100011101001101011011010100101101100100111010000011101111001110100101
111011001101000100111000110011110100110100100100010001001100111101001100000110100111111011101001
000101111100000010011101111000110100110000011110001100110101100001101111100001011110111100100100
001011010101011000101101111110010000111010000100010000000010110100011111001010000100011100110101
010001101111011000000000000001100111100111111100011100100011111000010101101110011101010010010110
001111110011101100010100011101100101001111100111000101000110001011010000000100100111110011100100
000100111011011001010001000011000111010110010101011101111011001110000101001000101110110100111000
100011000101010100101000101101101101010100000101010101011111100010110010010010010001011101001000
100010100100101101010010011111010110110111100001110000101010111100011100111011101000101010000001
011000110101100111011111101010001110001011111000010000000011101110111011000111100001110010000110
000100100101101111001011001101110011100010001111010101010111011101001010101100101000111110101010
101100110111011010010011011011111000101100100110001001000110100110101110011101001101011010010100
110001101001100010011111110101100010101111010011101011100011110101001110010011110100111111111111
111101100110100100101111001010101000111001010001000011010000100111101001010111011010110011000100
011101101000001100010001010001000000111000110100001110000100001010100101011110101010100101101100
101100001000110011101010011101010111000010011011011011001110110010010100010111000111011100111110
101001010110010001011110010101011110011010110000000110111100101000111110010011100011101001011111
010100100100101000100010110110010001011100010011101101001100010010101011010100111010010111100100
101010100010101100111001100011011011011101001011110110000011110111101011111000101000010000001100
100110100010110111101100111110110000001110111101001001011010010100111011101110010010101100111110
001111101101001111101011110001000000001010101010000111111111001011110000000110000010001110000001
110111010001000111100000111100011100110001010000100011111111010011110001010000101101110111011110
000110011110111111001111010010110110100110011101100011000010001000101110111011000010011110111110
111100101111100001111100010010001010000111101100101111000110110010000111001001011110010111101110
110101111111111011001010011001100110000100110101110000110001111110100100111010001000011010011010
111000101011101111100110010111011111010100100100010110001110010110000001000010000111010010111010
011100110010111000011001011000010101001111101101001101110111110010001101100010011100100011110111
110110101111001110000010100101011011111100011011110011100110100100001000011011011011000110101010
011110100110100110000111110111101010101111010011011101001100001001000001100110001010100011010010
100111001000100000001000100001100000000010010011100111100110010001110111100100111011100011011110
101010110000100101000010000011011000010101011110110011001011001111011000000110011011100011100111
010101000110001110010111000101010100010000011001011100011111101010000101111111011111010100011111
101110111111101001010001001101010110100101010101101011001100011111011011001010000010101001101100
111000001101010001000001111011000000010101100111001110111011101100100111011010100110011100011010
100000011101011111101111000011110111110100011100101010100001100100010000001101100100101011110111
111100000010100101100000111001011001100111110011001101011101111110101000001100011000110101000111
100011110011100101110010010101011001010101001111100001100000111111101000011100110110011110100101
011100000000110010001000100010010001111111011011001000110101010110011101010101110100010111100001
100110000011100110001000010000101101000110101110101000001101001011101101000010010000100100000111
111011100010010001110000101010011100101111010110000001110011011111110100101110100111100100101110
111011010001000101110011000101110101001011100101010011011001100101011110010101001111000000111100
101010000000011110101010101011000001010101110101001001100001111100111001010111001000000110100011
000010011100101110000010110000000100111100000100110111110101010011000010010110011010101000110111
100000010011011011101111111010100111101110000101001001101101010111000011111010111101010111000101
111000101110110001111111100001100001101110110000010110010001110001101100100101000010110101110001
000100010100010101011011100000010010010111110110000000001010110011011111110000001011011100111011
001011110001000100100011010010110111010100110101100001010110110001000101001010100000101011011101
010101111001001111000110100101010000011101000101010111000100100011110010000011100000101011110100
000001000011101100000011101010111110001010100101100111111010110000001011001111110010011101110110
010111111011101111100010100100111000100001100011010000110111111010110110010001110010101010000011
001111101010101010000000010111011010100100001100101100000000110101111101101110110101111010011000
010110001110100100011000101110111001011011110010001011001100001011001111001110001100011010010101
001010110111010100100000110010010101100100100001110010001011011110100100101110011111110000110000
000010101010111010001100101010000110011011100100010000101100100010000110100000110010111001010011
010101111101111011010111000010011000011011100110000111110111010100111111110010100011011001101111
001011111100011111111110101101101100011010001111001011101010001010111101001001101101110001011000
000010000110010100001110100101110110010110011110101000000000101111111100011010101011000010011011
100011010011000010000111111111011111110000001010110111101110100010100000010111001101011010001110
100110011000100111111110101010100101101110111001010110101100000101111110001111100101010010110100
001110110110100100100000110010011101101101010111000010110111000010110010011011110110001011101100
100101110110110101010101110001010000110110011001001000110001000110010101100000110110000101100101
001110101111101111110111001101001010001011000111010110110110111111000110011110000011100001000101
100001101101111101011101000101010101110110001110000100111010010000100000001010011010101000000111
111001101001010100001100000001100001001000011010001110001000110011110101111110110000110101110111
110110010011011001010000000010001001010010010100110110101111011110101010111000000101110001100111
101011001010001000101111110001100111001111010000110000011111010101100100010111001001011011011110
110101111001010010110111101111100100100111001001100101000011111110111000010011000111011001000110
011011100111110010100111000010101110000101100010001100101100011001001111111010011000010110011010
011001100001011100011001000111111011000101110001100111001001011111010000100111110001010100001011
100011111111111011110101000001101111101000100101111011000000101000111001101010010001001000000101
110000110001010010010001110101001110001111011000100000000111101011101000111011001100101110011000
000111011100111111101110001000011010101100000110011011110011001011000111001100011101110010011011
011111011000100000100001100111010001101000100010101110111101010100110000010110111011010100101110
011110010001010101110011001011011101010111100010110000100000010000110010110010001000001001101010
000100001010110110101110001010100000110000110001011001100101110011100111100101101100110101010011
101100011000111110001011101011111001010100000001011000111000001111000110011111110100110101101100
100001110101110010110100111010111111001000010010110100001011100101111000110111011001100110110001
001101110101010111101110000001110100101101000111111011110111011111110001000010100110101101100110
001001001110001010010001001010011011111111011111101110011100011110111011001001010010100010111111
100011010110111101001111110001001011001010011010111010111000011101100001000100100010011111101010
010101100010110000010100010000001010110110101010111001011111010010001000100100011111001001101000
001110110110010000101101110011010010100000000011000101100110110100100001111101101100111011100010
110111110010100110010010011100000011111100101101010011000010110101100001000001011011001001101110
101101100010100000000010011111010000111111001001101011110111000110010110111100011000010011000101
101110110010100011110010000110101010011100000010101100111110100111000111100011111100101001101000
111111011101100011101011010000000111011101010011100000100001000101000100011010110111110011011111
110010010010101110010001100001011111111001111011011011011001111111100011101010110100011011100000
100011010011011100101001011100100010101111000011000010010001011001001011011110001000101100101111
000001111001111010011000010111001100100000111100000010001010100001001110110101000001111110001000
001100001110110101111111111000011010111000110100010101011011011011101010010110001100011011110000
101101111101100001001001011111110110011100100001011111000100011001101001000000101000100001011011
111101000101100111100101000001010111001000111100000001000001011010001100001011001110110010101111
010101101001001101000011100010011000001001111010111101111110011010010101100100000100010001111011
000101110100010100010100001010010011010100111110111010101001110110111110101000001111010111111101
100101000010010110111111001110110001011110101110101010001000001110101000101000100010100100010111
100100001011000011000100001110010001011110010111100001011101010100000011100010000001100101000001
111110011111010011011111000001101010011101110011000001010111000110100111111101010000100100110101
011011101111001010101011100011110111110001100100100101010000001110110101001000111010000010110110
110011000111111001010110111100101011100010011010100111010010000010001110111010010011010100000000
001011111111110101101111001110111010001101011001110001011000010011101000101010010100110100111010
000011100001101100011000000000101011000110100101110011001001100100000111100100010110101110101101
001101110101001101000010100000100010100100110101001010100011100101101010100111111011010100001101
010001000011100001001100011010100011010011100101110000000011101101101111010100011011001100101000
011001000110100111111111101011110110101101001101001010011111100011010101100101000011101000100101
011100100101101001000111110111110111111100111110011110011010110100011101110111101100001010100010
100010100001100010100011010001000100110111010011000111100011011000000010010101111001000011100110
101001110001110010010000010101100010000110010110001101110011101111011011111111110110010110101100
111011101111110100110110100011110111101011110101011111010111011110001010110101001110001101010000
100110101011000011000011100101110000001101111100010011011101000011101001011101001111111111011000
000110101000110110010000100101010101000011101011111100010100001101001100011011111111000010111111
010111001101000001101000011110111101011101110001101101101001001001100111000101101010011011110011
010100101100011101111100001100111011000110011100011111000101010101101110110111011110101000000100
011100001010010001101010100110011011111000001001110100101010000100110001001011101000100000001100
101010000111111000110011111110010110010001000111011010101110001001100010111111111000011011111011
111001111010001010000001010011000101100110100111101000111110011011101011000000011000000011101100
010110101011001111001101111110110000111001001000100101001001001110101000100010100110110111000110
101010100111111101001110000111101111100111010000011011001010110100100110101011101001111001010001
111011011111111111111110111000100011111010011101010011011100011101111010111111100100001010101000
011011010001111110001000011100001110100001100101101111111011111000000110001011100101101111001010
101101101100000111111000010011011010000000000001101100011110100100010110110100010010100000101010
100111101001011110001010001000001110100001100011100110100111100100110001000011011011011001110101
010110010000101000101011001110101001100101000101001001001011111001001010101101001101011100100100
101011111110100001110100000110010100001111000010010011111010100110011001111100110100011100001001
000000100001110010000100111000100011011100100110110110010001010011001110110101100111001110100000
011101101001111101111001010001100011011110111010101000000100101000100100001101110000000111010110
011101111000010110110101011000000101101110101000011000001100100010111001101100110011010110110100
011101001001001100011101011101001110001011011110101010010001100110100100110101010011000100010110
001011001001010110111000111011001010010010100000110111000011111011011011000011101001001000001101
101100111000000000000010000011111100010000011110110011100111000000101011000101001010011111100010
011100010111111011110011000110110001111011000000100110000010001000100000000011110001001010101110
001011101011010111110010111101111001111011000111111000011100000000101111000001001000001110000010
010000111010100101110110011000000000011000111011101111010111111000001100011010100101011111101010
110111000001011011111001000010001100111011000001110011011111100000111111100111111110011100001110
010010001100100100111111010100111111011101001011001000010101111010110000101000111011110110111100
111110111000000011011011001110111110100111010000110001100111111100111000011100010111110000110100
110000011001011110010111010110101111001111000101000011110110001000110010010101001100101010101100
000001111110010011011001011101111100001010110010010101100010011010110101101001001101010011000010
000100100000110110011110011100100000000111011010110111100100000000010011100010100101011001010111
101010100101011001100111110010001110001110001100000001101000101111110110111101110001010100010010
001111110100001011111001110000011001001100010100001010011111000010101101111010111000100110011101
101111000011011110111101001001001000010011111001010100001001111011100000010110100101001010111011
010001011000000110001100000110110100000011011010011100101011011010001001100011111000100101010011
110101100000101010100010001110010101100100000000111100010101010011100001000101011100101101100011
010001101110100011001111001011100110000000111110110010010110011010100011111010010010101110001010
001111010000101010101000001111101011000011100010011010010001000100011011010010110000110010100110
100000011011010100101010001110100001111010101110111111011011011011010010000101100010010001110001
011000000001111001010010101011010100111111110111101111110011111011010110001011101111101100110000
100011111110101011001110011000001010000111110101000001011001000001110001001001010011110110001001
111001100100011101000011100000011011110010110100110101000110110010010000101101111000111110111111
000111101101110011100101000001000000111011100110010101101000110100110111111010011110111110010011
110111111001010110001111010111111110010100000010101111111000111001110110011111111001001001101100
000111111011011110111101010000010101100110100111100100101100111001001010000110110111110001001111
110111011000010010101100000101010011001101011000010010000110111110100001011010010100111100101101
011011001010100001110000100110111110101010101111100100111100100010100110100001111101011111101010
010011011011001001010100100010100111010001010001100110101001010111011000100110110100101001001101
111101111001110010100111111101110111110100110111101111100001000011100001010010011111100100011111
101001110110001111110111101011000101000100000101000000111100110001101101000110111000001101111101
110111010001011001101101111110011110100000100000011111010100000010000111010101100010010101101110
110000111001011111100101100001111111010111000001001000111101000100010001010000010100101001110010
101101111100001111010100111100011010010000111000101110101011110110100001000011011010100100111100
010110110001101011001010100100111011011100100110001101111100101000000010000111100111000100111110
111110001010011010101010011011100011000101010000000100010101110111010010101000001100001111111000
011101111110110101101111001110111000100001110100101111110100111111100011000101100010001010100000
011100101110111100010111010001100110100110010100101000101100000111011000100000100011111110101100
101000010110111111000011111101111011111101100010110100101010110101001101110011111001101001001001
100000100100010100100000110111101001111011101111010010100111000110001000110001001001000011000110
110011000100011111100110110000101001100010110001011101010100101111000011100000110100110110010010
100101010000110100000110000111100100011110101001011001001110000010110010100100100101001000011001
001001111001101101100101010110111100001111001101001101001010111100101010110001011001110101000010
011111001000000111001011000101100111000110100011111000000010100110010001100100100100100001010101
101001111101100001111011111111101111001001001111101101000100001101100001000100000000010001001100
111011110011101000101011001011100111101011101110011000101110000011100011110101111101001011111001
100001110000111000000011000001101101010100100001101111011001010110010101001111011011101101001011
101000010111100110101000011010001000100110100011001110111000000110011111010000101000100000010100
101011011000111010000000001101111111010010110011101011111100110000011111011011100011010110001111
100101110000010011101100000111111110010001010010000011011010010110101011100111110110100011111000
111001101110011111001001000101110100000000011010001110110111111011111110111010110001001111110101
001100001001101100001101111111011000110010011101101110110100001100110100010100101001101011010010
011100110101111011001010111011011011111100010001001100000011001100010111101111101001010110001011
110111010001010010111011001100000110011101000110001001110110000100101111010010110011100111001111
110111011100101101100110000100110001001110100001010001000111110110111000010011000100010010110101
100101101000110001110001010000011011011110000101011101011011001001100111011100110001000101000000
111011000111100010100001010101111010110100100011111101000000111001110110011010111000101111000011
000101110001001001001110010101010011011001000011010001010111011001011100110101100110011100100001
110110001110000101100110110001010001110001010001101100000011111011110011101100000000110111101010
110000001101100111111101011010010101111111001111011000100001010100010001101011110010111100110110
000100000011001101011100100110011001110001110001000111111111101010000011010011000110010111011101
110001110001111000100001111011101000011100001010101011101111100001101100010111000011000011101110
001011011111010001110111010001110100101001110110011101000111000001011011110110111100111101111011
111101010011001101000001100101000001100000011100111011001111010011010001001100110110000111010011
100010111011100100000000110101000011000110101011000001001001010110101010111100101111001111111000
010100110011001010001000100001111011110010010110000111010100001000100111111010010000101010000111
001001000001101011011000110101001011001111001000110000111110000000100111111111100011000001100110
001010101100101001000000000111111000100001111111000101110111100010110101110011010011001101110110
010110111110010010111010000110001100101001111110010001111001100111100001100100110101001011010111
101000100111010011110000111110001111011101011001010110010000100000101010000111010111110001110010
011101011000001111111011100010110110011011011111110100010011111111010110101101111010011011010100
010110110100001101001000101010100000000010101011101111111010111101110000101101101010010010100000
010101111000110011000011111010100010010110001000101001101001110000100100001000000011110111011111
110010010000011101111110011001110111111110110001010101010001010000010101110010110001100101000001
001111001100110000101001101100000101101111000111011101101100011001111000101101101001001001101110
011110110110010001101011000011111111010001000111001111000011101011101001000110011000111010010011
111010111111100011111001101010110110000101000101111011111100100001100101110111111101001101101000
001111100011001001011101010000101001110000110001100000011000000111111000101111010010101001010000
110101000101111000000101010011101101100000111100101011010100010010001110011110101010000001101001
110010111010111001010100110101101001100110011101111100010001011111001111111010011110010010000110
010010111001100110001011000001010101010010110101001101001110111000110111010110001011000100111111
110011000110001001100100110001010111010101110001000111000100001101101110100011110000001011100001
000010111000110110101011000011001001100010111001101110111101001001010110010000101100101010000000
011110001010100011011010101011000011000111111010101110110110011110010010111101110100111001111000
010011111011100100010111000011010000010111010001011101000101011000100001000010110101111101001101
100110111111100010010000100010101101000010101101000101010110111001111001110001110010111110000101
110010010111100001001011100100111100111001011100110000010010001001010010000000111001001001100110
001000100110011111010000101010001110000111010100010111011101101101001010100110101100010011111111
110110001101001111000111001101110010101011010110001101110100111001000010101011001110100101000111
100010000101001100011000001111010111101111101101101011111100010111000100001001010000001000000110
010101001001011101100011001101101100101010010001001101001111010010110111000000000000110010000110
010101111010101010000100111111101011001101010001001000100011101011010011100111101100101100111011
110100000000100010101011010110111001001011110001000100011010011010000000000100001111000110001011
000011101000100000110100110001101000001111101101010011101110001101100111000111011011110011011011
100010001110101100110110100000101100110101110001101001101101011100100010110111010011001100110100
111100101010000110011111100101110010111100000100011001011100011011001101100010101111110111001100
110111101100011111111010101000110111110110101111110110100100010111100001100011011110001111010100
011010001111111111011110011001001110000011011111010100011010111101010000011110101100101101111000
111010100101010011110110000010111101011100001111000010011110110101110100010000111001100011001001
011000111010011011101111111111010101011100011110000101010101000101011110011110011010001001101111
010001001010100000100010001100011011110101000011110000100001000100111111010101010001011111110001
010001011011110000011000000100100100001110000001011011001101110101100001011100011100011001000111
111110001000101010110100100011010100001100010001101111100001001100010001101010011000101000000011
001001101100010011011001100010001010000010111101010001000000001001001101101000111110110100110000
110000001110001111010010011001011111101110101111100001101110011010001100111111010100011101000010
101110110011010011000100100010010000111000011111111010101100010100001000100000111011010100110101
010111000111011111001011011001101111101110110000101111101111001001001011111000010001101001000001
100101100000001100110001100100100111110010001010001110100110000010111101011111011101110111101100
010111101111111101101001001011111101000110010100010100001110011010111110001100000110101010011001
001011011111000001111110110111101100011011111101011101111100101110101100100101111000110010110111
000010011100011101111001001000000010101001100101100011100110000010010111111001111001111001010001
001001010110110011001000111000110010000110111011111001001100000100000101011000010010010011000100
011011110111001000100100010000011110101011110100001110001100111110101111000111010101111011010101
100001100101011101000011111100110110001101110110100101110111011000101000011111011010110110110101
000101011001110101110101110000110100000010101000001100101001111010000101010100000101000100101101
001010010101111000100101111111100000101111101001110100110011011010001110001001101111100010000000
101111010100001111000111100000011111111000110111101001111000001010100111101000010110110000111111
100010001011011101101110010100111100001001110101001100000001000011010011000000010001010110001110
100111010010001110011100000001001101011001010011100100000111001001100000110111101111100101100101
101111100010100111001110001110100010000111001010110000110010101001110001111000011000011011100111
101011011011110100110110010110001110010010110000111001100010001010101000011101000011001010011100
010111000101100001001010000001110101100000011001010100011001101101111100111011111101010111010110
010100010000011000010111110000000010100101110101110001101011010000101100010100100001000001010101
001010011111010000011010000001010011010110001110010110111110101010111110001101110100101100110010
111101100110100011111011100001011010000101111110101011011000100000110111001011111101111101001100
100101001011110101010100111011111011100000101101101010111111110110111001101001111100000010110111
111110110100100100010111100110110100100010011010100010110111110111011000101011001011011101011110
010111111000101011010000001110101111110110101011100100011101001001110001011101101100011111010110
011001010001101000001010101001001110000110100101110100101001000101110011000000000001010110110000
010110100011110001110110011110010001110100001001101010001110010001010001011010110111101100011100
000110001000011100011111010011100110101111110101000110100001110111011001101000011010110101010001
111011110001110010001100000110111100110000100010011010011010000011001011001101101010111000010010
000000001111111111011100011101010011011101001110011010010110000011110000111110010100110100011101
001000010000000010110111000010110010111100111010110010101000001100011011010010001101010011000011
001001010001001000110010110100111010011010011011110010101110001000110101101010111011011101011101
111000000001001010000111110010000001101111100111101101110101001100000000100011111001111110101100
011101110000001101001011001101101010111100110010001000000110011110110100100011100011110010000101
111000001100001111110010101110011101111010110001111000010011010110101001111001110001100100011001
010100001010001100011110100110111111010000110011001001001011110101000010111111100001111001100011
111100101010001010010111100001001110010010000111011010111000010011000001010000100101100111111100
101011110101010101110010010111000000001100110110100001010011101010011011111111101101101101010010
000011000011101011011010000111101111001110001010101110001010100000111000010111101001111000001010
001100110011001111010010110111001111000101111010100000000000110011010000001101110010000100111101
111001111000011011110011011101110101010000111111001000000100001000001010100101010100110000100100
010110011101001110111101000011101011010001011101110001011010101010010110000101000000011110000011
011011010011001001111111111000000001011101101101111100010001111101000100110111110010001100111011
100001011110010010101000100010101001111010110100110010011110110010100110010010000100100011100100
101100101001111110011110100100001000011111001111001001011011110010001011100100100110111011001011
110001000011000000010011000111001100100100001101111100100101100001000100000011001001010101100111
111000000100111010100100000011001011111111110110001011110001111010100101110000101010100101011011
101100010111110000011110011000011100110010000111011100101100101110111010000000100100101110100001
111011110011010010101011110110100110010011110111001001000100001010001011101111011010011011011101
001010100011100001100001110010010010110101011110010110001011110010000010101001110110000111001111
010010011110100011101100010101011111010100111111010010111000101011011010000001100000011111101000
101111110100010101011011101100000001101101001100101111110111100010001101100110001011000101001010
110001001000010110001000011011101101111011110000011111110111000010111011000001001101011010110111
011100100010110110001010000001000000010000111111110100001110100001001011100100010011110101111001
010001101110110111111010110101101011100100000000100111100001110011011100000100011011110100010010
101000001001001001001110000111111101011000100101100011110001100001010001001100011111000100011111
001110110001100100100000011110110001000010111111111100010111010001111101000111101011110101110111
101001001001101101000101001001110101000010011101111100001001100010000101111111110100100101001111
101011111000010010000110101011001010010010110010100011110111110001100011111110011010000100010110
101111000111110100001011000001100111010011000011010101000111001101111000101100011101001101110100
000011001011101011111100011011101001110100000000101101001011101010110111101001010100101101000001
100101011011111010101011111101111101000111001111000001110010001111100010101000000100000001000100
001101110010100100000000001000111000000101010011101110000101001011011101001000101101110011111100
101010010101011001100111001111000110111010101100110011011011011001010001010101100011110111111010
010001001111110000110011000001011101000000110111101100111110100001011111001110100011110101101110
110111001000011001110001111010110010010101100001001001100001110100001001011100111111000100011011
110011100110000111111001000110000000101000000010110101111011111110000000001110101001000110101110
100010000111011100111010000010001101001000000111011111010000001100100001001011111010101100011100
001000011100100101011101001101111011100011000001100011001001110000111000101000001111100011010110
000100111110110111001101110101000010101111111001110000011111011011101010110001110010011010100001
000001001110101100011011001101110111001101011100011010101010111000000000110010100100111101011101
111110101011100001000000011000010011011011010010001110101101010101010010011111100111000010011001
000111001001000010101010110001001111001000110010001101111111100000000111000100110011110100010100
111110000001000001110111000000101101011001100000001110010100011000001110010101011011110011000000
101011011111111011111011110100011000110010010010001011110101101110001010101110100110010111100011
011100101010001110111001001100010010010010011000101011101111010100011010011111100101101011110111
000110111100101011110000000000110001101011011011011101011011001011110000001101100010000000001100
101101010100100010110111111100111010111100110010101011000100001111001111111100110001000100111110
111100100011011100101001101110100100100110011001111110001100011000011000011101110010001111011100
101101110110000111101111110011001101111110011101101111111100011101110100101111111011101000110010
111010101011000110011010110101011010000101011110011000000101110110101100011100110101000100011000
011100100000111100110110111010000000111001110001010001010001000110111100100110111001010101010011
000111011111000101000000001111101010110001101110010011101000101101000100101100101000101000110111
110010101000110111001101100111001001110101011101110010100011101000101011001001110111100111101011
010110100101110001101000100110011010101000110111110001101100110010110011011011011100111000000011
000000001000100010111010000011111101000111111000100110001001000100110101100110100111010111101100
101000101001010001101010000001010011001001111111111000111010011111001101111101011001100001011100
010010110111001101010110110110010100001011001001110010101100010010011111100111101001110000111000
000101111101001110101010110101101101110000000100111011100110111111010011000100110001011011001010
110100110101111001010011101000000110011100111010001110111110010101011010000000111100111111011011
110011110100010100000110111110000101010100001100000000110010100010101101111111011010100011010011
011101001111010100111011010101000011001101010000101111011000000010000101100011011110001110001110
001110001001011101001101100000010101000110101000000100101000000001000000011100011001010100010101
111000111101010010111010100110111011111101001100001101101010001001011001110111111110101010011111
101100010101011001110000111000001010011000101010000010000101010010111011100100111110111111111011
111000001111001000111011111010110110010010101101010010100111010010000111010001101000110001001010
110010001110000111110011011011010000101000100111101100001110000001000110011111000100101010101100
001111100011111110011111000100001010100110100010000001100001101101010110011100011111100101101010
111011001111001111010000011010111111011100110011000111100110101001010110000100110010011110011010
000101000110111010111000000011010100010101110011010000011010100001110010001100110010001010100011
011001010010111100111001100010101000111110010001011101101111010001101011111011100111110001011101
011100110000010000001000011110110100111111101011010001110101001101101100000111110011000011101000
001011100011100111001110111000100110101010100111111110101111011011110111101000001110111100111111
000011101000100001000101001001100110101011100010001010011010111000101000100000001100011001011100
010100010001000000011111000001011010001001011000011000101100010000111000000001010000110100100000
101010100011101100010001100000100000101100101011100011001000111001110001101110000001100111110111
001101000110000011010001000001101111010000010110100000111101110111011101011001011001001010011101
101010011110011010101001111111111001000000111001001111011000000111111111100000001010001001010111
111110111010011100111100001001000101111011111100010111001101101010111001100011101011011111100010
111011001100100110001101110101011111101001100000100110001010000001010001111011101101101000001001
011001101001111000001011110000010100100010101101111100011011111111110010011111111000100101011010
101110011010001011111001111110111011000001011010010100001010101111010110011101010111000000001111
001000000110011111011001010101101011101000101011001111011101101010110100100111011000110000001100
110111001010000111111010110110110101010000000101101010011111011001011101111010001010001100100011
111111001010010111000110101110111110000101001000000110011000101111011010001101111100011101000110
001100101110101110100101111110001110010001001010000100101110100010101111110001101101110101001010
101000001100001000110010011110010010110000100001110111000110010101110010111011111110010110001010
101110011110111110000100011100101101010100110011001010000111011101100110111110000111001000100010
110111110000001000001001111010110001111110011110011110000110000001000101100100000010101011000101
101101000011101101010011011001001110000111001010100100110100111111010001100010101110000111110011
111000101000010000001001100110100000011100000010000101110000010001101101101001000110000101001100
101101011111000111000010000101110101101110101000011111000100111010001011010110001100100010010100
010110111000110011000101001111110111101111100010110010111101101100111101000100011111001100110110
000100101000011010111001001011101010100110001001101111100010101000001111011001001000100110110000
101100000110010011111001010111001111010101110110001010100101110011110110100111101000011101110110
100111001010000001101111110101111101101111111001010000010100000100110011000011111011110110010001
000100101000110111000100101100110010100100010001010110011000010001000101100000010000000110101100
011011100000011100111001001001010100011100010001110001100111111010010001101001001101000111001001
101101100010100010100010000011111001011110111100111011100001011000011001101000101110100101010010
010111001100100100101010000000001111101101101010010110010001001000001001111101000011101010011011
100100111010111011011001001011000100100111100001100010010100100110100011101000011100011011010000
011110010011011100000011110100101011000111111001111100100010101110011111101000001011111001011101
000111001001001000111101010001001101001111110111110001111110101010101011110110111111001011100110
000001000110100010110110011110110010011001001000110100000100011000111101011011101110000010010010
100011110010100001010000101001101100000100110000111101110011000001111110111000000000001000000111
110110111011100111001011111110011110101101110110010011111011110111101100010010011000110101001100
111111010100111100010001000010000011101011011001010010010100011001101011000111000101110000110001
001001101000000010010100001000101001110100111000101110110000000000100010001101101000000111010101
001101111110001010001100011010010001011100101000001110110100000010010110101010000111000111010011
001011110100101101010010011000100100001111101101111001010100000001101010111110100100011110100011
011010000101001001011010000011010101011000111000101010001101111001000100000011011000110010010010
001010100001000111110100110010000110010111100110110110100100110101010011101000100001110101101010
001111000010011011000111100110111101010010111110010010111000010000110000011111010100000001110000
101011001001110100111011010000100100100000000100001111000001100110110011011001010101111101011010
110110011011111010010001011110110111001110100100100100000100011001000101100100111000111100011000
010011111101100110010011101101111100010001111100010001011001110110011111001111001010110110000010
111010001100111000000100110101011101101101100000011101011110010001100101011100111000101101110001
100100101100010101001011100000100011110110001011111011111101001011001010000011110001001011101011
110001001101100111100010110111111001101110001001101010101001110010111001100101001100001011101101
011101001011100110011010011000111000001110100000001001101110011011110000011011110001111100001111
111100010111110100110011000110100111100100000110010110101110100110101010100110110110000011101000
010101000000010011010101000110110110010000011111100111010111111110000001110011011001101111001101
011001111011111101001000001000100010101101010101101111110000111110101101011000101011110010111101
001100011101101011101101100001000111110010001111000000101000110100110110100011111100010101111100
100101100111111110100101101010101101101001101101001110111101000000010111010110010110110011111111
111111100110001101000001000001000011101110011110110101001011101001010100001111010000000110110010
001111011111000010001101010111101011000110000001110100011011100001000001111101000011010010111011
100111101100010010011011001001011111110010010110010010010001100101111000001010010101011101011011
100111101110111000001101000011111010101001001000000111100010010110010101010000100000101011001100
111110101010110001010000100001111000100111100010110110010110000110111011011000100000100101110110
111000011010111100111111000000100010000001010110000111010000101010101101101110110101111011100110
100111001100110010110101011000011110101000110010000100100000010110000011101100011000000110101111
010100001011111101000001001111111100011100100111100011100111100010101100000101100011101011100110
101110101111001011000001000111001011110110010010000111110010010110010110000010110000000101100000
110110110100110101010001100100101010011101011010101000111001101001011100001101110010110001001010
011111011110011011100100100101101000110101000100101100110101101011101011001001001000000011011111
001100010111011010100110110100110100001011011101101100011100010010011010101110000000011001000011
100111000001000000011100110111110111110011101100100001101001011100011000110010011111001111101000
100110111101111110000010111101000001010111111111110100011100001111111110101001100101000011011101
110001010010011000110111011110010010111101101101100000101101110110111111000111100001010110110001
001100010000001110111000100111010101000010011001000001100111010010111111110001010011010111111110
011000100001010101010101011001001100001101101011010011000011010111010101001000010010101000001010
011011101010110110001010101010101110011100101101110000011000010101111011000001110110101010001100
100000110110111001101001011010111000101100011100010001101001101100101001101010001111000111111011
111110000110110010101011101110111011011011001100000101010001111100011000011001010010101010100000
011001000000110101010001111000100011101010010000101010011001010111001110101010000000100010001011
100000000100111000011110011010000100000111000000101110000110010010100100001110111000000010000010
000111000111111101011010011010010110101100001110101001101101001010010010000010101100101110000101
011111101110100010110111001100011000111000011011111101100011111000011011010011001000111011000101
000100000001000011000111101111000101000100011010101000101000100100111101001000100110001000100000
110010101000011100000010010100011010101000000000100011000111110101010111001101010010101100101000
110000100110110111001100011111000011111000100111111100001110111011110111111011011111111111111110
101111111010110110100011000100010101010110011010111000000101110010101111000001111010000100011011
011110100000011111011110011010001000110101110111010011011001111001111100110000011000011000011100
100110010110001111001010001010010101000001001011011101001001001011110101001101000101011111110101
010101100001011000101100100000111101010111100000000010000100011100010110011111000110010111001111
011000101011111010100111010110000001000001011001101110111010111100111010001000001100110100110011
100110000000101001001001001110111100000110010000000001010000011010000011010111101100110011011000
101000110001111001110001010000111011000111101001111001110100100111011000011011011001011010001001
101100010111110000001111110100111111100001001111011100111011111000011101001100000011011010000011
000000100011100111010100000011100010010011100011010101010000010001001110101001100011011000110000
101111011111110011001110000001010101011111100100110000111100100100001101110011000110000000011010
011100100000110010101111111111001111101000001101000100010100011101111100110011110111010110001001
001010100011001010010101010000001111100100101111000101010010000001101001101011001010101010111000
000101000001000111010100010010101101011101011010011100011000000110000010010111110010110001001111
111011000010100011001101101011111001010110110010110001000011111011111100100010001011010110111110
110001010110111101010001001101001111000110011000011100010110111111111001000000010111110010000111
110110101111001011111000010010000111010101110101100001000100001010100011000100111000110000101101
101100010010101111000000000100111001110000101111010001101101110111111110001100010111100011100111
