101110010001110010000001100111100010010110101010011001011111011001110011100000110101001100111110
000011101101111110011111000001010010100101111000000010111110000011111000010110111101101001110001
100000011111100101000111000011010110001001101010010111000011110101010110111010001001010000011011
110100111000101101100001111100011000101011010100011110100100010010111101000110010011011101011110
001001000001000111110001010110010010000001111111000110001101010000010000110000001011111110001001
010000110001111100011011000011011101011100101001010001000101001111001101100011000010100100101100
100111011111100010101111111101001110101000010001110110110000100110010011010001111000101001011110
011001000001101110001010011000000000011000101100110011110001000111110101110011001001101011100101
011001110111011101100001101010101111001110100000001110000111000010100011010111000110011111000100
110110100010010101000001001101111100011011001111111010001001011111001100000001100000000011001000
000000001000100111001000011101111011110001010000000110111000011011010100110000000011101001000100
110000101011101010110100101101110011010001101100110010101010111110001010101111001110101001111000
100011010010101101100100000010010001111001001101000100010010110111110001101001000110111101111011
100010000101010001010111110100010000101110101011101011111000010110110000000001010111100001010011
110111101110100011110110010100100001101101100111000110010110011110111100110111000010011101111101
100101010000000110100101111111110100010110011011011111010100110001000101100001111100101100011001
011001010111110110110110011111000101010110000111010111000001101101000001110111111010100000000100
111110100000101110110010110111110011111101111011111101011010100101100011101111110000011011110110
000010001010001100000110000011000110001010110010011110111111001101011010010111110101111010111111
011010010011101100111001101010011001111000011101010111100001001000100000111110100111010000100001
100010001110001010011100101001011100011000001101010011000101011101001110110001101111100000101100
110000101000010110110111010001001111100101101100011001100111101111000100001111110110011010111110
010110101001000000010110000100001100110110101101011110100100010100101000000111111100010011001111
101001101010111111111110100101110000001100101111100110101110010100001010001110111001100011101011
001100100000010000100100110110110100111010111110100001101111001111100011101110010010000110010011
000100011001100111100110110010111111110110110001001111111100001110111000001011011001111010010011
001011101011111111011000111100000000100010110110011100101001000101101011111000010001000000000101
101111010101001101101010110101111111001000000100101011100001110001100010101111010100110100011011
001111001011111101000000110001101001110001100000001101101111101101010010100001011111111101001001
000010011111100000001100010010001010001010110110001100101101110011010101011111010111100001000111
110000111110000011110110111010010000011110011000001010011111110101000100111101110001111011010011
110101111110111100010101000010111111101100010110001111011011001001001000111000010001101110010000
110101111110101111000011110011110100001111111001011110000101010111101001110100000111101000110010
110111001000000110010010110100001110000101101010010011000000011001011101111111100101011110101111
111110111000011000011110001011101001110011100010101010110110011111000110100011001010011000101011
111110100101111101101010111000000100010111001110010111100001110100111101110001110101101100001100
010100001011010000110010000010000001001001010000001100100101101000010110010101100001110000100111
010011101100010101110001000100011011001011101100000011110000010001010101000010100000010111000011
110011000100110011111110101011010011101110101011111011111110101101010001101100000011000101001001
001100011000101101101101100101110001011010110101011010101011100010111110110110111100101111000011
111001100011010111000111011100100011110001101101001011011001001010011010000110111111110010111000
111010101011100011010110000101111111001001010110100100100110101010010101001100110101001011111100
010011001001101100101100101000110111000110011110011000011010111101110111111101011011110110100000
101010110101001101010100100110010110010001011011001000100010000111100110010000011111110010101110
010111111111001010000110001111010101111110110001011011111111001101100010011001000011011000000101
110111011101001101101001110001100110101110010001001011010110111010111001010101100111110001100101
011110001011101111010101001010101000101100101100110101100000100100000001110110100011001110101010
110001111001101101101011010110111100010110000100010001111101111111100100111101100100111100010111
100011001110111100011010001011011110100110001110111000100000111101110101111100101111101111011001
110010101010010110010100101110011011111011101110011111000000000011011000011110000001000111101110
111101011101100010101110111001001000011101000100100110110010001001100010100101111010101100011100
000000000001001010100100000000111100011000011100011111101000101000100110011010001011110000011101
010110001001001110110010001011110001101110011100001110101100010110101010000000000000001001010111
011001101000101110010010111000101010011001110001000110011101010010111001101000000000111100011111
111010100111010011001010100010001110110100111010010101001000000100010110101101101101101001010101
111010111101001111010011110000010100001100001001011111111000001001101100101011110100101111010000
110100011111111111011110100101110000100011100000100100010110010000111011000010011001011010111110
011011110000000110001101011000110011001101000000111001001100011000011110101100011001100011001110
111001001001101000011101011011010100010110110000010111001011111100010110111111000000111010101010
101111101110001101000011000011000000110101110001011111000000100011100100011110100101100111001111
100011001001100101100000001011001101000111110010000110101101000001011011110010110001010000100101
011010010000111001111100001100001000011011010111110100111100111001101111010111111101110011011110
011001101110000001001001111001010101011111011011101111111100000100110110010000100111010011101000
000111011110111000010111110100101110001111100001101100100111111011101000110001011110110110101010
011000101110100111001111100011001100111101010110011011101000000010000100001110001001100001011001
000111001100000101101001001001111001110111100000101011100111001011110001101011010000111100110000
101110010001111111000010110110011000111100000001100100101000000000001010111110110101010111010010
010010001100011010011000110101110000011101000101100011000001011011001100001011010010101010111100
000100100001010111100101000101100010111111110110110011000001000111010000111111111111110110101111
001100101110001010011110001011111001100010100111001101111000000010110110001010110011111101101100
101101010100010101000100011101001001100010011001110101111011100001010101001000101111110010001111
000101110110011001001010110111110100110001000101010101111110100110110111010100000000001100111001
000010001101110001111010100010100111100001110110011011001100000010110010011101011111111110011000
101100101001111000100101011000100110010010111111010000010111000100101010011110100110111101011110
101010100100011000011110011100101100101110000010101111001101111110000110000000000100000101010101
001101001100111000000111001101100011010010010101101010011110101010010100011110100110000001101001
000111010100000000111100011000101111000110100001111000001111111011110011110010100011100011010111
110011111110010001100010011111000001100100011111111010101110001100111101100011011001100000011111
001000010000110100011101111001100010111001000011101000100000100010001100001101000111110110000100
010010011010100110010001111101101111111010000001110001001001001110110000100100000110010001000000
011011000001100100010010000101001001111001100011101100001011100111011101101111100010111100010001
101100110000001001001001110111010110110010010101101101111101100000001101101100001110000011011000
001001001001101011101011010100011101000101000111110100101010001010010100001110010111011111000010
100011100011001001101000100010010010001110000101110011000000001000101100001111001011111011010000
101001010001011111110011001111101010110001010101010110010011011111001111010110000110001100110001
110010010110010101011010000110010110101110101100001100001110011001100011101000110100010011100010
111101100011101010001110110000100101111010000111000000011000010011001100011011011100011000111110
101101100000000000001000100000101101101101001000100010111111110111100001101110001101011101110101
100111101010010101100111110101110010110000101100100101000000011000010010001110000011010010000010
111110010110110111000000011101101010100110100001100110000010111010111100101100010110010001000101
110001000111010001101000011100010110011111111000100010100101110010011011111100111110111101000001
000011001111101001000101110101010110011010011101101011011010010011001110000011100100011101010010
110111001100111010100101110000010101011101100110111100110010000101100101100010101110010111010100
011111110101101100011111001001001011110100100001001001110100010000110111110000100101101111011101
001011001110010010111000101010011111100110010111101101001000111110010100110110001100001000100100
000110000000011011110111101110000100101000110010101110001101111000011000110010000101000100111110
110011101010110011001001001111110110010011110010110111110100001100010010111011100011010000100001
110011100011100000101101110111101001000110111110010000011100111111110011101110110100011001001111
000010000011101011010111111010001101001011111011000000111101011010010110010010000111010100111000
111001110010110111100011010000100001011101100100111110001111110011001111101011011001000001100111
100101010000010110101110111111000010110110010010111111010011100011100100011111001011001101011011
000100001010000111101010101110110101110111101111101110011010000111111010011000101111000011100011
100000000100111101001101110000101101011000110000010000100111000000110011110110000101110111010111
001101010111000101001000001011001000110001101110110011101110111111100111100111001011011001001110
000010111001010110101010110110100001111000001100011100111110101111010011001010101101011100010101
100110000010100110100000100101011100001101110111101011010000001011000100001011000110100101000000
100101100001011000010111010000111101101110010011000000010000101111111001101101001011011011101110
110001011010100001001010001011000101000011000000101100010010011010010011010000110100111001010111
010101110001000110101011010100111000111010000000001111000101000110100111101001011111111110000101
101101001010100111101111111010111100000001100110100110001100011011111011000111000110100110001010
110010001101010110100000000000110100011010101010011000001010100100000110110100001000100001101000
101101011110100011111000001000101101111001010110001011101100100110100000000000010110001001100110
111110011111001111001010011011001010011111111000011101100011111111001101101111100001010011111110
110100100110110010011010011101101000100101001111101101111010011001110001110111011001100000101011
111011100010110011100101100001000101110011100010001111010111100001011000010001001010100101000011
000100101000100001010000011100100100111110000101111111000100111111011000010010101011010001110010
000100010111110011010011111010000001001000111000100111110010010010000110010010010111000111001001
111011001011111011101100010101011001011000101101010100101110100010011111010101000101101000010001
111101011101011001000101000010100010011001000010110101101001000011011110000100011001101111100011
000010100111010100000100011000111000011110110001101011010000100010100101010101100111110111000100
101110011110001101011000010100010111000000000010110001110010011010010111000101001101100100010011
011010011100011010000100011100110001100001000101111010111000011101011000011011100001010100011101
101100000101001110101101011000101101110111001101110110100011100001010001110110010110010000110101
100000111001111000010110010100000111010001110101110011001111101110001000000001001011000101010101
110101011111000110101100110010110110101100000001011010000011001011011000101101100111101011100000
100000001110111110000011111111000110001101111110110000010001011010001111100101110101101110001010
011000100110011000111001110100101010100011000101010000110000011100010100101110000111100111101110
001110000011110110100100111011000100111001000000011001111010110001001001101001010100100101100011
110011000110101111011101110011101110111111100001111110100111001000110111011010111000010101010100
001000010010101001010011001010110100001111001110010010111011000001000101011011011001011100111111
011100111100111110010111001111100011001110100110010101111110010110101110101001000100110111111100
000010111100011010110101001100111100110010111001001111111110001100011101110110011000000001011111
101100110101010001101000001100000111110001001010011100000100000110101110000010111111110101011100
110011001111010011111101110001111001010001111001000011111010001001100101000100100110000110101101
010100111011111101001011100011011000111001011100001111101110011101011111011011011111011011011001
011110000110001111110010101011100001110010111010101011100001010011011100011110110100101010100100
001101001011010101100110000101011011000001000001011101111111010000011100100000101010010110010000
111011001110000011101000001101000111001001111101010101011111011111001000010111000111010001000001
111000010000101010110001110001111110011100000010101110001011101000111001001111011101101000001101
010011100110001101111011100111101001101010101011111000011010101001000111100010110100010001010001
110010001110011101111011001001110010110010010100011010111000011010011100100011001011000100000010
010001101111100101100011110101111111100000111001111001001011100110100001101010011111110111110010
001000011110011011000110101111001000110001110011000111000110010001110001011111100010101110101001
010111101101101010011110001110010010010101100111111101101001011000111010001010001101000001111100
000000100101100100111000010001001000110101001001100101110110100010100111111110001010111001011100
110100010111101010101111011000000001000000111100011101100001101101111101111100110111110110111010
110101111010100010110000110100011110000100101110011000000100100111110010010101000101110000001110
000101111110111101101001000100110100110011101010101100001100101110010100101001011100110101000111
101101001000110101110001011110001111011101100001010101100010111000011100100110101100110111111011
010100111111110100001001100001011010001000111111101111000100001011111100010001010110100111010010
011011111110110011110111001100010111110000100111101111010111010001100100010110110100001010111011
101110000100010101100110110111101100001011000111000011000000011101000001101100000010111111110101
111000011011100101000011110110010100001011111111110111101111001100110101110110111100000111000101
111001100010100000001000110010010011101100011110100000011110001000000110001010100111010100101010
100000000011000001110000011101111101100100010001111110010001111001010001000100111000100110110011
111110001011000001110100001000101100001111110110111100101000000010111001001010101011010001101001
100100101101000111101000110011111011100011111110101100001000010110100110011101110010100001000101
100101011111100010100010100000010110100111010100101100011111001000110001001010011010100101000110
011110001111000010001010010100000100110011011010111001011101100000111101011101110110000001001010
111101111111101100000010000001110011001100000001100110100001100000010010010101011000010011000110
110011100001010100001010001000010100100111110011101100111010001111000100110101001011011111011101
011000000111101001110101100001000101001001100001001011110111011100111110101000100111010011100001
110100110010110111010001100010011101000111101001101100001011110000111001000101000111011110111011
010100100100010010111010001101110000101001001111011010001110100011111010011010011011100110000100
000101011101111100101110000100100000000010101000100101001001011111110111101001100011101000111001
011110010010000010100111000100110000110001110001101010100010111101100100010000011100011110110010
001011111111010101011001111010010011011000110001101000111100101111010100111101101010100000000001
011100011100111000101111000111001011000011011011111111110001001101111110011000011011001011110110
110011110111011110111111001001010011100001000001000110001100001110111011010011110110101110110111
000111111110110110010000000100110100110010010000110110101001101000011010010100100001110011010110
011000010110001101100011000111101111100011111010010100111011111101010101110110100100000001111010
100111100011110101100101100101000101111101110011100111110011101000100001110111111110111001000001
100110011010100011111100111110100110100110100000100011110100111110010010011000101110001010011101
100110010000111001100111101111101100001110100100101011101110101101111101101010010010010001110010
111111100011000010110001100000110001001000010000110101101010011110111001101100110000100001111111
111100000101111110000001011010000101101010101100000111101101100101010100011111001000001010101000
101011000101111011110110110000001011101111001110011101001101001000101011100011010100000000000101
111100000100001011010000011011000010000000000110101001010000011001101010010100111110011111010011
100101111100100000111001101110110100100101100110110110000110011100010011001100000101001110101111
001001111000100100111101000001110100101100000101111001100110110001010011000110111001001010110110
011010001000000110011111000001001101010000110101110000000110111100001010100010011111100101111001
100100101110000010101011001101100010100011010000100100111001000111011111111000011111111000111001
001110100010100111010111111110100010111101001000010001000110000001101010101010001001100101110100
001000010011001011011110001011001111001100011110111111100001110111100011101101101000111000000100
011010110111011010110100011000101110110000001001110001000110101101100001111101010110111010101111
011000101011100011001001110010101101000100010001011111010010110001000101101010011100010000000011
110010110100011100011010011101111010101010111010110010101000100110111001110110110011001000101110
111110100010000010000011011001111000000011011100101100000010110010001011111010001101111000101111
010011101000001111001101011101010011011010010111010010111010110000110000011000010110010111011001
111100110110111011101100100011110010001000011000101001001101100100101100100100011001100110011011
010011110011010100100110101100100011000111110100100010001011111111000000011010101100101011100100
010110010000111000101101011010000000010110001000100001000111100101100000100000101110110111101010
001000111001101100000000000010101011101100110011001101000001001011111100111000000001110100000011
000101010111001111101110100001100001011111100000101010001010110110101011110011110011111101011011
011101101011100000001010110111100000011011111010001111111110100101001101011000100101011111000001
001110100001001010111000110010010000111110010100110001010001100111111011110101101101011110111100
001000101011011010100010110100001101100100011100101000111110101110111011101110111110111111011111
111111100110110111100001100101010111111101001110101100000101100110010011101110011100011000010111
001011100011011000001010100001100010101110110110110111001010111000100001011010000100111101011101
010000000000111001011010110010010000100000001010000110110101101000111011000011110010001000011110
000111110000001001100100101100010111010111001010100100010011101011001000000010101011111010000010
000110111011001101110010011010010110111110011010100111110101110000110110101111111010010011111001
011101101000100000111110011001011110101001011000101111101110000101010000010001111010111011110110
000110000011001111110000100111011001011001111000111101110010100111000110101011110010101110011101
011001010010001111010011001001110001101101101001100001100001100100101110011001001010001000011100
111111011001110110110111101111111101000111001011010001011001110110110010100001001000100010001011
000110100110110010101110001100010000000010011111010101101101001001010000011110001100111000001111
101001101111101001111100110000011101010001010010010111111100111001010001101000110011011100001010
010011100110100000100101111001010111100100110000010000111111001001010010101001001010000101000100
000000011100001000011101010001001111111100100100101000011110010001110111001011011100100010100111
111111100011010001000001000000010011010110001000110000111110100111110100011000111111101011011101
000000010001101110110111010011111100001010001000001001010100010110111100100100001000001101011101
100000000101111011100011001101001001011100111011010111011000001001000111000001010000111101110010
100110011110000000100011000000000110110010101111101010110010100010011000011111100001111110001100
100111101110001100101111101011001010101101101100011000000101011010000011100010111011101111110001
011101001001110101101010011101100000010110000101100101000001011001000111100010101011010101101111
000101101001111010101101101111101010110010010001011010101101000000100101101010101101010000111010
011101110101110001110010000001001001100011011000010111001010011000101111110111011100010110000101
110010010101001100100000010111111110010110110011111001011100110101101111010101100111110111010110
100011100100011011101101101010101110011100000111010100101011111001111001110011001111000000111011
111110011101101001010011000011011101101010101010100101001110110000001110000111010101110010100011
000011110011011001000010100000000110110100000101001001000111101011100011000110100111101110101101
011000101111011011100110001010100011000101001001010111100110001111001011101111111001001111010101
000001110001011100100000001100001000101000110010001110001001111110100111001111000101110111110000
101110111100010111001100110110100010001001111011110000010100111001001011011101101101001001001101
010110100110001001010110001010010001101010010101111110000010111101000100001110110111110110010111
000011001101110001001000100011111011100111000000000101100000111100101001010111001101001011110101
110001111100111001111101110000010110111101010000011100000110000110101101110000101011110000011111
000011000110100011001111011010110101101000100100100111111100001001000100110101010100100111010100
000000100011110111110010011101101010101000110010001010101010101001011010111100010100101000010100
111011011010000000010000000111001011011011101001111000001111111010111011001011110110101011000101
010101111110000101010000111011001111011111111111110001110101010100100000101100100001000100010110
010101111110101011111010101011101110011101011001111011111110100100101100110010000111000001011000
101011011000110000111011110110101001101000111100000101011001010011001110000000100010010110000110
100101101100101010111000001110010111110010100111011000011001110000100000100001010000011110111101
001011101110011000110111010110110010000101111001011100101100001001011011110011010010001011110111
011100111110111001110010110111010110111001010001000001101010111101111001101000000101101000100100
011110110110110000101100110100001100111101100000111001000001000100100110001010110000011100110011
000101111001101111010011100111000000000110101100000101100001001110100011011100001001111011100001
011100101111001101111101011100010000001111111000000111000111100111000011100011011110000110001111
000000110110010101001111010100111101001100110111101100101011110011010011001010110110110100000001
110011001010100111101010101110100010110010011001111101010101111100010100001011000101011101001000
010101111010011100100110110100100111100001101000110110000110110010011001000101111110100111101110
110011001001001011110011101011000001010110001011110000010001110101100111111011001111001110100100
010100010011010011001011001010110101010110010001001101100000001010100100011011000110100110001110
001001111110100011100110011111010100010010000100111110111100010111000101011000000011100000110000
101011010100100110011000011011100111100101011111111011101101010111010101001010011001011010100001
100100010000100001111000110110111010111001010011010110000000110000100101000001010110000111110001
100011010001110110011011010010001100111111010011010100101101111001010111011111011100100000100110
101001000101110110110010011110010101001010111001011000011100000011010101010101110000101101100010
100110001110101011010000100100100101001000000010001000111111101011000111110010100100000110001010
001101011100101101110110011010110001010110011011010100001101110110101001111100110101001111110011
101000100010011100100111101010100110011011011111011100010010111001001110110110100110100000110100
111011110101001001001000100010100110000001000000001110110010101101100111111011101011000011100101
010100110110001111001010001110110000011010101000111011000100111000110010011110100101110001101000
000011101110011010101000100011011000011110010110110010111001110100101101000110010010011111010000
011001001101011110000110111100111011110011010110010111000001100000100000100011101011011010100000
110001110110110000110110001101010101100111111111101100110101101111011000101000101110000000001011
110110000001001010011010100001101011110001011111010011010001001110110000111101111110001101010100
010000110110110011110100010010000000110000100010011110111100000011010101111011011110000111110110
100111010110000011111111111001110100101111000001100110111101000010010011001100110001010111111110
011100010100000011100100111011100110101001110100010110000010110110000100000000000101100100100101
000001110100110110111110100110001010111001100111000001110011010101001111000001000101010010000110
001011001011010101001100111001001110000111101100101101010010101000110100010011011111110101011101
000110110111100111011101110110011000001101010110000101010001100010110011011011101100010001010011
010101010111001111010001110001010000110000100110111100000011000000110010010011011001000001000000
110110110001010000010000000100111111000010110010010011100010100010000011111110011011001010111000
011011000010001111111111100001011010111110011000111000100101010011001101101001100100100110101111
100000111011101001001111000101101100110101111101001111110101000010001111100111011001001010110010
111110101011110001110010111110010100111100111101001100000100110111011000110010001001111100010101
011110001011110101011110110111100011111000010000000111011010011101000010100010000111010110000101
001111011110010011110110010111111100111101111001100001011100101001111110011011111101011010011100
010100000001110010011000000011101111111101010001111001100100101001010011000001001100001111000001
000100101010000100110110100011011111010100100011101000101110011010111110000010001010101101110110
100001000011101110111100101011000101101100101110101111001001001100010011000111011010000011111110
101010001100011011100110011110001011110011000011101111001010011011111111110000110101110000000100
100010010010111100010111000111001100100101001001011010111110101111100111100011101000011000011110
110010101000111100101101100001110111001110100100011110001010110000111011000101011001010010100011
110110100111100000010110000001001100100111110001100001111010001110101101101011000100001110111101
111000010000010010000110100011011110000011011110111100110001111101100010010100000010101110001111
111111000001010011100101001101100100111111000000011101110101000101011100110111010110000111110100
110001000101111110111111111001101011101010110101101101001001111011001110000101000101001110111110
000101000000111110101110000011010110110111100101111011011011101110101001001101100100110110100111
100010100111010100111111110001011000111100111011111001001101100001000111010000101011011010100100
100110101010100111001001110000001001011110110110010101000110011011011100111100001111110000110110
001000110011010111101010101101000000111000011101101111010001011000100000011111111110110110000101
001101000101001101100100011000100000110101101000101001111011010110100000100001011111011111001000
001100100011101010011100010101000100111001010111110010011010000100111011111100010111101000110111
110001001111011110001001111010010001000110010000111010010001010001101111100000010000110000001000
110111010010101110010011011101110010100000100100010010010110010110110011101010000101011100110100
000100100100001010010101001011000010101000100111010011000011000101110100101101100100010110011110
000101110011000100011101101011000000101001111101000010011110000000000010011100101100010100110011
010100111100000011100001111101101011001110101100001000001011110110010101010100000000110000010111
101011100100010011000010011111101000101010101001000010111110110110101101101111101110111100100111
111111000000001101011010000101000000001000111001011101100100010000000001010100001000011011011010
011010111110100011100111100101000110000011100011111001111000000011110011101000100100101000101001
001110001000100111000101110101010100110011001011010110010110100100111010011001110111010111110100
011011101000011110010011011110001011001000101111110001011110101111100000010010101111111101000101
100011001000011001111011011001000000011001111101000010001001001110111000011101010110101101001001
110101100110100110100111011000000111111111110110000101000110101100111111001100111111111000011011
110011011101011011111110011001111011001000110100010010101011111101110111011100010101010101001010
100000000100111100010100001001010101011100111000100000101100100000011110011100100110001010100100
010011010100101000000000110011000010110101111010100001010110110111111111111001110010100011011001
110101111111111100011001001101110111101111011110010110110111100010100010111100100101110100100010
101000001111101001010100011111000001001000011011000001101101000010110100101100011101011100100011
001100101001001100001001110101001001100001010101001100000011000111101110011000110110100110110001
011100100001010001000011111111111000011000110110011001011110001011010101010010001011101001011110
011100111011110111111000100001010100011101010000011001001000101101110011001001000111111011101110
100110110011000001101110000101010100000001010101110100001000101101111000100011100011000111010010
101010100000011111100110010000111111100100110111110001110111100110011000010101110101000100000110
010101110100011100111000010011010110000010110011001110111101001010011000111100100101011100110001
001111110100100011100011010000110000100001010010010101011011101110010111100101010100010110111001
001011101110111000001000011101100100000100110110001101010101011000110110011111110001011101011101
001010101111101010001010001100100111110000001010000010000000001101000001010000101100111101010110
110100001110011011111011111111101001010100000011010010111011001110100000010000101011100001101100
001000000100100111111001111001100111010010101111110110100111100001001110100000000000001010001001
011010111100001010000010110110100111100101101000100101001110100110110010110010011001000110000101
010100101100001010011100110010100110010111010101101010101000111111101011010010110100100110100111
110111100010101110111100111011000100111100100001100101001010100011100101001000001100010111101001
101001011111011101001101101110100110000010101011010001000000101000010111110000001100110000100000
010110101010100010010110011111011011001101010000110010111010000110001111110101000110100100111000
100000010101001000001100101101101100001010101110101111101000010101100001011101011100101110000101
100000100111000001011010100111110010001101100000100000000101111111011101011110000010011101110001
000100011001010001011011111010100110011000001101111000011110011110010111000111101100110100011011
011001100000100100111111111111000100101000101101110101010000010111011110010100011111001110001110
110101011011000000010001001110000100010110000100010101000010100010110011101100001111010101101110
000101000110000110011110011110100101011010100010111000011010001101110010101010101011110000101000
011100010000000101011101111100001001010001100000101101110010000010010110010111110110111001110011
011010111111001101001100101011101110101100101000010010010011101000000010011100011101011101010110
101001001111110000110100011111011011001111101111100100110110110110001100010010001110001011000000
110101001110100111011111111010101101100000111000001100101001111011000100000110010100100111100111
110101101010111101000111111000110010111010100110000100000100010110000010110001011100011010100100
011011001011110001010011001001001001001101000011100110100111010010101111001100111111100001001110
101101001110111111011101110100100100011110001000000000100010011011110100101011111110010101001111
110000101111111000111101110001111011000110110010000010011111000110011111011111101111011111011100
001111000000111011010100010010110110111110101010100001010111011001001111011000000000100001000101
001100011011000010111110011100000101110101001011100111111000110001010100000011001000001101100000
111110010101011011011001011000100100101010001111010001000000011000100101111001110111101101010011
010100010111000011100001000010011100001101101001010010011010010110100000101101111110010100110101
100101000011010010101110001111010100011100100001011000000010100011010001010001011001100001110100
110100010011111000001011001110111111100101000110011100011111001011111001001010011000101011101010
011110100011100110101000110011110100101011011001111100010000111000001100110001000100100111101010
000001100001011110100010001010101001010111110000110011111111001110011010000111001001111111011110
010100011011100111011000101010111011001011111110111101100111001000011010110001011100001000011101
110011001010110101110110000001001111101111110010100100101110110000011101100101100101001110111110
101011011001011010010001001001011100001111100000111100001100100101101100111100001010010110010110
101101110100001100111101111111100011011110101111100011000100001100111101101001100000011101001000
100001110110001011101110001101001101000100111110000011010110100001000110010010000101100101101111
000011000111011110101000011110010110010011010011101100000101010001000100000011100101000010000100
010001100011001100001101101101110011100100010000000110001100011101011101110001100000101101000001
001000101101101111111010101101111011010001000110010110101100100110110000001101111000100000100010
000000000000011110010011111001101111000101101100011000001010000110011110001010000011111110011111
001101110101110110000011101000110001100110101110000011000100010000001011011101101110101110110000
001011111101111001110110100101110001000010110110011010011100101010011100111110011001100110110111
111010000011110010101100011110000100010101101001111111001100111110110010000100001110110001110111
011010011110110100000110010011001001111110010010101010100010011110110101011110011001000000110101
110000010010110011110100100011001011100111011101110111001110000011101111001110010000010110001111
100111010111000011101101101011000010110101001101000001000000001111111011010110111010001111111001
001101111101001101000010100001011110110111100100011111001100001101001110011110001100000000101100
111101000011001100011011101111000110011101000111100101110001001110001001101111000001101111100100
001011110101000000001101111100100000101010000110011000111101101111010101100111011100100111011111
110011101101010001100001001011010001110101101000101101101110111001010111100010000001000101010110
001100011111101100010111100100100101011001000101100111110100010011010100111010000001100110000010
010000000110100011101110001010111001000000101111101101011010111111010010001100111011001011010011
001110110000111110110011100110111010101101110100000000101011101000001101100101101011010110100001
010110010110100001010010101010111011100000001001000011001011111010010001110001111111100010000111
001110001111000101001010111001011111011111111010011110010001101000001001001100101001110010100111
000110101000101110100100110010110001001010111110110111011101010110011010000000100111011111110111
100000110010101101001000101010000011000101000000100101111001100111110011110001100101110000010110
111111100010101011011111110111110001110011101100011110010011110110110011011011001101011110000000
101100110110010100100000011101010001000010011001111100100011111001011101001110010111011110101011
100101110001000010110111010110001011100001111111110000111111101111111100011100100001010010010101
111011100010000011101011101001101101110011000001100001010101010111110101010110111101010001011001
011000100001111111011011101100000011100101000010101101000110101000001110000000110001001010001000
001000001100010110001100101110111001010001101111011110000001000111001111101010101100101100111000
100001100100001111011111011000110000111000100010101001001000100001111101101011000111100000011011
000000101001000111110010110001110110110000110111111001001010000111110110110000001000001100001000
001100011010100011100000100100011010011011101001100101111100011111110101010000110110100100111110
110010100000001100100101110101110110101010011011101110010100000010110100010001010010101100001111
101100011010001100010101000011100111100101110111001110001100000101101000011011100110011100001110
001001010101111011101101001010100110001000001111010100011010110000110111011011110001100101000101
011011001100101111100100010000010111101010001010101011100100010000101101100001011010001010101001
010011111111101010100001111110010011001010000010001100010001100010101110111000010000001111111100
101001000001011100111100110100010101011001011000100010011000101111011001010110010011111100010101
010110011111100110111011101011011010000101001100101110111100111000110010011001001011111111100101
010110001010111100011100110110000010011100100111101110000100010001001110100110111010001110111111
110111111110110001010101001100101111100110100001001000011110001100011011101010010011000000101000
111111010010110111101101101001101001100101111101101011100101000110101011010010000011100000100111
011011001011110011100010111010011001100111000111101010110100010111111001011101011001010110101000
110110110011010001100000000010011000101010001000101001011100000001101111001101010111011110000110
000110101111111111010001111110001010101011011100000111111101100000110001111101001001100100011011
000101100000010110101000110010111001011011001101110101011011100100101111101000110101110011001001
010000010001110110110011110011001101010111010000001110100110011000010000001000101110111110111111
001010111101010101100111001100011001111111111000101000000001000100011101110110100001111000001110
011101010100011001001011011001000110101100111000111110011100010010000100111000010010101101010010
101010010110010111000001011111110001011011111110111110011011000110101100110100010111001101110000
010011101100011101010110010111010000010010111110100101000100000001011111111001111110100001111100
111100010110000011100101111010000100111010001001011011100000111000100101001100011111010010101000
101001111110000100010001001000010010110001010010101100000010101100000010010100011110100100111100
100010100001110101110001001001100011000000110000001001111010110110101001100001101101111001000101
011100100001101001101110110101000110000000010000101101000100100011101101100111011101101000001111
100000111011011101101011010001010010010011101100001010110100011011000001100001010100000001100011
011000111011100100011100011101000011101110000100100101000001010100011111001110100110001100111011
110110011110100001000010111100010101101100110000010110111010010010011001110000100100010110110001
110001100010110011000010010001100100000111110111000010010110001001110010110111110111010101001011
111011110001001100010000011101110010110111100100010101110000101101100111101110010101000000101100
111011000001100000101001110111000110000101011101101100100011011111011101001110001111110101010000
010010100001100101110100011111010101010100000000100011100011100010000011011011110111010001011100
000000110010111010101111001111111010100100100000100100001110000010111110011001001101011000101101
001110101110000111110100101100101110111010011111110010001010111111100101011101100110100011000111
110001010010001000101001100110001000100111111010110100010111000010100001000001111110000010111110
000010010101001101110001000010000111011001011101011100010101111111100101000010111110000000011101
001000011010010100010110011101010000000111101011111000010110101010001101011000001001110110101010
100100001011100111100110010111110111100100010101101000100000110110100111000000011110001011101011
000101010101100110110111100000010001010100010101001101000000100110000100000110110011110111011111
000011001111011100111011101100101101101001111110001111110111001000010000100001000010111001010100
100010011101100111011101000000111111111111011101110010010100001011100011001010001000001000110100
101111000101010110100101000001001000010111110010110010001100110100111000110000011111100100001100
001100000100110000000010010001010010110111110101011000111001000000111010110101110001001111000010
111010101010111100011011001010010000010010001010100101001110001110111100111010001101100001110001
011100101101000010001011100010101011010101100100101110110110110000101100001100000010011010101111
000100100110111001001110011010100110110100000110011111001011111011001001000100110010000010110010
110101001110111010001101111101100110101100010110001010110110100110001100000111111110110110011011
000011011010101011101011010011000010101111011011111010010101001110110011110101001101011111111011
100001010001110100010110100100000011101010110000010001101100010000101011001010111100001111101111
111101101101011101110101101000101010001010000100100000101100111100000001111000010111001001011000
111100000101111101010110011010101111111111001010010100000000001000011010001101110111101000001000
001001001101011100001010001000101101010000110100000011100010010010101111100101010110100011010011
101100100101011000111100011001011110001110000000111100010000010111011011100010010000101011110001
110110010000011011011110110110111110011111000001110100000000011000011010001001100100011101010111
001001011100001110111011011101001110000001001001001000000000101110011001111000101001110110100011
111001110110010010010110001110111010011110110111010101001111001110110010101011110010010010100011
100111001001010000100000010111010110101001010110001100010010010010101010111100101100001100000011
111110101000000001011010010011011010011001110001101110101101001001000011111110111101011001110111
011001101010101100100001001100010000001110110000010110000101000101110011100010001100001011010001
110001000000010111011011010101111100011010101011000011011010101000010000000000011011000111000011
000100101111010001010000110100010010010111000110100001101110000101111101100111111101000011001010
101001110100000011101110010101000001100000000101100101101001110101110011001111000001100101010110
100110000101100010111011011111101100011010101011110010110110100110011111100100101011000110011111
110000000110010001010011110111010101011000101000101100110000110100011110000001110111110111000101
101000001101010111110101011000011011011111000110001011011001100101111101110100000101011001000011
111100011110100110010000011010010111101111000101000110111110110001111100010000101100001100011001
101101010011000011100010111100111010010111111001110011100101010000110110010100110111011111011011
010100011110010001101100111011010000110001100111101001010110100111000100010011110010110111111111
001100101000011110101010001110100110010101100000001010101000010110111010111000110011010111100001
010111011110111010001000000001010001110111010011001010000001110000010111010001010011011110001111
010110110010100001111110100101011001110010000110011100101110000010111100101110100100111001100010
110010011100101011111110110001000110111010111100101000111101110010100100111100011001000000011010
100100100011100010101000001101100100011011110100001111011010111011110100001100001110101001110001
110100101100000011111000010010100100111001010111100110111110101001010101011010101111001110101000
010001101011111000011010100011110010001001101011010000000100001100110001000000001010010110111001
011100001000100000110101111000010001001100110010101010010010011010000110110000110100110000110001
110000000010011101100000010000110110100111111100110010111111010100110000101001001010010100101100
011010111111000100011100111101100011010000000000001011001011011111001100111111001101001001011111
101101000111010011110101000010100000101110000010000101000010010111011110110011010110011010011101
000100000001011111011111011011011100110100111110111101001001101100111000101001000000000101011001
111111111100001111100000111010000101100111010001011001111111111001111111110101000011010111000011
101010100100101010111011001010111001010100011001000100011010011111001000101000110101010010100110
001111000101101111110011110011110101101000110010100011011101000100010010010011101010001110011011
011011000010110111001111100011111000010100011000110010001100100101011101111011000111001110101000
100100110001001011111011100000011101001110110101001001001110110101010010111001100000101101010010
110100100001011001011111110010010101110100110100111010001010010101111100100110001100111010001011
010101111101101110010001101111101101111001100110000100010000000001001010011010001100011111010010
111101001101000110110010100001000011101001100101011111011100100110000101101110001011010111010001
101111011101011100110001100111000001000001010111010001011100101111111000100111101000001100101101
101110000011011111101011001011001110110110111000010100011100011111101001101011000011101010011010
101100101010110011100110011010011010100000001100110111100011110000010011110011111010010000100001
001101010111011011011101110001100111000101111101100000110100100101001101110100110111101010100100
110110101100001011101100000001011010011011010011000100000010000000000001001001011010101010100100
111011000110100011110010110100100010100100110011010111000100001000011011011001100010010001101111
110111101000011011101110110100011101110111111010100110000101001100001101101011001010011111111101
101010111110110100010110111010111011100110010111011101111110000011010000101101010101110100111000
110101011110100000001100000100001101011101010111001110111101111110000011010010001011101010100011
101101001100000110111100001101010010101101001101110100000100000011110000001001100010110000100011
111101100010110000010110001101011110110000110100100011011111101001010111101011011000011000111101
000010101010100111001001110101101010111011110011000110101000100100000110101001100011101001100110
011011110000011000000100111101101000000110100010100101000010101000100010001010100010010000101110
000001000001101010111001010101111100110100000000001011100101111101100011000010000101000101100111
011100111001111000010010010000100000100010101001000110101100111000011011001011001100111100111011
111100111011010011101110100111011011000100001000010101100010100101100000001110001011000110000010
110011111001111100101000101110110110100110000111100101101000000001011101000010110010111001110000
110100110011101110101110011011100100001110010001011010010000001101101101011010000010100000000110
011001100110010000000000000000001010011110011101111100101111111111101111110000101110001111011001
101001010100111100100111011100100101100100100110010011100100101001111110011011010101101000011011
010101000000100001111100111101101110011001111001001110101010011011111111000100110111111001010100
010001000100110010110100001111001010100000000111000110111001010011010101111110111001111010110111
001100111011111101101100110001001101111000011001010111101111010111101010111101010111100101001001
001101000101001110111101101011111111011001000100000101110111011110010110011001001010011001011010
110010011101100111111100001010110101100111011100011100100101111011101101110101010110101001010101
101010000100011110010000111111101110011000001110011011010010101011111010100101010100111010001001
111100110110010010101100000001000000101101011010010001010011101111101000001011111110100011111011
000010010101001111001010100111101000101010100011101111110100110000001101101111101101111100111101
000100000111101100100000110000100010110010100000110001100000101000110101010011110011001001010010
110011001010111001010110100000100101010011011010011011000011111011110111011110101001010001001010
100000011000010100011001110101110010001000010010101101111001001010101000111111011110100110001101
010111010100001010110001011011001110000111011011000001010111101000001110110010010000101011001010
000001011101011000100000000010001111111001100100101011010001011000100001100100001011011000011110
101110011110010000110001101100011111000011100110100110110011010110000000110001101001100111011100
100001011011011100101011010100010101101101101101111001000110100111001010100100111000011011100000
000110000111110110101100100001000000101110001011100001010101111111110011000000110000111110010100
111011011111010111010110011101110011100101010010110000101110000010000011011111000011101011111100
011010101010001101100000011001101000010011101110111001110101010101001010110101010100100100111101
111000010100110001010101010000010100111000100001001100001101011110100111100000100011011011001111
111111001011110111110010001000110001001011000001111001100100001100100111010100001010001101101010
000111100100101100100011111100110110000001101110010111110000111011001001001011011010101110000101
001100101010000110101010101101000001001100111000010100011100001000010001000100010010110011001110
100000110110111001001011011101110011101011100110010101111111000001101100001111111010010000111000
001010001111011111101101000110000110100001011000110110000010100110110100010100001010100111100100
101110011011001111010011100110001111111001000110111111111100000010010110110111011011100011011100
010010000111010001010100101010010000111011101100001110000101011011011010011010001001001111110110
101101110100000110011101000101111100111001001001101111001000010000111100001110111110101111110000
010100010100001101011001000110101111010010001011011000100010101001010111000110111101001000010001
000100100100100001010011011011110100000011001110110011010101111111000001000110010000011001100100
011100000001001001000111111100110001011001110000001010110101000101001100110101111100100100110111
001001111000100111011110000010111010100001111001001010011011111100110110000111111011010101001110
101111111000111001111010101000011000110110101111010011100001001011010101101001111011000111011001
001111001100110110011000101110001000110100111000011101001101101010101001100011010100000001101011
010101101011010001111011111000011101111011101100010010010111000010011000001000001000001001101101
110001000010000001000100011000001011011101001101100110100011010100100101110101101000100000100010
000001000100111000110111000001010010110001011010010010011000011101110000111111001001101111111101
110110001011011011011110000000111001010100110001111101101101000100011011000001000000000010110111
100000101110100011111100100111011111000011011100111010101100100000111000110110001010011001000000
100101010001100011000000000010100001010100101110100100001100001001011010111010101000110011100010
000010011010100100111001101110000001011110110111111110101000001000011111010110000011011010011101
001000010001111110111101111110000010011110011010101110011111101001000000111100100101110000100100
000111100011011010101000110010101001110001110111000101111001110101101011000001101110101111011100
100111100111101101000111011101101000100101101010101001111011001111011001100101111010011111110001
100011011111111110011000011101010010001110010110111110111111011011100000100010010101110000101100
110101100010111101000111110111010010110110011111010000101011101010111101010100101010011110001111
100011001111101101110011010101110011010011010011011110100010000110011010011110001001100001001110
111101110010111100100011010100011111001100000011011001000010111000011001111111110101011100001010
010101111111101100100011000101100110010000111011111110111101010100010101100111100001101011001000
111111011101001010111010111101000101100011111101000111111110111000110101011101000111000000001100
111110011100011001000111000000110110011001001100011100000001100101111111000100001011000111100000
111100000010101101011010100010111110000101111110100010010001001111100110100001101000001110101100
000011000110011100111000010101110110110000110101011111011100001110100101110111100001111010001101
111011100100110111000010100110101011111001110000010010100010110100111111110100000110000111001001
010100111111101001110100011010010010001111100100101110100011101101010010001110100011000001010101
001000010101010001011010110101100100000000101101011001100100111010111101001011000000101011010111
100100111100111000010000011001000111101001111101000110111100110101000001010000100011010110101100
000010110010001011001110000011001101001000000000100001110100101101100001001011000011001101010000
111101001001011001100011101011101100100100110111010011110110100001011111001010101001011110111001
011010011001000011100010101011111110011000110011100000110011100101111111100111010000010110010001
011101111100100111111000010011001011000110010110010000001111100010000110001000001101010001000111
100110110111101010000011011101110010100011000101110000011111011111110100001001000100000101011100
100101000000100001000111001110100100001011101011100110101010101010001110111000010110001001010000
111101111010100011101011011011110000111111101000100000100110010110110100111100101010111111110001
011100001110110010110000011101111100010101010011000100010001001001110100111011001110010101011110
110010000011101111001111010001000111001010110000110000011001101110101100101001100001000100001010
100110101011100110111010101001010100110001111000000101100001111010011001000100101101101100010110
110110110010001011001000110011010000000010010011111110011000100000100111001111011100001101100011
101011011101100010101001101001110001111100111001111111110011001000111110000111011101101111010000
111011011001101011100101100000010000001111000111101000101101110101001000011111100100111000100110
010000111011110101100111101011101000001000011010011111011010010111000001001101111000010000011110
110111110011000011111001010011101011011010111001011011111011110001010001011000011111001100100110
001111010010011100101100001111101100010001100110111101101001011100110100101111110100100010011100
001110000110010111111011011101100100100100000010010011110100100111111111110100110110101110111110
111001000001000101001000000000110110001100010100011000101101100011110111110000011100000011000011
000101001000100010001000101110100011001011011001111110001011000010111011001000001111001001001100
011100000001110010010011000101101001011101000111010001111110010000010100100000111000010101101111
110100111010110100111011101000101111001010101111010011001100000000001101010010010111101100111000
000101111111010000101110111111110000101001100100011110000010100011011010010010111111001011100101
111110001010001000101111110101001101100010011010110111010101110111000000001011101110000110000101
001000111011011000000101100100101110110000111110011001101110101100110011011001110101000100110100
011010000100010000100100011111100010111110001111100101011000100000001110100001100101000001001111
010011100010100011110000110011001111001001001010000110101101010110111110011000011101010000000101
001101011001010011101101111101101000010001100111100001010111101100100011101001000100101000001011
001110001101001111000001000110101001110001111100110110001001100011010111111000100111110100010011
110111110100010110010000101010100000010110010100011001000010101111000011111101011001011100100011
010101100000010011011011111110001010111101001100011100010100000111010001100111100010111111100110
110011011111110110010011010101110100010001101000010011011001010010011110011000111000111100000010
010100001001011100101110110110100011000111000101100111011100001101101101111001011111111110011111
101110101100000111100111110101001100011110011111110001010101101101011010011101110011110100011011
110011111111101101011111001010001100100001111011111111101010110111111110000101011000101010001011
110111110100111010101001001001000010100101001100100001000000110111011000001010100001101000101000
110110000001000111110001100001100011100011100101111110010110111000011010010010101010010111001011
001101000011110100001010100110011101000100010101101001001111100111101001101111100000100011100100
100010110011100001100111110001110010001100110001000111110101110101011000001101101001100100101110
000010101011100100011111000010110101000101011100001001011001110011010110011110000010000111110010
001000011101101110010100011110110101111001010010000000000000110100011000101000111011110111111101
010110010110001000100011110111101101001011000100011010010101001100010100000010001001100101001110
011100011111011001000001001101010010010101000100000000101001001110000010001110001101001010010101
011110011010101101101111100110101101001001111100100010001110001100001100001110010110001101111101
101011100001101110100110111110110011101111010000110111001111010000100100001111100101000110101101
010010111101001111000101110110010000010010100000110110101011001110011010011000011000001101000110
011011100111010000100100101010000111110101111101010001111000100010110001010010111110111111000001
011001111001111001000001000110011011001111101111101010110110101011000111011011111010100001101010
110100000001111101000001100000010001001000100101110001100101110111000000001000111110111101000100
001111010000100100000110000110111101110110010000001000011101010001010100000000110001100011110000
011000111111111101011100111010000111101000001010001100011001111010000110001010110110000111101011
001101110001010010000000101100000111110111011001101101001110011000100001101011100100001110000101
001100000111010000111110010000100011110100100110001100010110100101101110001000000001000010010100
010001001011011010000111111100101100001101111101010101110000000101110010101110110100000000111011
110111010110010010100000010000011110001101100100111101000001110111100111101110011111101001010110
010110000110100110100100100011000101100000110111111111001110101011011010000110101011011001100111
111111011110111010000100110100011100000100111101111001011101101000101001110011101011100010101111
000001010011010100101010000010101100101010110110000001000010010011010001101011110110011010011111
011111000110010010100110100001101110010111111110010011111010000001001001000001110111101110110111
111011101000010101010010101011010110110001011110110000111010100111100110010110011001010100100111
010001101100011000101010010000100111000000011101111110000110110100001100010100101110010010010111
110001010011110110011000100111000010101110100100100001010001001010101110101001011110100000101100
001110001011001010000111001011111111110010100001111010101000010000000101101001011000110111110111
101111001101110011101010000100000010111100011001000101111111010010000100001101001001100001101010
000000010010100100000000101000000011010011100010000101001101010110101011100000100101100000000101
110100100111000001011001000010100101101111111111011001000010101101001111111110000011111000111100
111000100011000111010010000100111110111010110101000011000111110000110110111011011011110100111001
011101111111000101100001101110011111101000011100111001100101111010110011101001011001110110110011
101100111010010011101000110000010011010111111111010101110111101010100001011111011111010110100011
001011001101111001010011110101101110100101111110011110000100100100100111011111000000101101110010
001101011011100000010001010011110010000001010100111010010100100000001000000011100100111100000000
100001001101110101000111110110100100010010000101011111100110110111001110111000011011101001011110
011100100100010110010010110110111101011010010100011011011111001000100000000011111100010000000011
010100011110111011001101111011001100000010010101011100001011101110111101100111001011000101110100
011011110010100010011010100110000111001100101010111000100010011011100101101100111101001111011000
111001101010001110111111000110011111111101001100100110100101001110001000111010110111111110010000
110110110011000011100110100111000010110110100011111100101001000011011110110111101100111101110010
101101010010001010000110100100001100110100010110111000111010101001011011001011111110100101110001
111000110001001011010011011001100010001110000001101111101001000011010111111010101110100101100111
101000101110000100010000110101100111101100110100110010111110010000100010001111100011000110000111
011000001010000000100011100110000100000001010111101000010101100000011110001000011001001101100010
111011110000011001111101000110111101111110001110001111001011100100111011010010110101011001000010
000101001100111100011110011011100000100000100110001111100001110100001100001111011101100101111110
001101001001001100111011010111100010111010110100100110010101111110101000110100000001010001010111
110100000110000000000111011110100101000101000010111110100010101001101011000101101000001010000000
001111101000011111001110100101001011111011011101010000111101101000010010110110001110101011110001
111101001111000001110001101101110011110100100000101111100001011000110011101011001000110001000111
111010010000001011111001011011010110001101110100001100010101000000101010101010110000011101011111
011100110110110000100001011101100011011010110000011110110001000011111011111111110101110000111101
001110100100111001010010000001010011101100011001111001101100000101010010010001000101101100000010
110011110110101011100100001001111101011101010011100101110111100110010111111111011011100001110100
011101001101010100101111101110000111000101010000111101100110100001011101000000110110111010011111
111001010011000000100011011101111000110100000011100011001101010100010010110001110110000111010110
111001101100010001010000010010111010101110110000010110100110100100011001100010101100100011100010
111011000010101000100101000111100010011100111110101000110010011000011101011110111011110010011100
111010001011001101111011000111111011101101000000110100100100011110101110000001011010101011111101
101100010010100001001111000111010001011111011000101000100110010110000010101100111000000011100010
001100011110110000011001100001111001011001011111101110000001110010001001101110010111001110101010
000010010010110000100000010001000101111101001110100011111010010010011111000110111110000001101110
011100010011000001111111010001010110011010111010101011011000101011011010111000011001110111110010
111011111011110001101001001000100101011011010101101101001001110110110011101000111001001010110101
101010000100111000111000100011010011100000000101111011010001010011001000010100101101110011110011
100111100101001101010001101101110010110100001111100111100000101000000100010111111000100110001010
101101001011111110001101111110010100000101001001111010111111100001100111110011000110010011100100
100011010100010100101010101010000111110011000100011100111000010000010100011011110110100110000110
010111110110110111100010010110111101011111110011010000101100100110101100011110110111110010111100
011011111101100100110110111001111011010101011010001111001011100110000100010000010011000111011101
110111001000100001101000100001100011011011000111101000101010010000010000111110100110111111100110
011001011111100001101001010101101000111011001110010000000011101000001000101000001001110111100001
101011111000101001010001000100001011110011001010101001010111110011100110010001011101101110100011
111110011110000100111111000101010111001100000011011101101000110011001101101110011001010000001100
010000010011000010011010001110101100100010111101110101010001110100100101101001001111000111000101
110001011011010111110101010001100000001100010011111001101001011011011100010000110110101000111100
110000110100110101000101111011011110111101110100001100010101010011110110110011011110101101110011
101111010111010111001000111111001000101111100111000001001010101100000001111110111011101111111001
111010110100110101110000001010101111011000000110111100101011011111100000011011110100011011100000
000011010100111010001111100010110001101111110101001100101100001010001100011101101101001011100111
010111010010001111000011101110000010001001001100101000101110011001100000001011111111100101010101
011001100010001001000101011111001011110100100011111110000000001001111110100000011110100000110101
000101011000001010011000011000000111011101010110001110111000000010010001011110001100111110001000
000011100100101101010000101101100100110110000111110111011100011010111111011001001000001000001001
100011001110010011111111010010000001001010011011110101011101010111101110100001010110111000111001
111100001110010010000100001001100101101110000001010001100101001111100001011110111111111110110101
001010011000001010101011101110000110001110100110010100001011010001011110100001101111100101011010
111110110011001111001111101110011011101110001111101100111011000011001111000100111101000000101000
100111110010100011101111010101110010111011110001001000100000001100001001110100101111101001111110
111010111100111010101110111011000001010101011101011110000100011010011010110000011010010000111010
000000000000001011010010100101001011010101000101101100111111110110111000101110111110101011010010
111100101000100010111101011111001111000001011010001001110101110000111010110010011101000010011111
000010001101011101001100000010101010000010111011011011000001101101111111010011010100011001101100
000000010011001111010001001110011100011011011111000100101100011111100100000010001111100011000010
011100010110011100000100000110000011000111001011110000100011010010001001110111100000111101111111
010110110110001101101100011101011110111100100000100101110011010001011000011011101101001110000111
011111011000110110011001011101001010111111100111000001011001001011100101011000010001100110100001
101011111101110111001000001111100001100000111110111100101101101111010010111110101010101110110111
011110011001000001011001010111011111011011011011011001011010000100111010011111010011110110011001
011100011010000010111001011100000110110011111111010111100111100010001110011010100011101010101101
000111011111010001100111100001100001001111110101001101110000100111001111001101011111011100000001
100101001111001010011111010010001100000101111000100001101111001000000011111010001001010100000111
000111110111000011001001011110011110000010111011010001111001000000110001000110110010010000111101
110001011011001101111110110000101110011010100100101111100101010100101101010101011011000111010100
000101110000110010010000010101000000001100100001000110000111011101100001111010010100100011111100
011110110100010101000000000001010011111110010100110111001001100101001100100101111011111001100100
011000011111100011111001001010011100100011111011010000011100101011010000000000111110110111101010
000011101010111010111111010101111000101100000011111000110100111011011101100100101001100001101101
000111001000000011101111110001011010011000101001110111010111101110110011010110101011001010100101
111010111111110001010011100111100111101011110101010110100001110011000100001000100111111110000110
111000000100101111011010110001000111011100000010011110010001110100000101001000011100011010011010
110000101010001010011011101111001001100101110100111110011010111011101010101110001001010000001010
110011100110111000011101100001000001011100001000110111000111111100000111110011100100100110011011
101001101011001110001101111010100010101000001100111010111110110001110110100100110001111000010100
010111001100011001110001001011011100010010111011000110101000011110000011001100100011000110101111
001111010011101001001100101001111111100110011001010101001011100111010100110011001010000110100011
110011010001011101000111001001011000100000100001011000111111011000110010110011001101001101101000
100001110010010111110011100101001011001101110101000001101101011001000000000001100001101101001000
011001000000000111000111110111111101011100111010010001111000001011001001100011110001111101010011
100100100101001101000001010100001001110111000010001001100000100101110000000110000011111111110001
110111011001010010111010111001011110100100010001010110000001010100011001000000111001010100110100
110010001001000011111001010110000110001011001101011000100001110000110010111011111001100010110011
100110111011000101100001111011100010111111111011000100100111010100010010001000100001001001101111
011011110001100110010111100001000001001010110010100010110110110000000111001101101000011010100001
