100100110000101010110101001111101001011110001111110101110010111111101110010101101100001111110100
110001110100100011101010111010101101011001010111111011110001011111000001010000111110010011111011
000010000100101001100001001100110111100101001001011110001010000001100000011100011111100000100101
010110000110001111110010000010010100111111111101100110101101001111011110000000110101010111110100
100100100011110010000100000111001010010111010111000011100110101111010110010110010101010110100101
110000101111111000100001110111101010011110110011110000001111011000101100000001100000101010010010
110100010010011110010001101010010010011100110010111000100110000111101010001000111011110110000111
001100110111101010010101101101110110110001101111111101101110101010011110110010111111101000001101
010100110110010101001100101000010000111000001011001011101110011110010000111101101010100011100000
100101010010110100011001110100111000001111011110001001010010101110101110101010010110100000000101
011000101111010010111011000010001100111101110001111110101000110101110001100000100101110001111110
111110110101100001111001001010011011000001011111011101001000100101010000111010100010000000100100
000000011011010101011001011010101101101101011110101010110101101001100100110000010100001010100100
000011100111011101011011110000011111000101010000101110001100110111100111111000111010001101010010
001100001000011100111010000010010110000111110100000100110111001011110000111000010001000000010100
011001000010101001111000010010011100000011011101000011010011000110010000110110011010111001010001
101101111001101100111111010011000111100111100111110000001000101110000010111000101110001001111101
101111001111101111001110111010100100011100010110100001010111001110101100001010011000001001100111
101110000010010110001011111011011011100000110111011110110001111111111110010110000001010000101111
110110101101011011000010010100110000001101010101100000101010011100010100000100011011001110000011
100111111101100010011011111001000101011110100000000110101111011110101000000010111110110111101100
010001011101011111000101101111000101111010110110000010010001001011010111011110110110010111011101
000001011100010110110011101101111011101000110100100010011000011101100110100100000010101000100100
001010101011111100011101101111011101111101001001010000100001001100101000001110001000101101010010
000001110000000011100001001010011110110111011001101111101010010010110110001110000111010000100111
001000000000001000011010000000011011101001111101000111001010011011000111111101011010010101101100
000001001101010101110000100000101111110111011111101101100101101000001000101100001010111001110010
110001100110010010110001011101101001111101100000100110011000011001101100100010101100011101111000
000011010011010000001000000001110010100110001001110111000010110001001101101111011011001100110010
111110101001100000111111010111111100010101011010011011110000110010010010110001101110000111111100
110110111101001110000110010100011101111001000011000010101000001111111111001111100011110101100000
001001111010010000110111101100001110011010011010000101000100010101110011100110010100101110011101
010110010100001000000111100110111111000010111111011111111101010011110001100010100100110000100111
100110000111000011010110000011000111011100001110101101110010010011000011010001000001001010001101
101101010011100100010101100001011110001010001100110011110110110100001100000000011101001111010010
010101111010010011100101011001000011010111110000001111011110000001100000100101001000000011011110
010111011100101000111100101001001011000010011110011010110010001010101110001001111010010110100011
000001010100001000100011101010011011111011011011011111101111111011101101101101111011101001111111
000001010000010001011110110101011100011010110001110000011101110110001001100011000100000001001001
100100101010110000001111000101111101011100111111010100100100000011111000101011111110101111011000
111011101010000000001010100010111000010100011111110001110111111001111101011110111001111111111101
000011011001111001100000111010100101000001001000101100100100111010001101010110111011100101110110
110111010011101110001110111110010000001101101011011101011110100100110010110001101010011001100100
000100101101111101100001110001000100101010010011110010101110101101001000101100100111010111001111
110011101010000010110011110101100000011000100011111101111011011111001101110100011100111010010100
000011110000001010000011110000010010010011101111001101110011110011010111111000111011010100110110
100010011101010110000010010100001111110100000000101101011110100110010000010011101011111010110100
110010000100110000111001110100001111001011011100011101111001011000101011010111011011011000100111
100100000001110100000001001111100010111111000111111001001101010010001001101101001111101101001111
111000011100010100010011010101011101000000111011001111010010101011101100011100111000001001100101
100101101000000111100101110001011111111111001100111111100110001111011101111100110101110001110010
110011100010001011001000110100111011110110000000011001010100100010111011111000111101100100101000
000000000010001110000100101101101110011010101101111001001111001100111010101111110011110101000010
101101111010101000100101011101000100100110101110101100111011011001101000001011110100011011011111
001010001000001011101100010011100000110000000101110100111110011100100001001110010011111011001001
111010101111001110110011001101001001001001001100000011000000111111111111010010101110010101111000
111000101000000001000000001011011101111001001000100100000100110101101010110101100010011001011010
110010001001111001110010001100001101001011000010010110010001000011110110001001100010110101101011
100011100000100000011100110101100101010001111110000011100000101101101110111101011111111110100110
110001000010111000111101110111110100001111110111110110110001111100011001001110100010011000101001
111111100100110010001101001111101100111011010101011111000011111101101111010100111101101010011100
110000100011111001100110010011110010010001011110011110010100010111010000101101001101101100000011
111011110011111111111010001101011001000010001111101100100100101001111010000111101010110010100000
000000010001000001000110100010101011111010100111001010011011010010001000001000000011001100001000
100010011111010011010011001111101010110001111111000110110010110011111000011011000111011110101101
111000101110100001101011111101110000010001111010000101111010110101010101111111001110111001100001
111101111011111010000010111111000000101111010111100001101000010100100101011000011111101100010000
100010011100100001011100000110011010000110000010111100011010000100001101010001100111000101010101
011000001110110101110101000001000110000010010110110010110001010000111011110100001110110101010111
000111011001100011011011001000100001001011000100111000101101010011100000001010000001100010101010
100010001101000110111111101101111000100111001110011010100100000110101110101111101100001000010001
111111100110000101101101000110001100100110011000101000111011011010100000011011100011110110000011
101111111101110101100001001001100001111101010111010010011100111110010011000100000001011100011111
011100110111001110101010000011000110101001001100001000010110111001110011000000101001010010000011
011110110100100110101110100100111101001011000101000110111011110000101000100101101010100101010011
001001100100000000110100101100101111001010000010011011000110000010010010000110011111101100010001
011110111100100000100011111111001011100101111000011100011110000101111011001110100101111110001100
010010110100111011000100010111000001011010111100101001101110011010100100111110110111111110000111
011011110010110001001110000110011110111010001010100110000001000111010001010001010001001111111011
011010110111111110000111110101111010101001101100100100000011100110010001100111010101101101010010
001001100011001011011101010000000101000010101111011111110111011001101000001101011101100110000111
101101110111101110100101010010000010101011001010101000001000000000000111001100111100001110101110
011100010010100111100000011110110011001110101100010100000111000100001000110100001111011101110101
010000011101011011101110011000000101110010010001101110011110010100110110010001000101101111011110
110001001011000111110000101001111100111110000000000010011000001101001111011110101011011010001000
101100011101100010111000010101010010110011111111111110011000001000011000110001101111001000001010
001101101010010000010100000011000010110111100111101101110100111111001010001000011000101110000001
110011100100011110111000001100100101001011111100100001100111100010011110010101010000100101011001
111000101111001011111101111010011110011100111000100000001000110101100000111101000111010010011010
011111110010000011111000001000110101101000000011110001010010011101001011010010001011101100000010
111010011110010100011010000111000000011001100001101100111001111000101111110111111101111110000011
011010001110001000110001110111101111011110111001010100000110101011110001100111111000011001001100
011101010010001110100100000110011100100000001000011001111010111010010001110110001111101001010110
110100111000100111101100110010000010000100011101001101101011101101111110100100000000110111010010
110010110010100101011110100111001000011111111011011100000001110010000010010011011110010110111001
111000011000111001101100010101000100001100011110000100101011000010111101110001011000000110000010
101110000000101010000011001111011111010100100011000100101100010101110011111010001111001010001111
110111000001101111001010100011111001010010110100111011101001111110111001110011011110001101111110
001001111101101000111011011100110100011011010110101100110011110000110010011110100111110010111111
101011110110101000111001110101010010011001111111110001111001000100011000000011111100111110111111
011101011000100110000110101000111011010100100001010011111111000000110011101111101001001101011101
111100011001000111100011001011110000010111100001000010010000100101010000110011111010111011011101
110011110100011000010111011000100111001110010000111001000001000110001110110110001111001111000100
100101100111001100100010100100110010110100101111000001001110111101101011001100011100011000001000
001000100011110010111001110000011111000110011000110001000001110100100101101011110010001111100111
011101011011100100001101100111101101011011111111111001000011101111100100100110000111001010000010
111100001010101011000111010000010000010111100010000001111100010100111010011101111100001100000001
001001111001010000010010010100110011101101101111011000100100000110100011000101110011011010111101
100110110110010111100110001111010000100100100111101011110000001100000011011101011100111111010101
011011001110011011000110110001000000010001010110110110001101000111000110100101110111000011010111
110111010110011000001111110101111011001101000001011111100100111000100101111110110101110111010011
100000111111001000001010011010011111011100011011111100110111010000011011000000011110101111011110
000101111111001100010001100011101111111110111111001010011010100100011110110101010110110000100010
100001100011010101100010001100111000101111101010000001100111000101101111000110001000010001010011
101111010010100011011100101001110111011111001111111110000001001000110101000000110111000010100000
010011001010111101100001100011000110111001101001001001111100011101111111001111000001101100011111
011001011111100101001110001110001100100110001111011110100011000011010100001000011111010110100100
011000100010000110110011110000100110100101000100000110110111111100010100110001111101101101001011
110011011000001000000110101100001111100100011100110100100011000101101110010100101100110111010001
110110101010101001101011111010011001111101101100011010111001011001110010100001101110100111101110
010010000101101110110000011110010101010011011111011110100100000000110001101010011110100100100101
001011010110010100111000011100110111110100110101010010111111111111111010110101100001110111110110
111101100100010111101110101101100110100001111011100111101010101001000000101001001110010000011011
101011100111100111111000100001011111000110110100001000101001101000000101110111000110011100111010
011010010001010000000011010000001110111000100101010100011010001000111101101110110010111100101111
001110110001010101110010100001010111111101110111011001111101100010000011001011110000110010101001
011111010101100000000110110110010001010010111101010001111010101101111011110000110011100111011011
000010100011100000011110101111011110101000110111100110111101101011100000101011001101000000101101
101110111100100100110010001001010001001101010111111101001101001000110110100111010001101100010101
001110001001010111100000011010000011001001110000101110101100010011110000100100100111100011101011
111000100001110010011001010000001011111010100111101111001101001010110001100010111001000110001100
001101010001111110000011101010000010000011111000011111110010101010010001101000000001100011011100
011001001011101101000010111110100100111110010000001111111100100110000110110001000001101000101001
000111101010100000111011100011111101000111110010111110111111011010011010010110000111110110001101
100011100101111011101111000010010111101011101000010110100101101001010101011011101001011111100110
101110001100111100001100000000101110110100010001001001011110000011011011100110111111110111111101
000101110111100000100100000111001100000111101001011001111111001110001010000110010110010010111010
001100100101010001000011001000110100110010010010001110011010110000010100001110010011101100010001
010011100101110010110100001010101101100010001011101000100111001110101100100010000111101000101011
101000010011111111010000110100011111111100001100010000011000110110011001011011110100011001001010
000110010100010100001101000100100011100110110111111011001100110001101110101111011001110101011110
001111011110000101111000110101100110110100011111001100101101000011000101001000111111000110001101
101010011001001001110100010001100110100101110011010001110010001100011010010110001101000101010000
111000110101110011010100100101100000010100100110011111001101001100010101000011101000100011110100
001010001000111111101100000110110010101011111100001011100000011100000100101111101110110000110111
101111011101001111000001010000101110111111001010011111001000000010111101001011100111000010111111
101100001100111111001001101010111001111110100100011100001010010100011110011100000101101100110011
011110001101000100010010101011101101011111010111000001101001101000010110001000100110100110111111
101000010100000111010001010110100001110111101110001010011100010011100000011011001110001010010011
110100001010011110001000010001101011000100011111100100010011101011101101011111011001010110001110
001010001101011010100010111001100001110000010111000111110111001111011110000101100010000100001101
000001100001001101011110001101110101010101100011101110011100000110101011111000011100011101000010
111110010111101010110011011100111110110011010011010100100001111011010010010101101111110101010011
100111011101111101100000000111111101111111011101110101100000001110010010001110001011001101010000
011011001011111010001000000100101010000010001010000111101001111110001111011001101110011001110101
110110001000110100000110010000001101000101011100010101011000001000010110001001000000001111001001
100101100000101101101010110110011110011000001010100000010111100100011111111010000011011110100010
111000110011001011001101001001100000100110111000010100011110111011001111111100110000000100100010
101001101110000000001010010000011011011100110001111001100100010011111101101000001100100000001100
110101111110111001001011010010111101001011101111010010001100100000010010000100100111000100101011
101011100111001110101110011110110001110000001010101111010110111100011011110101010010010111111111
011000011110000000001101111101101001101010001110001010100110011000110101010110010111110011001100
100001111011111011011010001010111000101001111011001101011100110111110111010000011010111001010101
101100100011010010101011101110100111000111110100001100010111000001110010000100101100010000010000
110000001111100000011111011110000001100111011011101001011101110111101111011010001010000100000110
100010001001100110001010101101000000110100100001000100011010110000010101000100110110011000000110
100110011110100011111100101101110011110111010000011101101100101001110100110011111110010111110010
001011100101111000110011000100010010010001011001010011100010111101111001011111100001101000110100
111011010010100001111000010000110011000111010100101001000111001110011101010111000011000001000000
000011001011110011011110010000011010000010001011011001101111110010000010100000100000100000001110
101001110001101111101110001001111101011100101110101111011011110111010011101101111100000010100110
000110111110001000111010101001011101110110110010011101010110100111111000001101000100111010111100
000001001111011111111100111110000010100110111000010110000001101000010110010110110010101000010000
011010111111100111100111111101111100101110001011111100101001110111010000010011111001010000001000
010111101111111100010001100000010010110111010010111001001011111000010001110110100010100000101100
111101100101000100011000001100011011111100000011000110000010000111111111001010100110111110100101
111011000110000111110111011011010000101000111110011110001100110111011000110001110100100111000010
111010101000011110010011110100111010001100011000111100010010111101010111010001000010011011010110
101000110100111011111101000110010111010111001100000101101000110001000100010010000111011000000111
100010100100000000000001101000001110001001001011101011110101010111001011001010111100000010111110
100010100111000011100001011000011010011010111011010100100101100010011010000001111000111000111111
111011100011000111111111011101100100101000010011011001001110101101101011100011000001001110111010
110110100101011111000100100001011000110001000101011111000100010110101101010101010100000111101010
000000110101111010010100010010101100111010100000011010010111110000011011011011111111101111000000
111110011101111001111011000000000101011001000111101110101011101000000010000010010110011000010111
101010011111001100000011111101001011101011110101000100100001011101110010001000000100000101101011
110011011011011010000111000010011100010011110010111000010000011100010011110101011000101100000110
100111010010011110111010010110100001111110001111000101000111111000000111100101011011011111011111
000111111101110010010111010111000010000000000110100000010101111001000101110001001011000100101110
101111110001111101000111011001011010110111010010111001011011101011111101010101100101001101010110
001101001100000010110011101010110011000000101101110010110000111100000010101111000111110000000010
001011111110000100110011100010100110100000001000110100001010111110110011000100010111011111000010
101110010100011010111001100000101100011101000000100001010000000011101000011010101110110101100000
110010100001110111101011010110100010100001010011111000110010100010001111011101111101111001010110
110111110010000101110000010001000011100100100010101100101111000100101100111001101100011001010011
001101110111100101101010110111101101011110101001110111111110111100011111000101011011001010101101
011111011110010011000001000000110101100001010100010000110011111101111011010001110001110011101100
110010110001111110000010100010110001010010010111011011111111110011011110011010100010111100111111
001010011011100011010000101111000010000000011000011101001111100000111001001110010110010100100100
011101101110001001101010110100011110111111100000001001101110101111000001100100010000110001011101
111110111011101100010010101001100111100101010101000001011001000100011001000011101010110010101100
111001101000111101111010111001001010001101111001100101010111000101101001110100000101101000111101
010100100011100000101100010000111101011110101100011110101110110100111001110001010011100101000001
000101000001010010001101100001010111111001000111011111011110111000111010001001100001101111110011
110010010000110101011001001011101100000001110111110110101000011111110010101000110111000111010101
000101000001111101010011000110000111010000000010111110110101101011010001011010111100110000111011
000100111111100000111010101100111011001101001111111111110000011001001101011010010110101011001010
100101110000001111100011010001011110011100101111100110000000001011101011010101000011100111101001
111111100110001110110011000100001101000000101001011001101011110001100011011000010000000001010001
110010100011101111100010111110100010001100011111101110011011110011011010010010101110110001011100
000000111101011001010001011100100100000001110101100101010011010001101001101111011000011110100011
101010110101000011110000111101111011000001111110000011101110110010001001011000011000000000111011
101110000101111100000100001010111100100100101100001101000100110110011000010010100110010111001011
110110000001100010011010001100101101110001100101010110000001001011001001011011100011110000000001
011010011001111100000001100110000101011111111010100101011001110001100011111000011110100011110000
011000000011000100011010110101110100001000000101111000100000010011110010101111000100000111001011
110111000001001101101100100100101101100101010101110110000001001110101011101010101111110101000000
101001000101010111110111000001000001100011100101010001001100010010100010011010111011001111110010
001111001000001100101100111101011110001001111110010110101001001011101010011100010000001111111110
001001010011000101000010100000010100000011101010101000010101000000101100011010001101111000110101
110110101011100000011111100010000001010010011011010101001101110000110100110101101010011011000100
011100100110100001101111011110100001001111000000011111100011110011101010000001010111010101000110
111110010001000101100001110111101011100110001110110001100110010010100111000111110101110000001101
110000011100110011000100111110100010011110010100010100110101100011110100100011000110100100000111
110011101000100110100000010111010110010000101000011010111010110101011011101000110101101111101100
011100110100000100100010110110001101101010010011101010010111110010100110100101001011001100011100
000010001111010110000100000101101111111011011011001010100011110101011100111010000010011011110011
011100100011110110000100101100001000010000110101111101111101000010110110000010101000101100000110
011011001101001011010010001010100111001111011101000001001100010101111110000000100110010010000000
010101111100101100110101100011110011101100100100010111110001101010110110010111001101111100001010
011001101100000100000001101110111111011000001111110010010110011101001011100011011100010100111100
000101000000010100010010111110010110110000101011001011001000010010111010100101111010111110111110
111001001000001111111010111000101111110111000010100101000011010000101010010000100011010010000111
000011111100110111011110001010000110000101010010110011101100100110110110011110111111001001001100
010111001100010100001111011000101111110101011011100111001110100000100000001011101111011101101001
010101011010010111010011000010101000110111011010011100001000011100010110011010110010000011101101
110100111001111000101000110000111001100010001111001100101010101101000001011111100010101111100010
100000101010110000111101101000111001010110000011101000100011100011100111110001101110111111100001
111110010110110011100011010011100001010001100110100110011101100011101011001101000101001010000010
111110010101110101111110001111101111111000010101011010101000111010010100101000010011011011101101
010101010111111011001100100101000110101011111011111111111101010011101111111101001001000110111110
010110110010111111001001010001011101111001011011011110001011001101110001101101101000010100111011
011001100101101000100001000101001101011011111011001111101110111111011100111011010101010110001001
011011011000110100100011000111010100100100100100100111111011011010011100011111101100001101011001
010100011001101100100100000000100110001101110101011001100011000101001011101001100110000100111111
010110010100000101011011000000111011100101100111111110000011010110000111101100111001110000011111
101101001100111010101010101000110001000110001100111111011110001001100111010111111110101000100010
110000101011110000100111100101000110010110111011100011110001101010011011001110010110010011100110
111100011101010010100011011101100100100111101011100100101010001010110000111000001110110001010000
101011000000010010010000101001011111010110011010100001101101011010101110110000010011000011011001
110110100000101111101000111101010000101101011100100000100110100011011101001001100010010000010000
001010100010010110111000111110000011001100100000101001111000100100000101000100011101010000101101
101010111000111011101101111100000111000010000010100101110100100101101001111100111001000001011111
011001001011101001101111000001010011001011001110111101010000000110010010110100111010101100110100
110010000001111000010110111111100001110100000000100001100011101101110000100111010110000001111001
110000100110100101101100000110110011111100010101010010101101111011000000110100100100000110110100
011010001101110011001111010100100111010011111001001010010100110111100001110110001010101101011111
010100011000111111010010010010011110011110100101111101110110100001000010101011010101000101000110
111001100101111111001111101111001110011010010001110010110011001011110100000011100010101110111010
001110101011111001010100111011010010001000011011111010101101001110011001001001101010110101101101
101011111111010010111101100000100011011111001111101110000000000111101101111110100000111110010000
101001101000100001100111111011010010110000010001100001000110010100001111000100101010001011100010
111011111001010001011111110101000111010111010100111001011111001101001101100111001101101001110101
001000101000011100011100100110111011101001000000001111000011111011011001011101001110000001110100
000100101111000110000001101100111011010001011000010000101110010011001010000111011011000100100111
101001010100100001001001011111100111100001110011010110100100001001000100101111111111100110011000
110011111001001001011110011011110111100111000110010011111100111001001100010101011011101100010101
110100011000001110010001100000011000100111111100100011110100101100011110111010101000010111101010
000100101110110110010010101010101110011110011110111111110101001010001000010010000011011101001100
110011111001001000101001001110011001011100110000100100100100110100101011101011111111101110110101
011001011011010111011000101000000011101000010010011100111111110010110001011010110000100010000001
011010100001110000010001101111110011000000010001011000110100011110101010000100110110101010010110
101110100010011011001111100101011110110100000000100100000111011110101101111111001001011100111110
000000001111011101111101001010101100000000000101000101010111101100101111010011111000001010100000
011001101001011000010000101101100011001110001101000000011011111110010101000000101000110111000100
000011001010010000110001101000010100100110101001100110011101000101011010001101010001100111111111
100101101111001000010101001110011010010010001000011111111111000111011001001001101101011100000001
001111011000000111111011100011110000000100100101000111111011011100101111010111110110011001000111
000101101010110110100011110011011101001011100110101011111001001010111110101100111110100100011010
001010111110100010001001111110101001110011010101110100100101000011101010000000101000101101101101
000010000000111010100111001011001110111001001001101011111001001000101100011111000101001000011100
111111011111111000011011111010101101101001101111111101111010101111000000100110111100110101110011
101100110111111110010011111001011000000111100000011011101001000111111011111110001000010011100001
110111010010001101011110110010001101100011110011000101100100011010010011110010011000100010100111
100010101010000000000111001011001001011110101100110101010111000101111111110100000001011111111110
011101000110101111101011001010010110111110000000001111011100111101110100000111000101010101000011
011101111010001111000000111110101110100010111111111100011000000111000111001010101100111100101000
110001111010000110011010010000100101001010101101001011111001011010111010101010000011010000100001
100110001011101011001101101011011100111000011000101110000001110001000101011000101010111011110101
001110111010001010011100000001000111000001000010110011000001110010101000100101011001011001001010
011011001001111000110011100011100111100001001110011101001010101111110101001100011101001011100110
011111001011101001011101111000011101111100111110011001011010101011111100011000100000110111101100
100100011011001110011101000010011001010011110100111000111001111001110101100011001000100000110011
110100000011000001111111000110100100010001001001011011101110111001111110011100100100000011001111
110101010001001110011000010000001011010011001100110111010111001010011111111010010001001001011010
001100011111010011101110011010001010010011111011000011111110101100101110111101100110100101100000
011100111011101010100111111011100011111010100000001001000111011010011001010001110110010111101011
000110000010001110100000100011010111100011001110110000011011000111111000111101001000111011011100
111110111010001101110111000010011011110110110101110010101000110111010011100000011001101011111100
010000011011000001011001111011110000101110111011111101000000111001001101000100001011101010011111
110101100010101110011100101110001110111011011110101100110110100101000100010001000100010101111011
101110100110010101111111111000111111010010011101100110001011011101101000110000000110011000010111
100111100010100001001011000011110011111000110001000110110001100010000011110101111101010101001011
110000110011110101101110010100010100000000011110111001111010110110101100000011011001000001000010
100110111111111100010011011011100000100111010101101001100100110011000010010011010011000100000000
001100100010010001010110111101010111001000011100100110111100011111000000010000111000110011001011
000110110011101100011010101100000110111100101010101011010001111110100010100000010101101011101011
110001100100110110011011101011010101010110000110100001001101110111010010001100001011010011001100
001101010101100001101000100111010000100101000101111010010001100011000110101011000100010001000111
110001111010100000001000001011001100100111001110100100001001110010001011000100000011001000101110
101111011100001011000010011000000111100101111110101100110010100010000010010000010001100010000101
010011001101001000000000011010000111011000100010100011111100111010011111001111110010000111010000
010101000101100101110010101000000101110010111010001110111010100100010101010011000011001110001100
101000111101010110010010001011101110100011100111111000101111111101100001101100100010001110100010
011100100000001010100010000011110110100100010001100001001010000100100000001110001001111100011011
110100000011001110011110000011001110111100110110100110010011100110101000000000101111010011000011
010001111111100110111101111010100100111011111011011110010110111010000010100001111101011110011000
110100001110101010100100110000101000011111010101010010000000001010111010010001000111011100001001
000010001000111111010001011011111111011100010101011010000000111011010000111011101101110001101010
000100100000010100100011101110000110011101000101011011100110001011101011000100110101011110111000
011100000111001001000001001011011101100110101101010011001011101111001001001100001110011001110000
001101011010000000101110011001110110000000010110111110010010100011010111110101001100100101001111
111101000001001111000011110101100011010110110111100110100110011100011110011101110110110110110011
011010101101101000101010001101001100111110000111111111100100001101101110110111111010101110111110
000110101000100101001101101011111110101010010000111000011101010000101001001001101010011001001010
001011011001001010111110101000101001111101110110100100001101110001100010001101101100011000101100
011001100111001000000000000111110011101010100001110111011111110101000101101010100100101011110100
100110011101000110110111010101100101001000001111101001101010100111100101111000000100110010011011
111111111100000000111101010111111011011010111101011111100111100110001000100100111001010100000110
100100101101001100100110011101011110001111111010000101000100110001011110111010100001010101111011
011111011000011111111101110101101110101100111101000001110001001011011110000001100001110100100000
001000001111111010100010001101110011001110100010101101011011100001001101001001101011001000001001
011100111001111010101100001001110000100000101100111000100000001101110000101011110101110011100100
111010101010011010001100001111000000011100001110001101010011000011000111100100111010011011000101
100001100000011110111000001101101010011111001100100111110111010110000111111101100100000110001010
111011101011101100110111000100101101000110011011000100001000111011000111110101101011110000000111
011010101011010001101111011100110110100010011001011111110100010111011110000001100101111000101010
011110011011010110011101000001110011110110111000111011111101000011111100110001011111111101100000
101111010000111011101101100101111001000010110111001101110100010101000010001001110100101001000001
001100010111000001000111000010100101101101100000000010010011110001101110111101100111011111111101
111011011100011110000000111010011010001111001000110001110111100000110010000110101100110001111000
001100001000011110111100111011100011111000110001011111111101110101111110000110100110110011100010
111110111001000100100001100110101000100101100010010000111010011111000101110001000011001111000011
111100100111111001110011110011110001000000000000111101000000101100100100111010110010011000000111
101010111100001111011101110110000001100000010011000110011110111101001000101000111001111110010001
111001000010110000110010110111011110110110101001110100010010110110001000111111100100110101011000
100111011110101101100000011110111001111100101010011011010011101100111100101101010111101101010001
000010001100100100110101111000100110000110011010101011100110110001101101101101010000010100011001
101011011010010000100111110100010011000110100000100100000011000100000111111110100011100101000001
110111100010010101011111110101111111010011010010000100011001111011101111000011001011111110000010
000001111010101110001101010000111011100001110000110100001100010111011001001101110111001100001001
000011000101111100101010110111101111001001001011101011100100010101100101010101111100000100011110
001000010100011111011001011010111101111010100110001011110000010110010001000111001101000100101100
101111111000010101001000010001010101101010100101111101000001011111000011001001000001010100100100
111100101010100011101000000011010101001010001010100001101101001100111100110110111001000010011101
000001010100110101011000110101010101000001011111101111011000110011011110110110000001001100001110
001001100011010000000101011001010011101010011011110100010010001110101100100110000010011110001010
101110101100110100101110110111001111110001000110010101000010100101100000011010000000001001101000
000110010010011111100101100111100011101000110101001010010110011111101111101111001101101011011010
010010000001100110111111001001100011101111011101001100011100110010100110110100111000000110001110
001010001100010001111101010001111100001001100010111010110010110111000001000111001110110110111110
011110100110011111000011010100011111010110001010011111110101000010101011101111111101100110000010
100001100010100000101010110000101101010100100010001100010001011100010111010101011000100111000010
011001110111000010101101100001111010010011000100000101000111101000100101110001001100110011010111
001110101011111000000010100100011101001000001101101101010000101010101100001001101111001100101100
101001011101111000111000100010011001001010001110001000010100100011110000000001001011111001100011
101010001110111011110100000001111010001100111100110001000110101010100011110010111001010110011101
111100101001111011100000111110000111010010100000111011000100000100011011111010000000111001101101
111001100011001001010101100110111110011010111110101011001101100111101010000000000110111111000101
010001100000101010001000110001101000100101011010001011111101101100011001110101100100010011111010
101110001001101110111010100100001011111010001111011101111010101010100000011111000010100000111110
110111011011001011100100100000100101011101111111110110101001110101111010001100000111010000101111
010001000001110100011001011101100111000000000011110110110100001000101101101110001000000100110011
010001011100001001101100111110010100001101110100111101100001011010111011010010110110101001010111
011001010000000111100001101000101101111110000111011101110001100101100110000011100101010010100101
101011100001001001110000111010110001100111101011101100011000110010110011011100100110011010111100
010100011111111110110101010011010110011001100101000010101010001101011100000100010000000100111111
110011101010000110100000111110001011110001011001101000010001010111111011111111101101011011001000
100010111111011100011110001011101101000101110010010000011010010011111011011000100110010110001000
000001110011111100011101111111110011111111101111111100111111101011100111011100101110100100111110
101001100111110101111111100011101110111000100010101101011001110101001100011100010100001111101001
111101001100000011011110011001000010001001100110000101101001110000010100000110001011001111111101
100101001110011000100101100100001100010100010000001111000100110010010101000011101100110110011001
110010011101001101010000110101000010000110011000010110110110000011010111111101100011110011011111
010110010100110100100011111101110101011101101001110100010111010101100001011110100110111010101000
000010011000000100101111110010111110100010101011111110110001100100100110011100000110000000110101
101000000111001100010010110111011100001011100010100111111110000011010010100011010111001110001000
001111101110110101111110000000011010000011110011010110101011011001001000000010010100011011000100
100001011000011011011100001110111110101110001011101001010101010001100111010000001000110110101001
001101011010000101100111010101100100001100101000100000111100100001101110100111001111010011000010
100010110011110001001101111111101010101011010110000011011011111110110011100000101110001010000000
010100101011000001100000001111001001010100001010100001000101001001000100111011110101010010010001
010011011011100010101011000010001010100011100110101001110001010100001010010000111110100100100110
110111010110010100001001011110110101110100010000111110010111011110100110001110011001110110011011
000010001000001110001110101010100010010101001000110110110111001100011001100101101011100010000111
111100010100011001011110010110011101110000010001111000110111010101001010110111011000000110100000
111000100011011010110010101100110110100100111110110111000111000111111101110000101110111010011011
110001110100001010001011110010001000000111001100101010100101100001111000101001110101010010100010
011101000010000100111010111111001101100000101110101010011001001000000001010110101111110011111110
011011100010111011000101011010100001100011001111101000011010111100011000000101000101101111011011
000100011101001011111110000101001001001000001011111110001000000100111011101010011001011001001001
110110010001111011110110111111110011001110000111010010101100001011000101000111001010100001111011
011011000111111011000110001011101000001011011000010000111000011001000100100111000001100111100100
101001100111010111010001101111010011000111001011110111101000100000011011000001101011011110001101
111111101111010000111100000011101001001000000001110101100101010001111111101000100001000101111100
100010000010001011001100101111101110101100011111101001101011001110001111111111110111011010111111
010000110100011011011101011001001000010100000100110110011011001010001000001001100101010100111000
001100100111001001001111101001110001100011110001101101001010100110001100100011011000001011101000
100101000110001110010010101011000010011110010011111110001001111110110011101110001001001001010010
000110101000010010111100011110100110111100111100101011101000110101101001110000000110011100110011
101001101111101110010101110010110110111011110101000110000011111101100011001001101000111111100011
000110100101110110110000001001110011011000101100011111111011101110000010100101010010000001100110
100111000000001110100100001011100100101100110110111101110100110100111101101110011010110001100111
000011111000111011111100111111100111111000111100101010110100110111111100000001011100110101010110
111010110010000001101000101000011111100000000100011110101110100111000010001011000010001011111010
100100001101001101010001011101111000111010111011101001010101000011000101110010110001011111011110
111011000010111011100110001011101000001000001000100100100001001110000001000110010101100011100011
000101010010110001010100110011000100011100011011000100011100110111010111111110111111001000011000
010010110000100000011111010100100110001010000101000000101000001111111110000011011110101001101111
100110000011011000110111000000001010000100011001101111101000001101000000011000110010001000111100
011000010110011010100001010111000101000100001010111001011010111111111100101100100011101001101100
001000000111001010011000010001000110110111010101110000111000001101000100001000001010101101100000
111001011011100100010111111111111000011001001011001001011111011011011000111110110011000011011001
010000010011001011000011011100000100101110001000100011001101100101001100101000010111110101100110
101110111001010011101000000000100101111110000110111001000100010110011101110011011100011110000111
011101101000100101011001001111101111000101110000110110011010000000000111000111101101110111101111
101000000011010000011100110110110001111001000000011111000101011011001100000000010111111110011001
010111010010010100000010000000001000101101100110111000111011110001001110111110111000100000101110
101110101001010011111011011000000001011001110010010100110101110010111101101000001011001010101001
100111111110100101101100001011001110100010110111110101010100100100101001011110101111001000110000
101011101001001101100000000000101110110101110100000111100110011111100111000001101100100110001001
110111100000010100000001001111100110101110000110100010100000101011000101101101000100010011011110
101011001110101000010001100110000001111000000001110000010100010011011111101111011000001010110100
001100111001011010101001010111001010101001110111101011000100000111010011100000110000000111000111
110101011000011011110010010010111101001000111111011111010100111001110000110010001010110101110110
100100101000010011011111101000110000100101010100010100011100000001010001011010011001011010110001
101000111110000110010100100110111100000000010011010101011110111010101001001101000000101010110010
100001110101010111011010111111100011110000010100000010101101111000101001110010110000000111101100
101010000110100001111101100010010001101101010010000111000110011010110101000001111010111100111101
011110100010010111101001110000101100010100000000010000001100010101111000001000110101101010011011
001001101011101111000001001111100110110110010111100111111101110111000011110111001100000001100011
110110001101111100001101110111000001100010001100010111101000101001101011110111000110101101010001
000000100100110110100000110011011101001001010011000001000111011001100001000010010000100010101001
111000010001010000011100101000010000011101001101111100111101010010001011101010000011100110010011
001001101010001010011110010101101011111010111110000010110011001010000101101010110010101110100111
100001101010001010001110011110101010110010111001001001011001111100110111000100101110011110100000
100000001111110101011100100100100101100011111101010000101111000101010010110111101100010100110010
110010000010100000100111111110101101100110000111110011000110011100000100111101110010101010010011
011110111000011011110010110000110101000011000001110101101011110000001011110110000111001001100110
000000001011111000001001100001101101001000010101011101101011110111000110010111001011000011011001
010100110100111010010101101101110001010110001010111010110100000000111101001000110111100111110111
100101000111000000010111001100101001110111010000011011100000111100011001100100010001110001001111
001111001001000000011010000001011111110001111001101111110001010111101011111101000001011101010001
000001001101110011011010100111010101010111001010010011001101100111110110111110110001010010011101
111001110011010110111001001001110110000011010101000010101011111010100000101100000001101010000100
100011101001111110100101111100101001110010001110101101001011110101000100011001000000100110000011
101100000101111000001011100111111010101001010011000001011000111000110101000100110010000001010110
101010001111011111101100011101001011000010010100000100101101010100000000000010011111101100110110
001100001000011000111101000110010000001111001110000010110001110000011110011100011010001000011101
000110111010011010011101111101001100001001110110011111010011000100101011110110101001010001111001
011000001110001011010101110001000110101101110111000011010011111111100100101100101100101101111100
010110011100001011000110111011010110101010100111011100111111011111111101100110011101000011001100
010010000101101111110101001000100000100000011110000111000011010100111110000010111001110100000100
100101000011010010101011110010011100000101011000110001011010111010000111100100011011110101000001
111000001010010100110110000001100011001010001010111000110100111100100110011001101000100011000010
111011111000010110010011001100101001111110101111000010011100101000011011001100110110111010100011
111100011111111111001011000111011010011111001011111011110010100110010001101110101010001011010101
010011001011110000001101111101111010000100111111001010100000111111011000111110001000010101010000
000000011111100000010000011100100100010001000011110101100010101001100000101110110111111111110100
000000111000111000011110011000110101010011011101000111001101110100100011010001111010100101010100
110100100001110101000001100001101100010101010111010110100111100101111100101110000100000111010110
010100111110001110110010100001000101001011110001100000011111001011100111100010011101101100100000
001111011111101100010011110101110111111110001111111010011001111010111001011010100001111001100110
110000010100110000011110100101011000001010100110010001000110011010000000110000000110011010011010
101111111100001100000000101001001010101101000011011111111110011101101110010011111011110110010101
010010100010101000100000010011000010101011010010100001011110110001110110011101110101110010011101
101011001110010000010111100101000011110010100100001100010100101000010110101101010100101100101011
011110111001110010111000101110111011011010000111010000010001101000101000011101011100100001010101
110001111101100001011001011100101101000101011010000001110111101001101000010011010000111010011101
100110001001001011001110100100010010101010101010010110111010100001100110101011101010111001101010
011110100001110000010001010000011111111100001100101011100010011111101110011101011000110011100011
110110100111110010110110101111111001101010101001111101101001111101110101010101100000010011101101
111110011000110101111111110001101110010111100000100101110010001001001100000001001010010111010010
100100110100100001110111000001001011100011011001010000011001000011011000001000100011001101110000
011010001111101011110101011111010001010100100001000011110100000111110011010010010101011010001111
001101010000110010010111111000101100111001101110000000100110111111001111011111000110111100111000
000110100111000000011110111101111011000100000100101111000001001100000110010000001010001011101000
101000011101110001000001111000100111000100101010010000011111010100111001001011011110001000100110
001110001000001010100011001100000100110110111111110111110001110100010000011011100010000001011101
010110011011010010100111011110011011010110110001011010011110111001110110000110111000111100110011
010111000001100110101011010000010010111111000110010010011111000111011011001010011000001010010101
000111111011010000011000000110110000101001100101011101101011101001011101111000001101011000100001
101000010100000011000111111011101110010001000100101010011101101100000110110000110101011100110101
011110100100010100011011001011100001011001100110010011110100001101001011000100111101011011110001
110111111110010111001100001011101010101111110110000110101100100111011110111010010000011111000100
111100011011011000011010000110011100100101101011000100111001100100001110110111111011101010011101
000110111000111110110111000011001011111010001101011111011001011010000010011011011011010110000110
100000001010000101101110110001001101100100010001011011101110101010110001011011011100100011110111
100001001001010010101110010011011010000100101011111000010000001111001100101011010101110001111111
111010100010001001001100001110010011000001111001110110011111110000010110111100000001000011001000
011110011000000010010011100101000110111000100001011000100100010011100101100100110011110010111101
111110100110011111111110011100110101100010010110100000011111011100110001010000101011010011000111
110111110111001111101010110010010011000111010011011001000110101101110110000111001111111110011001
010001001111011010111111010100010110100001011000000001111111110001101011101111110001110110110010
011100010001010001111001001000000110000011001111001000101111100001011000000001001101001011110000
000111010101111010010011100110011001110101111110110100100110000101011111100110100010010001001111
011101111000010101010111111110011110000111010100001000100000101000100001110001000010000011011101
000100111010110110010111010110010011001010100010010001010000110101110100101101010010001001011001
001100101110101000101110110101000100101001001000011110011010001011011110010111011010000011001010
000000101111111010000010101010101111110100000010011101100000101000010001011100100001001101111010
100111001100010110001011100010111010011011010000010111000100101001111110100001000100001010111011
100101111111001011001001000010100110100111100111100101101101111110000001100010100010001101110101
000001101111000000110010001010010100001000010110111001111011010100111000100110011111110010000111
010011101111011101110000101101010111100001110001110111001110101001111000001100011010111110110011
100101010001111110101110010000110100001101011101000110001010001011000000010110110010010110001001
000110011010011001011101001101000000100110101011011111100011110001100000010100011100000011000000
011001011000111000100010100011100101011110010001001001010110110000001100000001101100011111010100
010100000110100111010000010111100001111010000010111010100111101101100101010111011011010001000010
000101100011111010000011000101100011110101101011100000010111011010110001001110000101001011010101
001111011001010010101111110101111101100111001001101001001101101111110101000110011111010100101010
011100110101011010011100100111001000010111110110011101101110010000100111001010010110001101110011
101111110111011101110100001100111100101111111110111100110000110100110101001110110101011001011010
100101001110111101011110111001100001000000000111110101011111010110000101010010100001110101101101
100101001110001100011101011101001000110011111111111011001010101010111101100110011010111011011001
101001010010001111000011111100010000101011000011101101010101100110010010100011001100100111101010
001000001000110011011111110111000101001101100011010010101110100011101111101010010100111110100100
011100011000001000001100110011001010001110011001110111011110111101101001101011110110000000110001
100010101010101101011110001110100110000111101101111011001101101111111011001111100001100010011111
010101101100000010100100100001010010011100000110111110100011111000000011101101101010100001100110
011100111110001001100110110000000011101011000000101010111010110101100111110010100101010000010100
110000111111001011010010011110110011010011101000111100101111011111110000100000000010010100000010
110111011100000100001011100111000001101011111100100000000000000110010110011001101110001000111000
101011011010110111000010000000010111010000101010000111010100100101001100000110101110110011100101
010111010000111110111101110100101001000010111100100100101000100111100110110001101101000100011011
000001101011010011010100001011100101001001100011001001110100010001000000001000101111110111100110
001010100001101001010101001000101000101011110010100001000000011100110000100110011111101111100010
101010111011000110110011011010010010111111110101111010110110101011000110001000111100011000011001
111011110101000000001101011011010011101010101111011101001110110100010000001110101000011100000010
111101101011111001000101011010001110111101111000110111101101110000011110000001110001110011111101
100100011000000000001000001001100000110000111001000110110000000100110101010001011111101100100111
101111010111111101111010110111100011100001000101001001110001110000101010011111001001100111010101
000111111111000101010101111001110111101001001100001100010111100110000010011011011001101001000011
110001011110000101101100001101100110010101111000010101000110110011100001111101111001100111011110
001001010111110110010010011101010001001101110101100111110110100100010010000010011001111100001111
101110100110010011000101101010000011011001111010001101001110001010101001110101110111100110001010
101100101011000010000011101001111100110011100010001100101010010100011111111010010001011111110110
000110101111101101001000111100010110101010111011100111000111101010011100000011110001000111110000
001101001000011110100011100100101010001001110001111110011001101100001101110101110111001100001001
111011101001001110101111001111101010001000001001110000111000011111101011110110001000110100100100
000101011101110011110011001110000001000000011000001100111001100111010101110010010111001110111000
101010010111000010011111100000000010111110011110000100110111100001111011001010110010100011101001
110001011100011111001100000110101110000010101111000110101001100001001001111010001101101110110110
111011000011101101000111011111001011001011100000110111010101011010100011101000110000101100110100
110010111011101000000111111101110001001101001010001100000101001111011000101110111011100001010011
111110011010110001011110010001011000110010010001011011100010100101100000010011001101000000001011
111001000010010101001001011001110001000100101011111100011000110011010101010010111000010000101110
110010001011101011101011010111000010101111101000011101010010000100001111101000001011010100101010
011110000000101100000100101110001001010011101010100111011000001110110111111010011100011010111101
110101110110101111100101111011110001001010100101101100000001110010011011001011111000101110010110
100001011111101010110010000000000111010010111111001010001110010111000100011100000100001101101010
100000111111000011000011110110011001001111100010101101101111000100011010111001110101011011111111
000100111100110010011101101110010001011100111111101010100001011001010010001001110001001110011100
000010001011100011010000010001111000000011111000011000011100011000111100100111000101010001110111
000110011111001011000101011011011010011110000111111110001001110101111100001001010001001011000110
011010111001100001010001111011100111000101110100011111000100011000110110100001101110110101010110
100101100100101010110010010001111011001100101010111111101010011000101100111001100100001001010010
010000000011001101011000011111010100101110001110111001000100011010100010111011101001101000101010
001010101001011010000100110010000010111100011000000100011100001101001100001110111101101100011000
110011110100111111000111001010010111110000111010111100101110101000110100111000111001011111010111
101010110011110100111010100110111100010111110000111101111110011000010100110111100001111010010111
110011001100010010010111100010011000001010001101101101010001110011011100000111100010001101100100
010100010000001110000101111101101011001100100100011000100110000110110100001100011110001011011011
110001101010011111100111101011100010101000110000001100001000001001101111100111011010000000101000
101111100000011011101010101010011001010110100000001010111100110101010111001011001100001011110110
001000010010011010001101001010101001001001000100011010011111100010010110100111111100101000111001
111110101011100011100000101100010000011011001111111011001001011101101000011110000000100010011101
111001001110100101010001101000010101111111010111001111000010010101100110010100001001000100010100
100101110111110001011011011011010111100001111010111010011101001011101111011110111110000010101111
011110110111110000100110110110111111010010111100000111111110111001101000111010110101010011101101
000101011110010110101110101100100000010101101001010000101000001001011000010001100100001110111111
100101011001000100011010100001101011111110111111100010001001001111111100101010111101111001011001
111100111010101110010110100100110111000111111010110111000111001110111010001010110100010111101111
111101010111000101010101011010001110010111001100001100001110000001001111011101010111111001000101
100101111110001100011110111110111011010110101110010011110111010000111011110111011100110010100101
100101110011100111001011000100100101011011101010000000011001110011001001000101010110111010110000
110110000100001000100000111100110111110100100011100001000011101001001000001101010101111101100110
110110101000000011001110100011010101011011101000110111111110111010001011101101110011001000100111
101000001101010100001010011001100100011000101010110100111100100101011110001011011000111000010110
001010111101011000101000000001011100110001000111110100101011011011100001100100001010001001011100
010100010110111110111110100100001101010011000101100000000001110101110000010110101100001010101101
100111011100011100111100011101111101110101111101000100110110111010010110100111101001001001100011
001011001110010010100011001110110011001011110110000000100000111101000001010011001110101010001111
100011100011110100101110101100111101111011111111000101101100110000101001011110111100101101001010
101101100000010110011110101101110010010010000100111110101110111100001101001010111111011010000100
011010100010110000001110010100111011110010001101011000010110001010110110100001001101111110010011
101011011001001100001011011111101101011110011101011110000100010100101110101100101101011100100110
001100101011011011001111100011001011011101101111011111001100001111011110011001001001110011010111
100000110101000111001101011001010000111010100010011010101011110110010101111111111001111001101101
000110011100001000100100100110011000100011110100111011011101101100110011110111000011011111110001
110111100110000111101001010101100111100111101011000101010110101000001011101011010101110110001111
