000100011101011110010100110010000010110111101001110110010011000101100100101110100111110100100101
001011000011010110100101011101001001000101110111000011110001101111000011101101000011110010010110
000001000001110111100100000001011101101001001001110101000101100010011011110001011010101111010110
001110101001011011110110011110111000001100101100100100011111011001101010011001000110011001000111
000110101000010011110001011010001001100000111001110100110000111001000110011010010110100001110101
000111110101100001011110101010010010000110011100001110110100111011001010001101010110011011010110
110100110010110111101001001011001011101011011110100110100101001001100010001111101010001110000100
101010000010011110110011100100011001010010101001100000100111001101010110101110001011010010011011
011111001110101100011101100011111001110101110010100110100001100101001111111000100011011101100010
011110110001001100001110000010101001011100110000110000010011111111100110000010010001111000011111
111100010000010010100101110101100100101101010100101110101011011000011010100111001011000001010010
000011011010011001010110010101110011111000011110000110010110000101111100001100100001010100100001
000100101001111111000010011011001001010110100001101110010010101011111101101011101000110110001001
100001001010100100100100010011010000010011111100001001110110101011100110000001001010001010000111
111001010110001010100001011000110101000101110110111110110010001011000101100011110111010011101010
001001011110001000111000100101110001101110011001111011000101000010010010001101010011110111000101
100101110001101101111111110001100000011111001100110111010010000010100011101000010101010001101100
001001000000100000000100001100010010011001111111010011011001101101111111001101000000000101101101
110100001000100000010011100110101010110100001110100010010111101110111010100010110001110000101001
100111001000101000011000010010111001000010100111011010100100110000101000001011010000101101001000
101111001011101101010011110011100110111011001110110011101010111101110000101100100101000110001010
001001110010011111101110001001100111110000100010011000100000111011001011010110111101001100000011
011010100000001100000010111010011011101111000110010001010010000000001100011001101110101111011100
000110001010100000110001001100001001010000101101100011101000111111000001110000100100000010100101
000111001011111000111101111000000110100111100110000110100010000010010100001101001000111000001101
011101101110100111011110010101111001001110001010111011010011111100110110110100010011111010000111
011101000001011001111100011011110000100011100000000010110111011101011111100100001011101110111110
101000010001000010100111100001100100001000011001111011011111000000000000000000010111000110001101
010110010101101000101101010111101011100011011111110001001001011111110111100111000000101100001010
011000011001101011000000100000010010111001010011000010011000011001100101000000001101110001000000
011011110010010111010101001001010010000100000011111001011001100100001101010001101011110010111111
010111101011001100100000111100011011101001100010100111101100110100000011101110111010110010001100
001010111100110011100111001110111010110100110001101001001110001100111010000000001101100000100111
000011001011101110001111111011101101001010110000101000001101100001101011100011110101011101110000
101110110100101011110010001111000100011110100001010010101101100000010111101110100000011110110111
101011101110010110000101011010101000001100011000110111001100010001010111001010111110110101100011
000011101001001010010100011100111100011111010110101110011011001000111011001101100010010011010110
001010010010011110110110111011110101000101011100001010110000110110110001100111111100110000100110
100011001001010110101100100010101101011001001101110111110011000111101100010010100101001000011001
000001011111111100000000011001110101101001110011011100111100101011011001111000011110111100001011
100110111001001010111000110100001101101101001101000000100001100101000110101111100010100010001010
011011101110110000010110100010110110011010011111001001111000110010011101011000111011001010011010
011001100100010010111010100000101111111010111101001001001011011000101111000011100111111010010111
001110100011001100000010000101011110101111001111011110001001000010010001101011011001111000000000
011000011001000101001111100001101110110110010100111011011111100010111010000100111001000110111000
001100100100010010101011011100011100010110011011111100110001011111110010011011100110010010001101
011100010111101100011100100001011111011100010000100100111000011110101001001111011101110110011011
001011101000000100110000001011111001110110100011111001111010101101001000101101000011110010101100
001111100100101100110110000101101100101001011000001111101010101010101111110110110101111001000010
110011010100110011011001000000011010101001110111111011100010100010101111001110100111010010111110
011110010101101000101110000001101010000101110100100010100000011111011111101101101011101001111010
001111101110110110110011001000100001010111011111011101100100111010001010101011010010011010111111
011100110000011110100010011101000011110011001110111000111000000000111111011110011000010000101011
101010110101011100010000000110010111111000101001010000100110110110111110110101001110001010111000
000000011011111001011011001101001000011110000100000101010011000100100110000011100010111111110011
010111001111110001010101011011110000001100000101011100001101001100000010101100011011011010101011
000000101101001101010001111011000001110100101101001101001111101111011011001001011000010101110000
110110101011100001001111101100000001100011010000001001111101001100011101110111000101011101110100
101100000000001010001010100011010001111000100110000000110001011010001011011100011010100111110001
011101110101111010100010001001111010010111010000001111001000111010000111010011100001111011001011
110111010110110101100101100111000001110110000100101110001100011011101000001011111010101100111110
111101101110011101011110101101100011110101111010011100101100100001001110010001000110011110101000
010110000010111111010100100011001101101111010111010010101010010100000110110101100011011111000110
011010111011111100110101110110100011011100001100110111010110110010010001011111111010110001100101
100011110111010100010011100001101001101101110000001000110111101100001111010001101101010001100100
111000111000111100010101101011110000001100011111010001100100110101011001010011111110001001100111
100100110000001100011010111101001001000101110010100101011110010110001101100001010111111100111110
101011001001001000100101001110000100100110010010011000000100001110100101011011100110001010000011
110011111010001011001011111101011001111100010110100010100111011010011001111001100011111011110001
111100111110110000001010100001110110100111011100100110010010011110000011000100011100111001111000
000000110010010110000101111111111011000010100011000001101011100110000101000010101111111100000100
010100001001110110010001110011011111010101100101110111100111110100000101111111010001010100011010
110000000000010010010111000001001111011100101010100110010111000101000000000100001100100001010000
011000100010000010010111110110101010100010001000110010101001111011010010010111111110101111111100
111001101011111110110111110001001000001000011110011110100010000001011110111011101110110001110000
000011010001010001011000001000100011101010011011101011011111101011001110000000110100001011101001
101001100100000110000110111111111100110110111010111101111000011011101111111011011111011000001111
011111101110001000101000010000010011100010000011110010110011010011001101010100001011100001111111
101011011001011100010100010011110011100011110100111111100000101001000111111010000010100101001000
110100010110101100011100110110001000101111110111001100001000100001000100101000001001011110000001
110100001011000101111101010111010011001100001000100010101101100010110100010011011010111101000010
111011101100010100000101000110101000110011101000110101100011110110010110010101011011101011110001
110111001010111000111011101000101010110100011001000010111010111100101100011000100000110000100001
010111011010010101010111101000011000000111100000111101011011111001011101000010110011010110100000
001101001011011010101010001010111010001111001000100001100100000110101110011110111111011001011100
110011001011001010010110111111000111000110000101101100001011110010111100110100011111011011001011
101011000000111111111001010000000010000011100100001100110111011100100111001110011010011111111100
111111011101101000101000011110010111110111001111000100100011100010001101110000111001000000111000
110111111011100000000110000000101010110100011110010000001100000011110100000100111000000011100100
010001000100011010001010010010001111011111001110000110010111011010001110110001101000111010010101
011010111011010101100010111101100100011010001001000111111101110100000110000000100001110110110110
010101101011101111000110111010100101001110011000111011101010100000010011111010111001110111101011
101010001010111101011000010010011010111110000011001111110100110110001110000011000100011100111100
101001110100110000101010100000100000001101100100100010100101010100010101001111011000000001000110
111100001100000111111101110110111100010011100100110000100111111111100011011000100111111001110110
101000010010010111111001011110101101010101011111010110001000100010011110011011001110010011000101
100100100011111001101010100011101000001000000011100110110110111100101110001001110011011100010010
111110111100011010010001011010011111101000010101011101011100010110001101111001000001100010010001
010100111100001101001000000100110011011011010101101110001001011000010101010101111011101011010110
100100001111101001100100111101010111101001101110111110010010110111111000001001101000000010110101
101010001101100110100111011110001100010001001101011110110010110101111110001110011000001001100000
011110010001111101111110001001010111011011011010001110001100001000101001000111000010100000100100
100100000001000000011010000011101101011100101011100011111111000011000110001111011001001011110111
010111001110000011001101010000101110011000100011101011001101011111110000100100111001001101000110
111111011011100110101110111101011011011110110110100011100101100111100110011100100111110111010111
110010001101000111001011000111010000101111100100100110100111000100011001000000000001000001111010
010001001100111010001100011101010100110000010111111001100110111100100110100101100101010001100000
100101110110000101101110100010110010001110011001011110100111101100100110000001100111000110111000
010011101011010100110100001011001011101110111011001010000010110101001110101101010011111011010101
111001010100100111011010100000000000100111101011000111101001110001100110000100111100000001001100
100110110010011001111101010011010100110100011100100101001110011100010010111110110101111110101100
000011011100011000011101010100101011000000111111011001110101110111001010100000011010000001011100
110110110000101001111011010001011111100101100001011001100101001000010001001110000111100101011011
101100101010110101100101000110010101110011101111000011010010000111000101010001100001000001110101
101010001111010101011010011110010010100001011010111110100000100011101000011110011110111110011001
110001010001010101001110101110111010110101110001101011110111111111111001010001110001101101010101
111111010000111001011100110111010001011101011101011101100111111100011010010111100100001100101100
011000110011010000001101111010111101110100011000100000101001001100101110000001001010101111001101
110011100011110101100001100001001011001110001100111111011000111101101010111110010111100001110010
011000000000100110001010101000000000001101001111000011011000011001010001111010100001100011110001
101110111110010111100010100101111010010010100000000110011100001111001111110001000110000100001011
010100100111101001111001000011101011110110001001110010000101111011110110100111110101101101101011
011010110101101000110111000110111110010100111010010111000110010001001010011010101100010111101001
110010000101000000011011110111010000000000111000100111100001100010010000000001101111001100110100
110001011111011110001110010111010100100001001011001100011100010011110100111010110000011010100010
101011100111000000011000110000110001010010100001111111100010000000101100001011110111100000111000
000000010001111100000010111001101010101000111111100110001011011111110101010110111110101110000010
011011101101011101101101111000100101101000001110100011111010100111100011011010010100101101000100
100111010100110000011000111011111010110010000100010000001111000110000010111000000111000110010110
011110100111001110111000110111110100111011110001100010111111111111111000011100010011111101000001
001101111111100001111001011110101110001101101101001010001011001001011110011100000011010100011101
001111011000100000001010010111111001000111111101110000001001111101010110100011001111010010001100
000101011100111001111001011001101001001100011001001111111100111110110101011100011011111111001111
001010100011101011011111111010010110010000001101000011001110100100000011101111100110101101101111
001010000011101110011111010111111101011001000111001110111001111010000000101100000010100001110111
100110100111111110000100011100101000010101110001101110100010010111111011010101011000110010011010
011100101000101101100110010011010001100010010000111101101110001000111011110100010100011001110000
001100001010010000110010110101010000011101100000010001111111010011101110000010001000111010010100
001110000001111001010010011111111101110100001101111111011001000100000110101011110100111011101001
010110101110011111100011010001001001100101110010101100100001011011011100001111010011100100011100
000000001000101101101111010000110001101100000101000110001101101100010000101101101111110001010101
011010001110010110101011101100110011000010000110011010010110011000001111101110101001011000100101
110001101010110011101111010010011000111111001101100001101000111000001000101111100011011111110011
000010111010110001101101000000101000000101000101011000010001111101010000000101010011001100010001
001011001110001011100000100111110010111010000001110011100010000100010110100011101111010001110001
100100100100111010101110111010010101111010101100110000010101101001010100100101001110001001111010
101110101011111011000010001000101100111001001000010101000101100101001110001100010011100100001011
011001010010010011000101110001100110011100010000101110100011100011000001011110001100101010101010
111100100000101011001010110111100101000000111100010110010011101000111000110001010101100000101000
100001110101000111001110011110011111011100100000101110101000011100011101001100101110101100100011
011111110011001110111000010110111101001100010011100110011101100110101010010100011101101111100110
110110001100110001111010000101000000001111111011000010001000011010011100010110011111010110011100
000111010101011110010101001011101101101100101011010000110101111001111110110000110110000001001111
001110111011101000101101110110010010011110011110010000010001000101010101110111010111101000010100
111000111000111101110100111001011010010101110100111110101110001010101110101100000111110010000100
101101110001111100111011001100011000100000000000111100001110100101000001101100111011100010010010
110110001110101100010011110000000001111011100010111011110000011011110111110101001100100011001011
010000011101111110011011010010011000110001101000011010011111001110010000001101101001011001111011
100011111111100001100111101001100101111001000000011101111101001011011000000010000111111011000101
001111110001010001100101001111001111011001101110110101100000010000111010100111000100001111001010
010111000000001101011000100000110110101110001011010010011110100101110111100101101010000101000001
111100001001000111011110101010010010010100011100000101101010000101010110110011111000110111100001
110010110000111011111100001111101011011000001011111010011110001101101000010110010110110000111001
100011100001100110001001100001110110111000100101000011001100000011001110011100110101101000100111
000011110110000110110110111011000001111011110111010110001000100000110001111101101011010000100000
011011101101101011001101010011101111111100011000101100000101001110010110000010000000100100111101
110100011010011101001001001010100001011011010001011101100100010000001010001110011001001110000110
000100100000100111101111000011100101000111001001011111001001111110000101111011100101101001111100
101100101111101010111110011011001000011001011100100110101011100010100000100111110011000111001000
000110101001100011110011000101111001010101100001110011010001011111110001000010111001011001101100
001100001101010111011100000000111101011100010011111110010111111010010001000100000001100100110011
011101100110000110100010011111001000010010111110101100011110010000101110111001000010110111000011
100010111110111100000100011100000101101010111110000111000100110010011111110011011111111111011010
011011100010101111100010111000010000111110000110101010100100101110001111101010101010110110011100
011001010001111100101110101110011101000110110100101110100101011111111101111111111111001110000010
001110010011100010011100111011101010111011110111000100000110000101001110100101010101100100010001
111010110010110100010010100010000101101010001010100110111111101011010110100010011010100101100010
010110001110100101111110011010100000101010100010101111111000000001001000101111011010011000001111
101101101010100011100110111001001110011100010101010110101000101010100000111010101010111101000001
100110011111010101011001011010001110110100111111101111001000100010110111010001100101111101000101
010100101110001100110111011011000000010001000100101111001100100100100111011001100101010101000010
000011001001110010010111110001111101000101000001110001110001110011100000101111111111111100000101
010010111110110111011010100100100010111100100111000011100001101001110111000000000110100100110010
110111110100011111001101001100010100011001110101010011010000000100110011111101110010010010011001
110000000000111100111110001010101011000010010010011111010001000011011000011011110011001101110001
100000011101000111001001110101001111100010011100111001100010000110101010101001010111001101111111
110101100100111100100011011001100100000100001011100011001000010110001010110010011101011011011111
110011110101000101110000111000001100010000111010000110111011110111000010010001001101000000100010
101110000110000000010100100100111111011111010001000100101010000011111011111101010001110110001111
000010001001000110111010101101110011100101001010101000010001011100111100100010000110100010000100
000000001000111110110010001001101011000101100100100100110010001010011000010111000000101111011000
011100101000010011111001001001100101010110101100101001101000111100100010110100101111110101111111
100110110001100110111001010011001000000000001110011111100000100001010101101101101101110110110011
000111101100001001110111100110111100010101111101010110011000001111000110101010011000000011011110
001000100100101110011010001010010010001001010011011100000011000000011011110001000111010101110001
001000101111011010111101100100010001101110110001011000110001111001010111110101010010111001011001
111011110001001001001100010111011000010011011111010101110100110100101001011110110111101110110000
110011001010011111011100111000001110100111101010101000010000100110001001010001010001111000101110
111001101110110111111011000001100100010010010101001010100001101000000011100100111000000010001011
111010011110100011011111010100110110110001000001001010110101000101100010001010101000111000000010
010010011000011000100100010110110011111100011010010110100001101110100110001110110101011000010010
110101001001110001101111011010110010011101100011011110000000011001110000100101101010101000010011
100001110000011110110111100000011110000110000110001110000100011101011101101011101001010001110000
110111000100110101110000001011101101010111101101101101001101100100001001001011110100110011101010
100011011011101011101010011001101101110001101101101111011000100100000100001100001000101000101010
001000001110000100100100101111010011010111000011101101110101111100100100011100010111010111001010
100100110000001000010111101010100011011110001100000000001010001100011100110010111100000000101000
110101001100100110010010101011011100001110100110100110010001110111111011100111100010100110001010
010111101010100001111010000010100000100101100000110011111011001011100100001110000111010101111110
101100010010110110011100000101101101001010101010100010100001110110000000100100101000010100111101
011010101000111100100001101111010100010010001001000111101110110001111011111110000100011110101100
011100000010000110101110101100010101001010000110110100000000100101110100001000111101111010100011
100001011000100110000001100011101110011101010101110110101011011100001110111001111000100100011011
111001110100001011111001000111000111100100000111011111101010001110110001100000100101111111101110
111011100110010101010010000000100111100000001101011000111110110010100010011111000101001001101100
101111010010011101000101000011011100111100101111011100110010110010110011100001011010110100100000
011110001100111000011111101100010110101100000010010100111000110111111000111100010000010110000000
101011110111110011100001000001111111110101010001101110000111011011011110001011100001101111101101
100010001101110101001000001111110111011001101011100111000111010000001100011111010010000101011011
000000110010100011101000011110110100111100101100110001101101000011100010101010101111101110010101
000111111101101010001011100101001100001101100000001110010100010110100111001110101010001001001010
010010110111001101001010100001100111110001001001100101111010100010110000010000100000101110111110
011001000010100110011100010111001110010110110000011001111111010001100110110010001011000010111110
000000010111001000111001001110000111011011111000000111011010011000111100111110011011010111111001
010110100101110111111101010000110010000111101111101100111010110010011110011001001011011110011101
110101011110010101000000110001001100001010000101111110010001011000100101000011000000111111111000
010111111111111011011010011100001001000001001010111100001010100010101100101010010001010111110011
110101110110001010001000010101000010101011101100111101000110110110101001101011110001010010000000
001011100101011111010100010101101001000100111010100010100000110011010011100000100001011101011011
110011100100110100101010010110100010001000110011101011011001100110101001101000100111101010000011
010110000110101001010001010001100100110011010011000101100110010010101000111001001101000000110100
110100111110001100101000100010011000010110100101001111000011100101010100010000010101111001010000
101101010011100110111000110000010111001011000101111001011001100001100010010001110001111101011100
010110100101010001111011110101000101100001100110110110001101110100011111010010111001011101011011
101011100110001011000100000000101001100111000000000001010111111111001111111000010111000110100000
001111010101001111101100010010111111010001100110011010110110011101010101101000111110010100101001
100000101011101011101010100100100001101011100111111001000001110010100010001110110110000101011000
010000111100101010011001111101011110010101001110010001001111000100101011111001100100001100010100
100110100010111101111101010100011011011001100111010101111001000000111010010101011111000100111000
001000000100010000101111101011101011110010010010100000101001000000011010000000010011011110111101
001100100011011110010001101101011101011100010111110011001100001010100010101000111000100011111010
110101001110101011101111100000100110101001110110010111011110011100101111101001011100101111010010
101001110111100110001101010010000110010100101000111011100100101100001010010011000001101111100110
001110100010101110111101000111011111011110111010100101001011100000100101010111111110101100010000
010001100000101101101011000010101000101011111011010001110011011001011001001000110001011100000010
010110000110100000111101001100101011110111000100101111111001010110111000001111001100111000010010
101101001100110100110110101111010111100010001111000101101011001000110110011011000100011110100101
110110110101000011001101000011111100101111101011110011010110010110001000011111110100001011100111
100101100111110011100000010011000000110110000010000111010111110100100110001111110011010111111110
101001010100011011111111010011101000011101010101110100011000111001111010000000000010010000000110
111101110000011001000010000101111011001110010110010000111001010100001100101111111110010101101111
010110111001010101010100011111010001001110001110100110000100100101110110001100011010111100101011
101101011101100101110011011001110011001111010001000110000100001000100001000111111111111000100001
000000100110001011110110100100000100110010011110111010011001011000110011001010001100001010100010
011111110001110101010100110010111011010010100111100110010010011110100101110110010110110111010000
011000011001111111001010101101000010001100010011000110001111001000100100100111100010111011010001
101010001101010110100101011000010010111000010010101010011110010111111000010100101100001010000101
000100011111000000000000011110110010010100000010101000000011010010001001100100011101011010001111
011110101000011110000011110110111011011101001000011111101101101001111101001011010110110110010111
100010010001001101110011001000110101111111000011010010100010110110100010100001010100100101000001
111001101011001010000011010110001010111010110010100011110100110000101100001110100001010010100010
011110101110000100010010001111010101010110010011110111011001001011001001100100000110000111011110
010110111100011101000001101101010000000111000001001000100010001100110111110101000110010001011010
000010010010101101001111111100100010001111000010100001000100001111011011101110100100101110110001
101101101111110011010010001000001000101001101010010000011000011011110001111011101101001010011101
010010101100011110101011100100011100001110101100111000100001110010010100000010100010011001001100
000110001110101100011101100011001000100001010000111110100010101010011110111100000001011101100100
010110101111111001011110111101100001000101001010010101110111111110110011100011010010101101000011
000100110110101101010001110100110000101011100100101000110111011000010100001001001101101111100101
111001111101000011111110011001010100111101001001100111000011100011011110011101110110111111011010
110000011001110001000001001111100110100000011100001101000001011110110011011100100010000001100101
101011101000111101011101001011110010100101111011101111101111000101011010101110010110100111101000
010010011011001010101011110111111000101101110101011000011110000101011010101001101011000010110010
000000001010110110100011100010000000110101101000101101111101000011010110011010000001010110000011
010001110000001011100000001101010000101110101000110101001000000000000100101010011101000100111000
110111001110100001111001001101101001100000111001000011010100011001001111000010000011111010111001
011011001011001001011000100001001000100001100110111011010101001001011110110111100101111011011010
000001001110010001010011101011010111011100100111101001001011101010000001011100001000110110100101
010100101000111100110110000011011111001001101000100000110110110000010101110100101101000100000110
011011110011010011001001011111100101110000100010110110100111000101000011010110100011101101000110
010011111110000110011101100000100001111010010001001100010111000111011011001011111100100000011001
011110001011100000100010001101110000000101111001010001001111011101001011011001001110001001000101
100111001111001100001100000001100100110100101011010001110011001101010001111001110000100001100100
100110101000100111001000110001000001000111011011011000111100111001100011101000011110110101110010
010111010011111000001001110000100110110010110000010000110110001001000001000000100010010110111010
110100011110110110011110000100101111110001011110111010000110000101111000100000011000001100011011
011101110010110001100110101100001001111010011101011101110100100010111101101100111100000010100111
001010000100010001101110010100000100011000100101000111111011111100011010100011011111100110011001
111111111101111101001101001111000001100101101110010110110100000110000100001000101110111011110110
010100111100011111010011001000001111101011000110001101011000011110010000111110110100010000111011
011100001011010011010011110011011111001001100111001100110001101010001101010100101101101101011011
010101100011100001110001000110001110110011000101000111010001111011011111111100101101001100000110
110011010100010100001010110011111010100101110011110100011010100110101100101101100010110010011001
101100110000000010100111001111101111110111010100101101101100001100111101000101010000001011101010
001011001101001011011001010111000010100011000100010110001110110100110001110100110000111110101010
100011101010110110010101100010010001011000011101001010000101011011001101110011001011011010001111
010000111001010111000101110110100111101000001100011001101110100100001011110011011111011011110110
111011110001111110000101101101010010111101010111000101010000100101011001001010101010001101101000
011111110101101000100101010101101011011111011000011010100001000011010110101101000111110111001110
101001101101101111111110001000111111001100000111001101000100110101111100000101010100100000110111
011111100110111110100101111110001000001000111111111011100110001010010010011001111001010000101100
100010111010101000110101100001011001000000000001010000000001101101111000001010101111001100111010
010010100111011110011010101010100111110100010100001110111011011110010110010111110001000011010011
001111000001001000110111010110110000010001111101011110011111001011101001100110100001011010011100
011001100000101011100100110111011100000111000000110111100001001001000010010000010001110010011110
000101000111001110111001000100001001111101011110110101111111100101100010011000011000100000001110
011001110101110010110100110100111111011010010010100011001001010100101011000100011001101101101001
011101100000110101100101011100010011110111101010101100111100010111101000110111111100011000001101
111001111110101001000111101111010111100101000100010110110010100101111011010110000001110011010111
110111001100000111110111101000010001000101111100110011101011110101011111100011100101010011110010
010000111101101100000001011101100001100111100001110001101100011011111100011100010010010100000110
110111000001111011010100001010110100010001110100010110111110010101000010111011011100010011111111
010111100001011011101001111111000010110010000100111100011100101110001001101010101010111101110010
010011110000100010100101111010000101101111101110100111011101101110001101000001011000101000000010
000110000110100111111111011010101011101000100101011100000000110001110010011101011000010010101011
111101101010100110110110011100100010000011010111000100110001010000110000001010101010000101011100
011110100100111000100110100010010111110101110010100100111010110100111111111101000000010110001110
000011010001110000001010000100100101111101001101101011111010111111000110110001101111000100100110
111100011010100010001000000100100101100000101100100110010000011011000101010101101101000111110101
010000000101011101101111001101100001111100101101111110001011111101000101111000001010000000011001
111101111101110110000000100110011111100111100011111010011101010101010011110001101100010101000111
110000100011100100111010110011110010100010111010101110000110011111110000010111110110111111010001
101111101010100101110010100111100001100101110010100111110110100001111100101010110001100101110001
110101001111111111111010100001001000001000010100001100001010011101011101101010100000101001110010
001011010110111101100110011110101100101001000011011111110011110000111001101110010001110110101110
100110001101111100111011101011110011010010010001111111101011111101101110010111101001010110000000
001001011101101111100111100011001001001111000001100100010001101100110010111011100010000011100111
101100100011001110000100101110010111011001110100001000111001011000010010110010110001101101011011
001110111000010100111001001101000000101111110010010111011110100011111011011001010011111100001100
011011011111101100010100010110000001111110010001110111000111100011111000100100001010111111100011
100110110100010100000101000111001001001111111111101011011010111001110100110000000110110001000001
100000100011111011011001110001001000011011011000011100001101011000010001110111110001010110111111
100111000101100011111110110111000001000100000001111101011011001110011001010110010111100100100010
101110110011111111100110101010001000011001001010000100010000111010010110100010100111100100000110
000001100010000000010101010101001101100100100001110010101101010001010001100010010011100110000100
010111101111110111000000000000011101001001011101100001111101000101011001001101011110111101101110
000111101100100110111100101001101100110100111110100100010010000010101100000111010011000101100001
001100000111011111110010110110000111110011011010110011100110100110010111101111101001000111000110
100100010000010011111101111100110000000011111000101111111111111010000101001101100110000111111000
001010001011000111011000011001101101000100001100111001001001101011100110010111011001000101110000
000111010010110101100000100011010101110001110111100101001010001100001101101001111101101010100111
100111010101111110000011100110010100011000001110001001100101111000101101010000110001101100100100
010011111111111010101101001001011101111000010101001010000001000111001111110011010001110111100110
001100001110100011100000111110100101010010100100101010101001001101010010000000100010011111100010
011100100111111100000010110101011100000101010010010111111101011011110001001111011110100010001101
111000000000000010100101100111010111010101000101100110111111000000110010011101001101111101001001
001110000001111000101010101101111111100101110111100111001010110100101011000011100010011100101000
101010001011001111100101000110010111110000011110100100000011110111001011110001101001010111101010
000011000000001011101111110111100110000001000001101110111111001001011111001011011011001111000001
101110011100100000101001010101000101111110110110011000011001111001011000011000011001110010110000
110001111111101101111010101100001100000001011001111101111100011001111100010011011111011000000111
101010011111111110100010100110110111000110110010001000011110000011010010010110110010101011100110
000110010011100101001011110110011100011001000101010100010001111011100110011010010110011100111111
100110011011111111001010001011111111100010010000000100000000100010111111100111101101011010111100
000110101100011010100100010110010110010110010001010100111101101000101101100010101111101110001110
011101000101100000010101101100001001101111011001111010001000100100111010110111111001101001100011
010011001111111110101110110110011101100000100111011100000001011001110100000000101100101001000010
011101110000001001001110010111111001101110111011100001000100111110111011001110111101011100111101
010100100111010010001010110011110110011001111010111111010011110010100101000000100100110111011111
011001011110100000111000101101001001010011101011111100101100001100001001010101010101010101101010
001010101100001000000111100001100010011110011111101010101101010110100110101000011001000010110010
100110101110110110011101000100100010101001110001001111010010111100000110101000000111111111101001
010000010000001100011110001001000111010011010001111000011000110110010101110100001001011101010011
110011101001111101101001011011101100101110110001001000000011000101001010101101110001001000000101
001010111001010111011111100000101111000000100001011000011010000010000001100100010001111110010010
100100010101110010011101001001001111001100101010010011101100001000100111100000100111100111011000
110100100001100101111100011101100001111111101001000110101000111101010010110000100110001000111100
010011111001011101101101100000000111110000101000000111111001000100101001100100111100110011100011
000100110001110010100111111110000111100001001111000011010111000111100000100000110110001010011001
111100000111111001011110111100010111100110110100001001111001011110100010011110110001110001101110
110111101000111111011100000110010001100010010011100001010100100100111101000001011010110110101001
111101111100101110111110000001100001001100100000011101111111011101010111011110010011100001001101
111101111000001101101011011101110011101111101111110111101001100010101010110010111000100000110110
100001001110000011100011101010101110010010100101011011101111011110110010110110111110010111111001
100010011001101110110110100111000010101101111010011110101111111101000100000000000010000010101101
100110010001111110110010001100010010001110000011111111100011011111011011111010110000001000001010
110001101001101000110001010010001001000011001011000100111011001110100101100110001101111011101110
101010011111100010101100110001111000010110110100000000111111000110100010000110000001000101111010
100100110001001110111100000111100010101001100110111111101011001101000000011000101101010011111001
011010010011001010101011011111001010100101010001000000111010000001011000111000111001000101010010
111011100000010011111110011100110011010001110101110001000001000011111000100110000000110010100011
100100101101010101111000100100001101111011100101100011111010011101011100001100010000011010100010
011111111001011101111110010001000111110011101001101111101101001111111110110110100100011010000111
111001100000110110010101010111101101001111111100001110101101001001010010111000011101101000011101
010001000000011101011110110010110110001000111001010000000001001101100110111011000010010111110100
101110111111010100100010010001100111110001110011101000100101111011110101001010101000101011111010
010100000011111000101101001100100010001001110000101110101011111001110100101110101001100101101101
110000100111001000111101111100100010001101100100101010011111110101000100101011101111100010001110
100001111111001010101000101110010110011011100011001001001011011111000011001110001010110111011101
100000110000000010010101010101100110110010000110110111110000011110001110001000100010101010010011
111011011001101101010100010011111100000001100000101100100111111010101100100010011100001101000110
111011100010100111010101101001010111111010110110111101000011100101011111110000111110000011100011
001011000111110001011101101101111111101100010010100101111110100100100111011110000001111010011000
011111100011000111101100101101000111011111110110111011001011111001101100001111001000110111010111
100001001111000101111111000111100100111011100011011110001001001001100110001101010100011111011000
010100000000011110110101100001000011001010100101011110011101111110010010110001101110010001010000
000111010010101011011110101100001010101000101110010000101000010011000100101010011101110001010001
110100101011010101110001111111000111010101000101010011011111010010011011100101111110011100111000
001001110001011111011110001101001010100100111001111110111001111000101001101110100001101001010010
011000101010011100110111010101111010110110101110110001000011101000100101111101111010101001101100
111110100101100010011110101110010100010010010111011010000010001111101010110001100110000110001100
010011101000111101011011110110100110000001001111001111110101111110001011011110100010001000010100
111100110011011100100010000111101010101101010000001111000100111010111011011101101100000100000100
010100000111000011110110011111001101101001100010010000100000010111111010101010110101001010011000
101000110101111000011111101100010011110100001011011011101000010101001110000011000111010010001011
110011001110110000010101011110101001000001001101000001111110010001100110101011110110111000011011
001010100100110000100110000100011110010100001010010100111001011010010100010010111110110110011100
111101101110011111101100001100110101100110100110010011011111010101100110110001101001111100001011
100011101100111110101111111100011011100011100101000010111111101001110000000110000000101100111101
110010001011111010111011111100011101000110010011011001100010100111000110001110110011100011011110
010101100011111110001101101011000101110111110010110111011110011010001011000110100001101001100010
100100111000010010101010110110101111111111010011000001110000001100100001010110100011010011010011
010110000110111001001010000100101100010111101000101101101110001001010010111011000110011111010111
010100010110111100001011100101101010101111111110011011111101000100001100110001011011101001011000
011011100001101010010101111011101011000010010111111100111011010011110011011100001110110101001100
111110011000000010011111010011110111010011001101001011001000001111111000001111011110010110111000
000100100111110011101101001111100011010100000010011001110110000010000001100001011000001111010010
010100011001100001101001011101000000101001000110010110100011111000100011011011010001101100000001
101001001110010011110010111010010101001001100111000100111001111101000001010111000100110010000111
010000100011001100101010000000101110011010101100100000010100001011100001100001110010000010111110
001111001000001000101000010010101101001010101111110101101101100011011000101010101100111000000100
111111011110010110001000110000101011000001111001010001011100110101000100110010000111110100111101
101011111011110110001111011001010010100111101110000010110101000000011111101100101100110110100001
011010011010001011101001011100001011110101000101001101110010001011001110101001001111011001100001
110110001100010110110010011011000010100100000000011110100001110010000101110001111001101100001000
001100010011100000100010110001001100000010100000000101001001110100001010100110110000101101010100
011010101101011100110100010000100100100000000000101011101111000101001110010000011110100101011010
101011000010010110101010100100111010100010010100010100000100111011001001010001011101010111101101
011001000110110111000101110001100110100100110110110010000010010010101001100011001111000100111100
010100001100110100111001010000101110101111101110111111011010001101000111110000001110110100010011
000001110101111010011000010000011010011110001010010110110101000101101111110001011011000011101101
011000101001001001111001010101000000110101111100110111101101100001101001000101100110101011011001
101101000101011010010110111110010110011010110111001110001101111100010010101010101101101010100010
111110110110000011111100010010000000001000011010010000110111001001001010011101001110101111001111
100000010111101110100001011010010001110111100100101100010110101010011000000100101100100010110100
010100111100111111010100101011000011111111000000101010000000011111101010100101010101101000100100
000111001110001101000011101011100001000010111001000111001001001010011001011011100001010100101101
010010101110110111101110111001011001011111100101011110011011100101100001101001110110111001001111
011001110100011000111110101010010111111101110101110100101000011000101001100001001000010101100010
010001001101101011011110010101100010111011001110100101011010110100101001010101001100001100110011
111111110100101000110000001111001111100111001101011001110110101011010100101001010000001001000101
100000010110010110101111011011010011111101111110000101111011010101001110000001000100011000110100
100101111000011001001000010100111010001001010011010010100101100001111100000000100001101011100011
100101011100101010110011101000110101100110100100000010000111010101101111110100111011100010010100
100001100111110111011011101001010101100011001110110011000001100101010000110011011000100100010110
101010001101101011101010111101011100100001111111001000111000111011001000111000000001000110001111
010111001111011110110111101000001101001111101101111001100111110001100110010111001111010000010100
111100001010100000111111011011000011101101001000100100101000001011101000000010011001111000111101
011001000110101000000000010101010101110101110000111011011100101011000000001100000100110100000011
111100011001010100100111110010001101111001000110000001011111111000011000110101000001010101000010
011100001101111011001110110100111110010100011100011101010101011100111111110111000101110101000110
100010110011000000001001001100000111110101100001010000110110111001000010000011110010001000001000
010101011101100111100010000100101010000110111110101110101100001100111100010110111111000000110110
010101101100110110010110101110000011001100101110111101000010111110001111010000011110110010111101
110101011101011111100110001010101010110101111000010100000011110100001010110111010010000010100000
011001101011100000010001011111010001000100110101111111100010100111011011001010000010000000111100
000111011100010111111101111101100110110001011111110001111010010011011110001010011010001100110000
010110110000011000010100111001100011110111010000010010011110010100011110001011010101110011101111
010010010100010011000111100110110100010110000101100010101111110000001101001101110011110100010001
000001001000111100111111001000110110100100100010001110000110000000100001001010001111111101011000
001110011010101010011100110011111110110001110111001101010001000110001000001100010111111011001110
011111111001111100111110111101110010001100111110110000010001100101100110100100000010010010011110
110010101000100000000101000101011001000011111101010100111001100100111101100010001110000010100011
010111010010111010010010000100000110101111110001110000110100010011100011000001101000100000010011
001001100101100111111001001001011101110100100001000011010000111100100000000000111111100010111101
001001000000100010101011110011101100101100101010101011000010111111110011111000001111010100011010
111010000011001011101001101111001001101111111001100011111100100110001100010000110111101011000101
000100011001111111010001100011101000001010100110011110110011011011110000111011100010001011110001
111100101110001101101001111011011000010000110010111010111111000010101101000100000101100111110011
010101101010011110110110010100000101101001100111001110011111010010111111001111100110101010101111
101010101100111101010101101000010111101101110110101111011111100110010100110000001110100010110001
111110000001100000011001001100011101111010111100101000100010010100011111011110001100100000010101
100101101100100001000000110101011110010110111101111110010011101100000001000110011110000010001010
011111100001100001100011000100101011111010100001111010010101101010010101110110011111010010010101
101101100101011100100010101101100010011100011101111111100011010001110001000011100100001010010101
010111000100111100011100001100011000010010001000011001001010110011010100010110011010000001011000
010100011011001010000011110011001101001001111110100111101011000111010101011001110111010101100101
111010111011010100100010101110111010101001101010100110011100101110110000110011011101010010010101
110011100011010101000110011111111110000100111000110100110100100110010011010011111110010100010101
000000011001101000111001001110111000011001110001011010011110010000011010011100001010101000111100
001111100010011110001111100010101111000000010001111101011000111010001010100001000110111111000101
000110010101111000000110110101011111100011101010000000111001110001111110111000110010100000001000
001110100110110010100100100011011101000101111001011000011001011111001010110100101100000110101110
011000100011010001000000101011001110111000101010101010110111100010101000101000001110001110101100
101101011110111011101010011001000010011110100001100001110001111100111111011011011001010010010011
000010001000111000100110010011101101000100110000100010010010001101001110010110000100011011011101
101001000000010011111111000111000110001101011110101011110110011011100110111001111101001101111111
001101101111011100110110100001111011110000110100111101001101100111000001010100110000100110001111
101100010000101010100000100100111001101010110111001011011000100111111101101001100001111101000000
101000011100010011000001010000101000001010011100001110001110001110100011010011001101010010101111
101001000001100000100111010110110100100100011010101110000101100111100001101100001010111110010011
100101010001001011111110111000001001101001001010111000000101011100101111110110011110000110001110
100101000000110010101110010001011000111001100100111101100101100000001100101000101101111100110000
101000010000100011101111011110011011001001011110011001011001101111110101111010110100111000000111
010100001101101101100110001011001111010011111111010000000100111110101100110000111011010110000010
100010011110000111000011011001011001000000000001010110100011101000010011010011000010011111110100
111101110011000100100101000011011100000100111000110011010111011111010100101010101110100101100011
110001000110011111000100111001110110111110000111011001100100101110001101000011010010101101010111
111010101110100010011001001001100000010101100101010111111110101010010000101010101001111110000010
010110011101111110111111011101111100011001110101001011000001010100110111101100110100000010110011
000100111001100010100100111001111111000001101010000010000011000001101001011010001011010010000011
100100111011101101001011101011000011101110010010011100011011000011110111100101100000111110000100
011110100111101100001000100110000100101011111001101101101110010001101101001011011111111110110100
011010011010010011011001000001100101100110100111010100001111110110111001101110001010101000110110
000100111000110110001101101001100000010001101001010101010101001101011010101010001100010010111110
100100111001110000100111110001000010010100101010001011110101010001011001100010001101101100011100
010010111111010001001101101111110100110000101110101111010101101110100010110110110101101101010100
101011010101001111011110110100011101001100000110010010111011101111111101010100000011111010010001
110110001100001100010110000100110000010101000000011111110010111001100001001000001010010101010000
101011101100010010101101100111100100101001101011001111100111100011011100010110100010110110111110
111010001101100100111101110100101000100101110000101100001100100110001011000010100010100100011010
001010000000101100011100100110000100100110011011100111110000101100101110101101001101100101111000
001110101000010001101101010110111011000101000000011111110010011111011010000011000000101001101110
001110001100001000010101001101001000110000011001100001100000111110001110000110100111110110001110
110111011111110010110110100111001111000011010010111011000001101110001010111000010111101001011111
110101101000010010010011001110101001110001111111010010100110100100011100100111011110101001001001
101001101111001110110101011011110101000000100110110000111110010011001101010000001111100010111110
111111011111111100000100111110011110100000110000001100010011111111110100000001110010111010010110
101000100100010111000011101101110100001010111011100001011111011111110000101110110001000001010110
000010010000011111001100010111100100110000111111000100100011110001111100110110011111101010000000
100010100101011111001000101100111111010101001101000110110001000010000011011010000001010110010010
111011000100111001000101011111001001011101101110110011010100011011001010101111011000010011000011
011100101101110110101011100011111000100000111010010001110011010000010101000001011101100001100001
010101010111101101000010001100011110110001110101001100011011101110110111100110110000101100011111
111110111110111100011011110110001110000010100100001010110000111110101100100000001110011100111011
001111100101010100111001010101010110101100001001010011001011111101000110011100000011110010111101
110100111010100110001110010110011101100001011100101010101011111010011000100001010011011111111101
100011100110000101111110001110110100100111001110010001001101100010101011001000000001011110110001
001111010011100111111011001101100001100100101111011111010110111010100011000001101101111111110010
011010001100111101001100100111111100010000110001100011000110000010000110100010010011101100110100
100110101001011101001000100001011001101000111111111110110001100111110101111001110010100011010110
111000001101110001100111110011010010100010010100111110100001010000101101000111101111000011101101
111010010001000100111000110000000011101100010111001010111001100000001001110000000101011101101101
010110011011001100111110010000111010010000110110111100010011000000011101100110010000000001000010
111000000001110101111010011101001000010011101111011101111110111100110111011000001001111010000101
000010011101110001000101110110101100100101011001000111101101111010100110101001000111111111011110
110011010010100000001101001111010100010101100101110011000111111000101011110011000011110001001001
001001010111011000011010010110111001111000100010101001001011111011101011101011111000011000001111
111010101010010100101110000001001111010100110110001110011111101010100100000010010111101100100110
011100010110101110110001011100100101110010110011100010111011100000101111001110001111011110101111
011001110100100011101100110101100010111111100001010111100111101010111000010111001000011100101010
110010001000011100010001101000010010111011101000011100111100011101110010001111111100011011110011
010101100110110110010111001101111001101101011010011001011000100110111100111110101011101110100111
111001111011000100111111010001110100010000111001100011001111100100101001100111101111101100101001
001001110101001010110011100110011111001111111000011111110100000001100100011000000000111010100111
011111100000001101111110000110110111010110101001100011010110011111000010111000010010001001011011
010011001110010000101000111101111101110101011100011101111100010100101001100010011011101011111010
111110000100101100010011111011010101001110101101000110010100011111100010011110001101101000010001
101010101001010001100110011000101010100010100101000011001000001101101100100000111111000001111010
001101000111001001011111101000110111001101001111110101000001001010000111101111111110010111010011
100000101110111000011001001000001100001011001110100110101000101111011000100000011100001000111101
010111110011000100010101011101001110010100111011101110110000111101010110010101000110101010100110
101101010011111111011110001011011100010011000111111101101000000100010111011000011100010111101111
101000001011001000100110010011101100001010000010011001110010100100011100111001010111001010010010
001100001011111101111010001000101100001101001000010111100000011001101110100111111011000110000010
110000100000101110001100001011010011001011110001001110101101111001100010010000011000111101101000
000100001100101111000111011001100100110100001011100010100110110010001011111111100110010000101000
101011110100000100111010110101111110010101010011111010101000010011010111001100101110001010101001
011000001000010100110100001111111000000000111000110100101000111011011110010111100110000000000100
110000001110000100100001001011001100010110101111001110000001001011010000010101011011101110011001
111000100001010101010111011010010011010010001110110010011000101101011110011000010010010100100000
001010010011000110100000010101111100001111110001110010111001110101111001110001100011001110100101
010100100101111111100001011001011100111101100000001010001101001110100101101001110100101001111101
001010111111111110010010110001011111000001010111100100000001100001011011111110011110110110000101
110110110010011001000001110111101100000100000100111101000100110000101101111011110001001101001011
010011110101001101110100111111000111001100110111101010010000000100011111011010000001110111100010
001001011000000001001110100110010010001000011010101110010100011110011110100110100010011011010111
001001010011100001111010010000000111101100111001100001010011001001011010111001111000101110110111
000010010000111111011011001001011110001000001101000011010000101111010010111100011110110001111000
001000010000101111101000000111000000110100111001110001100100111111011001100001111010100111110111
111100100010101000011000000000010100000101001110101000101110010100010101110011000101001110110000
001010111010111000000001101110000110000001010010011101010101100011101100011001010010010110011101
011101000001010100100111011101000111101001100101101100001100110110101000111110111000000100111100
111011011100111010111000111010010111011011001101100101111111000001011101100001010110010001010011
111101011110011101100111110000010101111101100111101001011001101000000001001111111111001101001001
011111101100100000001011110101111111111111101000001111111100100000010111111011010110101010110111
010010100010000001000100110010100001001001001101111000000011000111010111101011111110111111100000
001010010111001001001111000010011001011011111010001010100001010101011101000010001100000011011010
101001111010001100001101100011111000100100101101100000001101110011011011100001110111110111001101
010000110011001010010100001100000011111110100110011010101101010110011101101111010011110111000010
110010110100011010011111001001101111000011010110010000100000101110000110010111010000000110100001
110101011001101001000111101110110011111100000100100011110000001101010110001100111100001111001011
000001111001001100000010101001110111101101110100100101110000110110001010100001001001010100100100
110100000111100010000101011110111001111010100011011111011101011101111110110010001000110110010011
101111010001100110001111011000000111110011000111011111001101011000100100010010001001110111001001
001100000000110101010100111111001100100101000001111010111010000000100101011011001101010100010010
011000100111000010011000110000000101111000000110011101011011001100000111000110111101000100100101
011110011001000110010011110100000111111100101000010110011000101010101011100000001010001110100000
010001110011011011110111111011101100001111111100000100000110001110100010101001101000110010101111
010100101100110010011010111110101001000000111100011010010110100101001100000000010101101110011011
101011100100010100100001010011001110000000111011101000010100000011110011111110111100011100000100
001110100001111111001000011001010010110111110010000011001111010100111100001101100001111011111011
001110011110110000111100111110101101010100100101010001100101100011100100010010110011011111011000
011111101001011010000111110011100001110101110101101111101110000100011100111101101111000101100111
011111000110010011001111011110011000110100111001010101010010001010111110010001001001010100110110
000100010100110100100101000000010100001111110110011110001101001100100110011001011111101100010011
110111011010011111011010010010111001011101001111101100001111101001010000111110110010011011001110
000110111111001010010000110111000010000000111001100110111001100100011001101111000001001001101100
101111110111101110100000011111100111011110110011000001110110111110110100100110010011010001001011
011010011001000100110101101011000010100010111100110010010001000111011011100111110100001100011011
