101110001011001001011101101110001001010100001000101001110011111100000001111001000000000110101010
100110000101011101000111111110110101000100110000010010010101100111101100010110110100000000110100
111111110000100010110111101101010111100110101000001010011011000010100001010010001100000000110100
101000011101110100111101110101101110000001110000011100111010100010011110001110001010100011010000
010001011000101101011000101101111111001011010101010100000110111011011001111011100011011000000000
101110010110111101100001010000000000010100100100010101011111111001101010011100110000000110001100
001111100011100110011100010001011101101110110000011001010001011001111101100001000001000111101111
001110101110101110110001100000101110000011110110101011111101111100111001000101011011111000111110
010110001111110000101001101111000010110010010011111010110001011000010000111100001110001010101100
100000101111100100110110111110101011110001011111111100100000111001100110000101101000111001000001
000101011111101111110001011101010001000110010100100000001001110000000101011110010000110011111101
111111100100100111001010001111011101011110111101100000001000010011101101111111010010101101100000
010111000001100010011100110101110110001001011110001111101001010011001100000000101110011010100010
001111011000000000110010010000110101001011110000110101110011110011100110010100111001100111101010
000111111001111100111101100010000000100000111110110100000111001011001010000110000101000101000001
100100100110010100011100001001110010101100000110000101011011101011111101101111001101011001000000
100110100110100100010100110001000010110110011111111100100101101111101100101000000101010001110100
000001111111010101000110111101111000101001000000101100010100000101101100000101110100001010111010
001001010001110110100110011001100101011101010011001010010011100100000001011001111101101100101100
000110110010110000001001110111110110010011000111101010101011111100000110011001111110111010010101
100001001000001010110111110111000110111110100001110011000001011010100101111011001001001100000100
001011011000011001110100110010010100010101100101001110011000001110001001100000111110011111111000
011111001101101101001100110101111001011111101111101000100000000111111011100100100101000110011001
101101110010001110010010000100000010000001010111110100110111110100101011011010000011010100011001
111111010010110110110000101110010111011010111000001110111010101000101010011010010000001100011110
010101000110111100101010101100010000101010011010101110111001101001010010001110111110101001110000
011011110100011110011001010011000000010000010001011101011011001110011100101111100100000000110000
110010101101110100000110101111100011101110101101101000011000100111011111010000110110001110100110
110001001111010100001010111110100001011000011100010011011100001110100001111101100000100000111000
100001011011001001001011110001110010110110011010001101111101001110000111001110011011001101000110
101111111111110000000101011010100101001111011001011000101100000010110011010011011000011000111001
110111101101101100010110111111000100011000101100110010110101000010000110100101000001101001111011
011100011110001100010111111111100011100000001001111100000101000100101110111111111101001010011011
111010000001010010010000000111010010001010000100110100100000001100001101000011000000001001100111
010110000110110011110000110010001100000011100000010000111000010100001100010101101000010110101011
101011001000111001011011010101100010010110011000100010011001001111111101010111010010000011110111
110000111110011000101110110011001100110110010000010001001011110001010111111100001111010001111000
100011100101110100010111010011101111101101010000110110110111100011010001001011100010110101101001
111100110010010101010010000000101100011101100001011001010001000010111001011110110011001101111011
001001011111010011011001001001111000011100011000100001001100001000110110001111110000110001011101
011111010100001101110101111101010000111111110100101011001111010111001011111010001110111101010001
100010110111001010011000110111100000110111110111111100010110000110101011101000100001000011111011
001111101010001101001011101010101001100100111111110100111111000001111011111000000101101111110100
101000011111110101111111111011101110110001001100000010010110111001011011001100110000100010111000
100100100101010110111100010000110100101000010100111011111101001111101011100101001011101011111110
000111111111000110010011000011010010000111001001011100011000000111111101100000100100001100110010
101101000110111101001111110010100101101101000110001011111101011110011101001001010111010110011010
000111010100111111110101100001110101101000000011010001100010011111110011001010001101110111110000
010001111111011111010111111001000101010110100101110100101000011011010000111110111001000110111010
110001110100010101010100000111000111001010100100010011110010010111111000001011011100010111011001
101010010100111001100100100110010101011110110011110001100011101111110110101101011101100010101110
100000111011000111011010100101101110010001100110001110011001000100111000000001001110100101111111
110011001100001111101011110110001011000110100100010010000101001101110101110011101011100001011010
110110100110010000011100110011101000100111000111100111000110111001111100100011000010011111000001
000001001001011001011110010110001001101010111101000001001000100111100111111010011100010010111100
110001110011010000000001101000101000010101001110011101111110011110110101001010110110001000100011
010011001110101000001010111101010101110110101101010001100101011010100100110010111000110100011100
010000101010100111011100111001011001110011000000000111101100110000011001000111000011010011011111
001000110101101110100000101100000100110010011001001010101011110111100111100000110111100111011110
011011110001110011001011010101111011011000011001000000101000101100111011110010001001111011011010
100000110111001011000101000000100101000100011110010011111110100000110110101101100010001011111110
011100101100110010101110000011001010010111001110001011010000100000011110010110010110110001110011
100001110010001000111101110111011001111111000010001100110001010001111110111010011011101001011001
110110001001100101111000100001010110011010000001111100110000010000110011011111110100001010101000
101111010000100000000110011001110011001011010110110111000100100011010000010001111010010010100000
011000101101000000011010110000011111011100011111010010010001011110110110101100000101101111000000
010011011110101011011011101011011110100110100100010101101101100110110100000010010111110101101110
101011010001010010101011110100000000100111010010101100111110111111010101011010000000011011011001
001111010011111000110111101101001110001001000011010101011001000100110001101010111000100010000110
000110111111001000011001000000011010001110110010001001010011001000100000000111010101010110000000
010111001001001101111011100011101111101101110001100100110101000111100101011011110011001000001111
001101010101001010100100000010010111000100001100011010011101000001010010111010000111001110000001
010000000100111101111001110111111001110110101101001100011000111011010010011001110101110010011101
110000010001111001011101101011001001111010111100111100101001100110010110011110100111001101111000
010000011010011101100011100001010010011010111010001111010100010110101110110111010001110001101000
011100001100100110101000101011001011111101111110000101011101011111010101111010111000101111010101
100011111010101111101111011101011111011011100100001010010110000001110100011111011000110011011101
011001010110110101100001100111000100101010011101001011001110110011001001010001101110001101011110
111101111001010010011000001110101010001010011100100001101111101001000010101010010101110001010011
111010100111110100101001000000110010000110110100001011101111110100111111010000001111110100011010
111001110010111111001001110000001010001110010100010001111100011000111100110100111000000000101110
101001101011010011010010110010110010000111011100101001000110001101100001010100010110100011111111
011100001111001110111001010000101101001100001111111001011111000101001101001110001001101100001010
000011001000010110010011101100100100110001110000000101101010100011010111110110001101001110110100
011110001011001000000101101011011010101111110101011110110110101100010010010100110101011000001101
011000001000001010001000100111111101011110111110010001110000011001100101000101110111001001001100
010100001110001100110001110010111111110101001000011000000110010100110011101000001001010000000100
001000010010000001000010101101100001110011000110010001011110011101100100001010100101110101011111
100110100001101000001101011111010001110101100001111101101001110101000010101101101101011101011000
001010001100111101101100100001001000010100101010101011011101011010011010101001101001100010110101
101001011001001100010101111010010000111100011010001001001100001001010101110111010011010011000101
000110110010010010011000100111001011001101011100001001100001100000100001100011000000111011011110
101101110101100111010000100001011010100100101101110111100101000110001011111010111111101100001010
101011110111010101111111111110010010100111100000110011100110110101110010000010011100001011101101
111000010110110010110101010010000001011001010000011001100011001100000001000010100101001100011010
100000100000101001110100011000001010010111000111100110000101000110000100010001000010110110110101
101001110000111000000110110100110000011111010000101111010011111101110000011101010011110001100110
101110010111000010000111110101111110111111101011011100110100110101100111000011011001100000110101
111010110100010010010010101111011100000100010011111100111010011010110011101110100010111011100100
001111010000101110111101011001011010011101100001000101000101011111000001110111101101011101111110
111111001011111001111100011101110111110110110000011110100001001100000010011010101100110011100000
011110110110110011110001011100001010010111100111011110111010100000111110111100011000011111000000
100100110010111001010011010111011111101011001110000100001100010011000011001010011111001110001100
000010010111001101011100011111111101011000101011111101101001001000011001110000111111000011101011
011011101111011010010001110011011011110110011111111100100000010111100010011111110010100111110101
010001100010001110010000111011100110001010101110010010011101010000001000000111110010111110000001
111111111001001110010110101101011001111011010010111101011010100000001011110001101010111101010111
000010001001111110110000000010010111111101000011110010111110110010011110000101010000010000110011
011100111110010101000001101110101001100111111001111101011111111111100010000001000000111011000100
000110100000100100000110000111000111010100110111011000111101010010011010011010010010000011100011
010110010100001011010110010011000111001110111110000001101001011001110101011110101011100011111100
011100100010010011100000101000010001100000111011101010111001011010111011110100111110101000001011
101000001111011010110101001110111011110101011100101001111001011100000100111111011001010001110100
111100010011100000101111101100001011010011100001111001110010111000101000000110111101111010101000
001100000100000110110100000010010111110010110111010110011001010001110011000111110111110000001011
011001100111100000011111010110000100111001010101001101110011101001010100110111110000001010010110
110011110010101000001101110110011000101110101110110100001001011001000100110111101001101010110100
001100011100101011111001010010100010101011110001111011000011100110000001011001010011000011111011
011010100010010001110110001000110100001111110011110011011111000010111000000000111011100111010110
111011111001000011011000100001111010010110010100101010101100110111100110110101000100110001011001
010011110010110001010101000010111100101010111001010100110011011101011001011000100011110110101101
011111101100011101000001001101011010000010010100111110100101110001011011111110001111111100110001
001010011010001011101011101011111000100001111010100101010001101011000000110000001110111011000001
100100101101010101000111011011000101100101011000111100110000000001101010000011010111110011111001
111100001110100001100011000111110100010100100011100000101110100001101110000101011100100100111010
100101110000010111101000111111111110110100100001000000101011010100110000011100101011001111111111
011100001110111101100101001010000010001000110111001111010100100100101000001101110101011000000010
101001111111010110001010110111000110100011000111001011110010101111001110001010111001011010111010
010100100111100011110001000101011000011101111011101000010011011110010101100111001101000001001010
111101101001010011101111010100010011111111011110100100010101001000110111010001001001010011110110
110000011110010110001010011010101000111100101101001100001011110111001011100111001011110000101111
101100000110111101000000100100100110001111111011011100001010011000101110111111100110110011100111
010010001000110110010001000110010110000010111001011010111101101010000111100011011100110011011001
110011100010010100010000010011101100000001001000100100101101100010110010010001001011010100000001
111110011100011001100000101111101101001001110001010110011011000011111001000010111100110001010001
010000011000010000000011100111010010000100011101011100101111000001100001001000111000000100100110
010011111000111100011001010010000010110101000010110010010010011101110001110100000011010001110110
010001100000110111101101000010001000100100110000100011101110011011011000011100001011011110001011
110101011100110110110111101110010011001100000111101001000101101001110110011100101010101101000101
110110010101001001111110110001001111100111110000011101010001101001011011011111011000001111100000
101010011111010011000000110010101010001111011100000100001010110111101011001110110101100100111010
101100000101010000111111010000110100001011000001100001010101011010000100111110000101100000010100
010010111000011000110110101110101100101101100111011010001001101101111100001111111010011101000011
111000110010101111100100101011010110010000001011010011000100100110101100101000111011000001011101
011100001010001110110000101001111100010000001100111110011011111000101011010101001010010101100011
011110100011101010100110000001111110000111010110001100001001101110100100110011100101110100100111
000110111001010010110011110100011111110000011011000011110100110010001110101011110001101111001000
100010110010000111000011111100100001111001001111101111001100001001010000100011001011000000010101
100010000011100000001110001010101010101010111011111100011001010110111110111001010110000100110000
011000001100000011011111001011001110100000100001011010000011101101011000101111010110111000101011
100101111011110011001001011010110100000101000100011010100011111110010111011111101010111000101010
000110101110111110111100111110100110100110110010100010000011001001010101111001110101001100011011
111111000011111110001110110011000010010110000000101011010100100110110010100100011111011110000000
011110011010101110011111110000001100000100100011010000011010100001000111111011110110001011011011
010100111000000111101001101100010011100100001101100010100001111101110001001001001111010110101010
010111000001110110010110010110011001101010000001111010010000011000101111101001101100010000100000
010111101101011100000010010100101000011100111001000000101100001001100100111000101011011101111101
110011011001011110001111000010011101010001001100101111101011110110100101101100110000110001001100
011100101010011011111111011010110000110001001110001010110110111010101000101111111110101001101100
100010000001111100100101101001100101010101111110010101111111110011100011011100001110101001110001
101010110111010011100110010101010010010010110001000111010100010101000011111010001111011111011110
000111010000001000101110001010101111101101000100000010101000000001000010111010010000110011110010
001111000100110010001110011101010000111011010101010101111000000100011101110011110011011111111000
101011010111010110000111110010101010011000001001111100001000111100111110111111111101101100111011
011111001000110000010010000010011100011111101001101011010011110000110010101000011000111111011011
101110100100100110000001110100000000010001001011100000010000101100001000100011011111011000110000
001011011000110000000010011000000100000010100110100111100010010010000101011011101100010110000111
111110001110010100010111010000110011010100000000101000101000000010101001110111101011010111101001
001111010101101111100110100001001111111001010100000000111010100000011101100000100110100100001111
111011100100101001101100001001000110110111000101110011101100010110101101010111001001000110100100
000010001101110001110010101111010011000100001000000101001010000101000100110100011011100110001100
010001111101000101011100110100000100011011111000001110101000111100000001000101011000101011000110
000100100101011010110001000001011001000101101000011001010110111101110101001011011111100100010000
011100111111101101010010000100010110000100000110111010001110100001110110111000111000101001101111
010000011110100010110100011001110110101010111010110111111010001101010011010000011011001110011001
110010000000000110001010010011110101010000001101111010001011110000111000110100100010110111001001
101100011111100100010111010101011011001100011011100110000111101100101100000011010111110100111011
000101100111101110101000010101111101011011000010011000111111110110110111100101011011000011011101
001001010010100010110110001000101100011100111011100110100011100110100011000011110001100011111011
010011011111110110011101010011000001011101000010110010100100100101000101110011111111110011000000
101001100000110101100101111011100011101110101000001110000011011100011010110100101000001100100101
000011001110110100101001011011100011001101101010011000100000110110001000110011010101000001101000
111010100101100111011000011011001001001111001000101101010000100011110100000010111001111011111001
010011110010001010101101111111111110100010011100011011101111100110110101110010110011000101100001
110000100000001100101001010111000110000011110010011001000101000000010110001100001010100011001010
110111110010111000010100001101100011101011101010100000001100110001100000011111000111110101110010
011110000010101100100011111011000011011111100000011100010100000011110000000010100001111100010000
100101011011011000110110000000111010100100010110111000110110000100010101001010101001100100010010
001110001101001110100110100010110000111110111011010000001100101001010110010010110101011111010101
110010001010110010010010101110110000101111001111000110111011111110101000110011100010000011110010
110100100101010100001011011111110011001101001100000100111010010000001100101011000011110100001000
111001110000110101001101011001010011111000110011110010010011010100110100100100010110001111110001
001011100110110111100100111000100111000001101010110010111101001111010111101011101100001000001101
010011100011011011111111011110100100011000000010100000100111101001000000101000011001010000100011
110000100010111001011100111000111001011011010111000111101010000010000001110100001111000011010000
011011110001011000100010001111000010001011011000010101111000110101001100110110100010110001000000
101111111100001011101101100000001110000100001010111011010111010101110011001100100001000101010110
011101100101111110001100110100010001000011100010000111111000010110001001100111101100000001011111
001100100001001100101100010111001001001000010000010111110101010111111001011010001110101101010110
011110001100011010010000010001001101011110111111100010011011111111010011110101010101011110000010
101111111000111100010000000010101000100110111011010111010000111010001100111000111011110110000000
111000001010000110011011001100000111111000001000001011010010001101001110001100000010100010000111
010001111100010011110100101100000100010111100111111110010100111111110011010111011001110110100101
110111010011101000001000100101111111110111001100100110001010111100111001100000011000010010111000
011100111110101110111100101100001001110011111100011101110010000110010001110010110000101100100100
101000010000100011001001100110011000010000010110001000011111011100101110100101111111110100001111
011000001100001111001011111100010010001010011000100111110000111111011101111001000100110111001110
110101111111001010011000010001000111111010110000001110001111000000011101100101001000010110100011
110010111101010100111110110101010111010111000011101101000010111010101011110100000001001011000010
010110001110111110010100111101110000010110010101011001111010100100101000110011000011000100011111
100001011111010000010001001000011011010111000100011100011010101010011000010110011111001001100101
000110100001101111010100110011100111111010001010000110111110010011110010111110000000110001101110
110110000110111110000000001111011110110011101101100011001111100000011010110001110001101000000110
000100110100011010101010110110100000010011001011001000000000000010101010010101010001001011110011
111101111001111001011000000000111100100001100000100011010010010100111010111010000110001111110000
010101000110011101100001011001101001000101011101001101111000011100010100111000010111001010010100
001101100111101100111101000001010000000001011100010011010011110100111011110100010101111000111111
100010110010100101100010100000011010001101100100000010111111011100000000110101010101001111001111
001011110101110111100110011001111000100100011111100110110110011001110110000101100001101110111000
100100100110001111000010001001000010100010100001001101010011110001100101010000011000011111111111
100111100101011001111001110011010100100000100000100011100000110000000010110011010011100111100101
110000101100010110010011111000101101000011100111011111011000111000100011110110001101011100010111
010101011110111001001111111000100100011001110100111100010111000000110100001111100000100110111110
010101010010001001111010101101100100011111111000011001010011100110010100000001111100011000011001
001101011110010111011010110101111101011011100100111010010100000111100100001000001001001100010101
011001001011001101100111101101100101100010111000101110011100010011111011101000100110000011100100
011110011100001101110001110110100101001111001100101011001010111000111110000000010110000011101010
101111100010001010000111101110011001100110111000100111010101010111100110011001101000101111011001
100010011100001110001100100000000101011110010111000110100010110010000011000110001101010110110001
010111111010101011100001110001010001000110111011101100110001001011010011010011110000010010011001
010111010001011001011001100101000110000100010010010110001000010011101000101000001010001000111101
000010100000111010001101000011011101011101011101010011100100011011110111000110011110111010110110
110011001111111100101111111000000010010110010001100001011000011101011001100101001101101101000110
011100101111001110000100010001010001011000011100001101101000011001110000010010011110101001100101
001001100011101101001101100010101011000111100101011000001010100001111010010010101111100110101011
001110100100011011110110110111011101001010101000100110001001110011110010001100100101101110001100
011011100101111110011000000001000000100000101000001111111010010101010010111000011011101100111010
010110110110101011000100111101001111010100111000110000101000101010001111101000010001011101001010
100001100111001010100101100110101010010101010111101000001011100110100110001011001101011101100100
010011100000001000101111101010000011000001001100001110001000000101010001111100100111111110000100
011010100001111001111011011101101011001110111011110110001110000011011101011000110111001100011111
101001111001111100100111010001011101001011010110111010101001011001101100000011001010011100001111
110000101010110001011001001001010111010000110000110110100101000010001110111111111001001111000000
101011111011010111101100101000111000001001101100100100100111100011110000000011111011101011101011
011000011000101010010001110011111101011000101001000111011101010111010101111010011100000110001101
011000101011101001111011101111010111011111100011110111001010011010100110011011010011100110101010
000101010001110011010110100110100101100110010011111111110010011101011010010011111000010111011011
010001111100011101110111000100010001101100111110100111110011110001011011111001110000001101011111
111010011001101000100000110001011101110010000111101110001100111110101111110111100111011010111011
100000100111001001110011011011101000011110100011101110011100011001111110111101100000101001010011
110100001011101111001101100001101000111100011111001011100111100010101001011001001010000001111001
001010110001000011000101111010001010010010110011001100111110101100011001111110110111001100011001
000010001100101101100000001101110000110100001101001101111000111001111000011010011000100010010010
111001000000101100101001111111001100101011011010101011100010001000001111011011101110101111011010
000100111000011111000001000010001110110000101011111100010000110000110000000110000100000100110100
000000111111100110011010111101001010110010000010111011100011000110010110110110101001100011111101
000010101110010111010110101000101101001010001100111000110100110011011110110010111110000111110011
100001111011000011110010001111100010110000000111111010101101010110101101001001011000001010011001
010101100101010110110010111111001000110111011001011111011010101110010110010101111101111101101010
011111100100011101110111111110110100100110000101011100100100110011000100100111010101101001111111
010110010000011000000001110111000000101100000001100110011101100110101101010100111101110111010001
000111110011101111010000100001010010011011111010110000001010010101110110100010111100011000111000
010001011010001110001111101011101111010101000010011010110100101011100100101101001001110101101000
101110010000001010000100011000111010001111111001001011010001101111011111010000101100110000011111
111011100001100001010001011000010011000110110110101101100001111010101010111011011000011000010100
101000010001010010011010111000001010000100100111000110011111000100111110011001110111100100100000
100101111111011010010010101110001111011101011101000000011011010001101100101001011111100001010010
101001001001110010101001110011101001101011101000110110001001101010100011100001011000100100010111
111100010011010100111101001000000010110011011000001100001111011001000111010001001111001100000101
011101001100001110111011010101000010111101111010011010001101011001011111000111010101011100100101
101111011000101111111011100001110111001101100001101110110100000100111001001010010110101000101000
111001110111101110011010101001111000101111101101111111110011100110100110010100011110011111000110
110010110010011110110010111001110001001001100000101101000011010101100010000100001011110000010001
101101011111011101111100000000110001010011100010011000110100101101110001010010001111011101010110
100010100111010001111011101011110100101010101011001101100101110100010111001110100101001111100111
011011001111111110111010101101010000110101010011101111010011100100010001100001111000100011001101
100101000101100101110000110011100011111101101010111111100110110111011001000000001001100100000100
010101110101001111101001001111011111001110110001011100110100111110110110000110101101101110010100
010111111110000010111111111111100011011011101110111001001010001101011000101100010100001010101000
110001110110100111100100111000011010001100100011100101110010001110111001101100000000111000111000
011100000010010010101000110011001000111001001101001000101011100000010111111110010011001110100101
100111010001000000111011101100011110011110001111011000000011100000101110111110110001010001100000
100110000100100101011010110011111100011010001010111011001000011111110101011000110100000100101101
100100011111001101100101100001111001110110000110010011011110011100111100111010000000001111100101
110011101111000111001010101110110111110101010101100000101001111100011101010010011011000000010101
110110110110101100001001000001111101011111010101010011011000011001100010011011001101010011010000
100011001100101010011100000101011111101011101110011000000000000101110100001010011011101110011110
011110110001011111110011100100010111010110100001101011000010011010100101110000011010011010100000
111101001000110101110001000110110111111111010010101010101010111001010001000010000101111100111000
111111101101001011001110110100001111000000111011101101010100000011111010110001100100001101000011
001101111001111110101001100110111101100110101111000000011100000100000010100100000101001001010000
000110110010001101001100011110010011000111111100100010000001100001111100011100000000000110111101
110011001101111110011000000101010100101001111101011001100010111001011011011101011110111100001010
101110110110101100110111111011101110101011111100001000010010111001000011000110000010111011111111
010110100001111000111110000010011000101011111011010011110001001111101010011100011000100011101011
010000001111011001001011001101001101110100110111010110011011001111000111010011011111110100111010
001000010010101100110010110011000110001101001111001110001110110011001011001101100001101001101001
000010011101001000000000111001111011110010011000111000111010000100010100101100100001001110010010
001110011011100111100000000110111100101111111001001010001010010011001101001001000100000100110110
111001000000110111010110100010001110010011100100101100000011100001100100110100011011110110111010
110010000101000101101110001010000111001011111111011110011101100100110010000010110000011110100001
111110001011010001100100011111101100101001110000000111101000100101011010110100100111111001000001
101001111110010010110010011100101101001111111101000111110010111011010110110001010011000011011100
010101011101100000000101110100111010101011011000011011001000001101000001000010110000011101101111
111011100001100000011000000000101110000100010110001011010000001011101001101110001111100010011001
010001000110110001000010110100110101100101100001010011011111110001100101110100001001110100111111
110101110101010011110100110001011001100000010001111000111111101111010100100101010111010100101011
100110001001010100101101001110011111000110100010001001001001111010111100011000011010010011110110
000101110110111100100000001011011011110100001110000100011011111101110010111110100010011100001010
010010110001111001111110111011011100010010000001001001101000001101111010101000110100000101101101
010011010110101001011100000110110111111100000100100000100010000001011000110010101011011111011100
000111001010000101011011011011001110001001100101110110010000100100110001110011100111101000110101
100011001000011010111100110011110100011010101111010001000011011101111101010101001101101001110010
111000101001110001101010000001111000100000100011001000001101101000000000111110101101001011101011
001010010000100100000010100100110101010001110100001001111011010010110110110100110101101101100110
101000011111100000100001001111100001111100101011110000011011011011101000010001100011010011101010
010001111011011101111100010011011100101110000100010111000000110111001100100101100101110110010000
011001101110001011000110000001100110001110111010100001001001110000101011011001001110010011001100
001111011101001000100011111100000100011101110110010100011100010101000110111100010100011100110001
101000000111110011101011110000100001111110101000111001010111100000001110010100000000101101110101
110010110110101101010011111001001110011111010010111110100101101111110001001000001111111110110111
100100000010000111110101010101011010100000111000111111111000111101100010001001100110010111100000
010011001011000011001001010101111100000010111111100100110000011100100100101111101010001001010001
010111111101001110111000101000010100011101010101110101000011001010101100110011111110111010000000
111100101000101111000100100011010111110100010001100100001101010100001101000001001010100100111101
100011100111011010101011001000111111001010110111011001000001111000110011010001011010001110111000
111101000100001000101100010001100110001100111100001010111000100001111111101111111011001011101101
110011101111011101011101001010101000001111001101001001011010101101000010011000100001100100101011
001110100000110101010011101001101000000100100101101101011100110011100000110001101110001110111011
111111010100100000110001011110000111000000110000001110000000111111100010100100111001011001100110
101010111001110110110101010101110110101010011111101101011100000100010001001010101100101111110100
010100101110001001111100101111100010100010010000000000110010001010001100101110011001101111101111
010000011010110100101001011110010101011011101000101000001110111100110110001011101000110000000011
000101100110010111101101011100010110000000111001001011011001100001111111011011010001010110010101
111011100101001001001001011100101111101110100110000001010010100111000111110000001011000000011011
010111001110011111100111100111001011111101011110001100101010101101110011000011110100011101011111
101110000011010011111000100100100111101100100101100111001011100000111000101010001100111111101010
101000010111010011101010011101010100111110100110100101111101000001110111010101011010111000100111
000111110111001110110100100111011000111001001010000011101100110111111111110100111101011100010101
100010101101100001010010100000101111000010001100101110100100001101111100110110000011110100101010
100111110101101001000010101001011011011011110000000010000010110110001000101111100111011110110110
101000101001011110000001000100010100000100101110110110100011101000000010000011101110011011100101
011001100010010011100101011001011000001010100000111001100010000011110001010000000011111011110001
100010110011000100101100010000111101100010010101000001111101100111001111000000111010001010110011
111010000111101010110001001011111001010001000001000110101100001001011100111101000000010010001000
111111110000010001000011011001111010001110111110011010010000011001100000110010101101011001010011
111111111100100001101010100010011100110110101101100111000101010001100001001110010100100011100100
110001111101000000001111000001000000000001111000110011101010110101100010011001110011011011001110
011000110101000011100100111100111110010111100101101010010100011010001000110001101100100110100001
111100010010011010001111011001000101001011001010001110011101100001110001100001011011010111101000
000101111110111010110001001111010001011100010101000010001110000110101111000111100100010001101001
000100011001111010101011001001011010110011001010010000001001101110100001111101011011100110001010
010100000100001010110001000001001001001001010101010001111100101101000100010111100001100101001001
011000101110011110011000000001001000010001000111001010111010110011101101010010011001001000000110
110101100101111110100110101101111110001001000011001000111111111111101101000110001110110010110111
111111011001001001000000100011011101100100101000011011001110011011110010110000110000010100001010
111101101100110101000000001011000100100100000010101011010110101100000001011011001010011010011001
010111001011011011011010001010001101000000100100001101010010110110101111010010011000001001001111
010011001100111000011110001101111001101010101010011100001101100111000110010100111110001001010101
000001101011101111010111001011001000011100010111010010000101110001011111101111101000100100100111
100110110101110110011010110001010111011001010110110010011000000111000110110000110010101101010111
100010100010010110111010111100001111111101101111100110011001001000110111001010010101010110110011
111111110001011000111111101010010011101110100101011000001111001101100010011101101101000111000010
010010011100100101001000101001001110100010010110011111000100001111110100100111111011001110110100
101110101000000101001100110011011000010100000100101000110111011100011101001101000011100100110011
100011111001101011111001001110111100101100100000010110101111111001101000101110110101011011110010
101010100110010010110110101010110010111010010011010000011011110001001110001010000010101101000101
110000110010110000010101100110110011101101010010010101000001011110011101011011000111000010110101
101011000111100000100110000110011000001011111111001000000111010110011011100000101110000010001001
111111110001001011101111010111101111110011111011000000101010110110010011111011010010001010110011
000010011111001000011110111110011011110001000010011010000010011011101001010001010100101011001111
100111111111001111110011001001011110001111110001000101111110101110100000101011111111111101001000
001001100110100110010000100011110011100110101101000100011000010101011011011011101010110111011011
000011100100011010110110111111110001010011111111111010011011000111000001111110000000011010110100
101011000111011100001111001011110000001100101010111111000001011101101100010000101101111111110100
110111010110010111101011000010011001011100110110100010010000101111011111000110101101110110011010
010101110000000001001110000100010010101001110011100111010000101011101110111011010001000101111011
000010101110001111100101010011001101010011010010110010010011111000010001000100010011111111101000
011001010001111010101111000100011001011001110111010010100101000111010000100001001111001010101111
110110010111000010011100001100110011000111101010000010111001111101110001010001110001110101111101
000011101100101010111011001011000110111110001010000110001100101100011111000001011101101000000100
111001111110011100001010110101110110001001110111101000101110011110101111100010001000100001110100
011111000000110011001001111000100110111110100010100100101110010100011111110011110110001100111100
010000110111111100101110110011010110011110001000001101101001011110100111100011100100011001101011
011000100010001111100100111000010000001000100111101100111001111101000001100001101101110110011101
100100101111110001101010010101010001011011001000001000000001100011110000101101110111101001010110
000010011110110100011001101111111101001101110011110010100011000001001011001000110011010110110111
110101001101001000111011111010011111101111110101001110011101010110010011101110101111111111110100
111000011001100110011100001110100100001111110000111101011000111110101111010101110110011011011111
101101100111000100111001011110101011010101101100011110110001110011101100000000000001011100110100
000101000011110001101101111111111000111011010011011110000000010001000101101101011101001011110110
001100011100110101011111010100101101101011011011001000110111110101010100000111100101101000001110
111110100010110010100110001000000110101001000001111001010100110000101000100000000111111000001110
000100011110001010011010111010101010101110110111010100000000111010010111111000110011001001110110
010110001101000110111110010010101101100100111000010011111010101010111111111100111100001010001111
100110101011010110100101000110001111101100101100010100110110001010101101111001011010110001101001
101010110000100010101101101000010001101100100101100101100100101110001000011001001011110111010001
101011010111101011010100110010110000001101111011101101111001001110011001000110111001010000011011
011101111101111001101010011000111101101100100010111100011100111010000101110000110000010010110111
110111000001110010100111101000110001111011101100111011010101111011000100011101111000101001001111
110010001111000010110101110010100001110011101001001010101010111010001110101111111110001111010000
011111011110111110010011010000000000001010010000101001011010100000110110011000001100001010101011
111010010111001100001101011010110111011110111111100111001110000101011001101101000110000111001011
111000011010000001101000111101001000101000111101110110110110000100111010011001100000000111101011
001101001101001100100101101011011101101011110000110110111011110110111010000111011011111010101011
011111100011110100101100011100101011101100001100000011110001010001010101001111100010010010101110
100000111100110011111110111100111100001110101011011110000111000011001100000001001101110100000001
111100001111100111011100001001101110011100110000100011101011111001010011110111010001110110001101
011101011010000110001110100011000010100101111000010001001101110101011001101011011000011101001000
011001100001010101111000101111010010000000011101111110011101011101111101101110111001101000000001
111110100111101101111011111011100000110110000111101010100000110000011110101100111001111100001110
110101001001010011110111010111110110110110010011110011001110001001010101110000011000101010011111
001101010110000110000101000010100001110111111111110101101001101111001001010101000101111111111111
010100010100101111001101100101100101110100010000100100110001001000010110010101100110101011110000
100000101111001000001110001010111100110001000000111101001010100111100111111100101111010101010110
101000101111111001000000110001110010001010000001011101011011101010011101000011001101110101101011
111010000111010010000001100001001101101010010001110100101111101000111011010000001100111110001101
001110100000100010010100010100110101000011001000110100011100011000110101111100000001100100011011
011101110010001111100110010101010000100101111001111111011110011100110001001000100100010001111110
111011101000101000101010101100001010010011001011110100010011011101101101111000100111110101111011
001010010000111000010010001111101111110110000110100100010101001011101000000101110000011011110100
010011101011000010010001101101011101011000110100010111100011001110000010010011111010100000000011
010001000110001011011101110111001101110010110010011000110000100110001001111110101000111111100101
100100010000101011001111010010011010110011100011101101101001101010101010101100101010111110011101
111000101110000110001011011101100111011000010001000100100011111011101100110101000111011001010101
000110011100001010111100010101101110101011110011111010111110101010110110001001001010000000010011
011100111001111110010010111100001101110101110011010110010111110100010100001011011010000100110110
111010001100000100101110000100100011001110011101001111101000000111111100010010001010000110111001
001100000000001111011110101101100111000101000010101101100010000111111100011000010010001111001100
101101011000001111011000000000011111100000100010111100011001010000111000010101111100010110101000
111010101001011011011010111101101010000011101011100001010110100011001110100100001001000011011110
101101100010000110000110000100000100000000101110110010101101000010111101011010001000110000010000
110000111100111010000110011001101100111001101111111100111100100011111101100101001111100111100011
011000110010100000010010010011001010010000011010001111101101101111100010000101010100001100000000
000011110101011111101000101001110010110111000111110110110010100000111110100111000001001101111110
100101000000011010010101110110110101011101001111011000010011000001000101101111010101011001011111
100000100001000010011010111000001111001110000111111101011100010000010010001110010000111011000001
101000000000000110011001011000101110001000110110100100110011101101001011111000110111010101110101
000001010010000110101000010001000101101111011011110010010000011111001001101110010010110000010010
100101101111010001010000111100011111010001111000111010001010011011100001110000110011011001011001
010110001100101110111001010010100011000101100110101001011111010101000101001111110111001001001111
100001110000101100100010001011100110000010100000101001101010111100111011110110111001001100011111
010000001111001110000010001000100110101001101110010011101011100110010010000011111101101000001001
101001110100000101000000000111110000000100111101001101011011100111000000000001011101111111110111
110101001011101100111101010010110000001000001110110110111110010010101101001000101001001101100000
010000110011101010100100010011010101000010100011110110011110110011000011100011110110101100101111
100001100001000011011110111111110101000010110100001011100101110011100110111010100100101101111111
011010101110010100100000010101010011111111100010101001110011010100011110000111001001100001101010
101000010011000001100101000001011001110110001100100110111110111011010010001111010010000110000110
101110010111110000110100011010110010111110000100100110000000000001011011101111111001000001000101
010000010110110010001111101001101101011000110000010101101111100110110001001101100001000111000001
010111110001111011000110001101011001101101011000101100001101010001010110101100111101001110100100
101010110111101001110011011000101111101011110100001001111111110111011010101000111001100101111110
010001011100010111111010101110001001000101010101010011110010010010011001110001011000000101001110
001100011100101000100100101001100110101101110101011100111110100001100011111100011010111110011111
100101011111101000010000001001110110100010011001000110111100010110001011101110000100100011111000
100000111100010111110110111011110011101001011100000100011111100010100000010001111110000011001000
101011101000000100010110100011100100101101011010010101001011100000001011110110011000001001010101
011011110101010111011011100101111000101110001111100100101111001111101111001110111111100100000011
001111011111110010000111111110000111011010001101011010001100101100111111110101100110110001110100
000101110010110011101001001001110111111110010011001111110110100010000101111111001100001100110101
100100011000110000011100111001100111011101111101000101111010011011010110101100101111010110111110
000001111110001010100001011000001011011010000100001010101010111011110111101010000111111010100000
001101000010101111001101010111010110010101010110101101011010110001100111010001111111101010101111
111000010100011100110010100011100000000111000101010111010100110111100110001000110011111100000011
111111000001011101000110101001010100011000110000110100110111110001111011001011110110001110110101
011011001111110101001101011100010101110001000011001000001000111111000101010100111000100110110100
000001111001101011001110111000111000100001010100000010011001111000111110101110000110000101001111
010010100001111000110001000010101110000011010110011000110010011110000100011100011000110010111100
100000001101010010111011101010110011101001011111111101111100100100000011011111000010011101010011
000111010011101100110110010010111101111101011011100111001111101100101101011111111101010010100000
111110101000100000101010010101001001000101011101111101010011001011010010001101011101101101110100
100000101110110010010100000011110011000111010100011001010110011011111101110000101000010101100101
110100011101000010001111000000010001101101111111000101001001111001101111000101010111101001101000
010011100011000100000011000110110001000111001101011110000011010111000100011011000000010000110111
001001000111000111101101101111100111110111011110110000011000110000011010111111111000101011001101
100111100110111100001011001001000101000001010110111110000101000010011111100000111011101110000101
101100011101111010010000110110110110000001011111101100010000101000101000010110000001010111000001
111111011001011100110000000100101110110100010100000100000101100001101111110001000101110010001001
101010111110001110000100101001101010011011101011010101110100101101100000100001001001010110001110
010011001001101011011110001100101100110101001110101100011111001110001110010001001000000001101010
101110001100010010010010001001011101100010011110100000110100100011010000100100110101100101110110
110010010101001001100110001100101110001101101001010010100000011111110011101001010101001001010100
101011001101111101111010110000011000101101110111000101100110010101110010010000011001111110010111
111100010011011011101110001001110101001001011111011000001110011001011010111101111111001111010101
010001010100110101011111110100110001010000111101011111101000000110001000010110011001101010111010
000000010010110010100011001011111111011011010101001010001101110111011101010100000100010100000000
111001110101101100111100111001110100111010011110101101000010110010101010110001001111101000100010
011101100100000001011000010011011010010001110111010110111110010110010000001001000001110100110011
010101000000111000100001101010001001100111001011010100101011100101100010111111001111110010101111
010100111000110000000101101000110100000011001110001100111100110111101101001100101111100110100011
010011110011001111101001110100010010101110011100001111000100000011010001010010110010101111011001
000001001101010101000001001111111001011000011110000001101000110010010100100011000110000010000110
011101010011010101101000001010101111000011000000010111110111111111011000011111100110100001111100
111101111010111010110001100111111110100101010111100010001101011000111011100000011010100000111110
001101110010001011011110101001001000011111001000011110001100111011100111100010100100000101000011
111010001001111110101101100100001101111011000001001011001001100010111000111111111001110111110001
001001000010111000100110100011110101100000000001101010110101000111000010010000110001111111111010
010001011111001001010000110000010101100101101100101111000001010010000111011111010111000001011111
100101011000111010010110001110100111011001101010011010100110001100010000011000011011011101001101
100010010110001001111101001011100011000010101111001010001010010001000011110100110100011111011101
100010111111111010110000011000010011011011011111010010111001000101100110011011111101110111001000
001100011001110000001101100001101000001000000101000010101100110101000011111110110011111100011110
011100000110011011010010011111000000101111011111111110111011111101000001101100111000001000110111
010011100100100001101100101010111001101101101011100011111110010011000101011101010100000001100001
000110011100010001011001100110111010000010100101111011111111100101100101001100010101100110101111
101011111111100001001100111111010010010111011101111111100101010100111010101001000001010010100100
110000100001010010010000100110111110100101011101011100001011110001101000010110101111101001100011
100001110000101011011111010010000001110111001111110111001011110011001001111101101100001001001111
010001011111110101100100011100101101100010100010011011000110001101110010111011011101000110101101
010001100110100011111110001110100111001100110110111001110111001111001110011010101110111010011010
100111010100100101111011001010111010101001011010110001110011100110011000101001011011100001101011
110111111000011001111000000010000000111110101100110011100010000101110011000110110000010110101001
011100111001101110101010010010100000111101010100110100011010101111000001100010000101010011001110
100001100010101011110101111100111010010110101101011001110010010100000000111001110110001110111100
010000100001000101000111110010110001000110111110101110111000110100011000001000101000111100110111
110101110100010000000011010000110111100101010101010111000101111101010011010011011110111110000000
100000000001111100110110010001100110010011100011011011100000010100000101011111100001100010111110
001001000101111001001100110001001011111110001000000000110111110000110101010101101011101111100101
001001111100011100011110110001000000101001000100000100000001011010010101000110100010111000100101
001011000100000101111110110111100111001101110011110001001001110010001011011011000101100000011100
011011000110000000001010001010011101011010001010111110000010110011101110101111100100101001111111
011111110010000111111101010011001101100001111111010001011010110100001110010111100001001001010000
111111011101000100100101111010100100010001111010010011001101001011001111001101100001000001010101
111010000010111010010100111111000000110010100110111010101100101001010111011011100010001101001001
001101000100101001011011011010101110001000100001001010110010110010110100011001110000010110010000
110001011101010011100011110010000010011001111111110110010010111010100111010001010000110000100001
110110110100000100111000000011011100100001111100111111010101100000011100101001111111001011010011
011111001111011100010101111001011000100100011001111000100000011111100001001010010001010001100000
111000001101011111100010100001100111110101101111011011110100000100100101010111110101000000011100
011111100100010011110100010110111101111100000101101011100001010000111011010001010101100100111000
110110111111011111110110111001110010111010110101001110101000100111010010100110110110111100111000
011010001111010011111110011010101111000111000110101101110111100100101001101010101100010011001100
011001101001001001000000000011010110000110011010010001100101001001111100110010110000101010101100
100110001011111010110010000001110101111010001001101101010010100100010101010011101101001111100110
001010101100110010000110001101110111101000010111010000000001111111110010100111100100000111111110
110111000111111000111100011001001010011111110110101111011100100100111010010101000010101101001011
100011110111110001011001100011111100001101001111000110101011000011011100101111001100101001011111
100010110110100001011011010010010011011010000111001101101001100010010101100000000011010010100101
111111111011110100000010011100011111011111010010110101001000001010001110011101001000100111010010
011100100001100101000100000011101101111011100011010111011001100100100000011001101001000011101100
111101110000001111001110110010100101111101000011100100001101010001011001101111110001111011100000
110100110111100100011011111101000010011010010101111100110000011100000010110111000111111101111101
000110110101110000110001011001011101010100001001000010011011000110011101011111110100001111011110
111111110000101111101000111100010100111100110110100100011011111111001010100111111110000101111100
000111001101110110001101011000101111100111100000001110101000001111000101111110110100111100001010
000000110100000011111110011100101110001011111011000001110100100001110111110111111011111110000100
111110000001110100010001000011000010011011101011000101101101011001101001001110011110100000010000
101001010111111100011000110001011101011100000001101001101110011100110000101100100101111010001000
101110010110010011110001011011111000001000101001000001010000000010010000010000110100000100011010
110111000001110111110111101011010101011011100111100010111110100111001011110100010110000111100001
010011111001010110010100110111110110000111110110011000101100000101100001010111011110101010101110
110111010101000111101111011001101111001011111001010101111111000010000101010001111100111010010100
111100000010110110001101010011001101101101100111100101011101001100001101111001011101101100010100
011011101110111100001110000011010101100010100001110100100011010000100011111011101111101101001010
001011011101101110010001111011011000100101100010001100111101001100000110001100111101110011100100
000010111111101111101111100010001010101000011110011111010100100110011000101001101010011010101110
111001001101110001011111101011010101000000010110111000110000110010100101010101100100100011111011
001110100011010111101100011010100010101110101100101010011101100101101111000111100010100111001001
101010111000001000001010100000000011100011011111001101100100101110111110100111011001111100011100
110001110101110001001100000010010001110000001011111010000000101111001010101000111010010101101111
100001000010010101100000011011001010011110010111110111110110101111011110000001101001111100000010
100101111011010101001101111101111000001110010000100010111010101100011001100111001101100100100110
110000110111000101000101000000010000100111001010100110101111101101001001100011000110011001111011
011100111001110010000111111110011001101000010001100001000100100011100101001100001111010100100010
001111111001010000010001110000111001110010110011110111010111111101101000111011110000100101001111
001101000101111100000110000101101110010000110111000101100111011010111000000011110110111001000010
000101101101110110111100001011101110101111101011000110111100100001111111011011101110010011100010
011010000101111110110001000101000110101100111101011001100011111100101010101110101101101010110110
110010000100111000101110000111111101011101010110101100101011101111000010011000110110101101100011
111100011011001011001111011100001010010100110110111010001110111110011101000000111111010011111000
001100111000010110100101111010101011010100000010110000001000001000101110010000010100010011010011
011011101101011011000000011101100011111101011100000010001000000101010110101111011011101010001000
010000101110100000110100110101101010111001010110100100000010110110010100110110010100111111110010
010100011100110001011101101011100100000111001100110011101101100110100000111001110110000000101011
000000000100101111101101111111001010111001111100101000010101010111011111110101111110000010001110
100110000100101101001101101001010110000100110001001010001110010101101100001011100110101101010110
010100111011001001101001001000111011010011100010010100100110000001010101010000111100100110001001
100111110101101110010100000110000000000111101000011010111001001101001101010000000110100111001110
011111111110010100000111111100011000010110001101001110000100110010111110000011011001100000110110
000111001101011101001011101011110001000111000101111111010100001010010111111010001000111011000100
111011011100011001101111110100011011101111011011110001010110101000110110000011010010010100011101
100100110011110111110011000101000011010101100001011000001010000011011011000101101000000100011100
011100101000110111101111010000101001100011110011000011111000000111011010001001011001101110111010
011000001000111010000111001010001001111110101101110110011011000111110000001101101000000001101001
001011100010101000100110101100100000100011100001100011010001100100101100001101001111010001011111
100100110100101110001110110101110001101010100101101010010010001011110101101100111101100111110010
001011101000001101000010100010011111001000101001011010010111111111011110010100000000100101010101
011101100111110010001111011010101000010111111100010010011110100001101100011011110011110111011100
100111010010010011000000111010001010111011101010000000011100100100011011111110101011110100100001
010101001100011011110010010110110100111110000110011111111101001100100101001101011100011100011001
101001111010010110010100001000111000110000001111000110111011101011111000110101111001000011100011
001111101111110010100000101110011010000100001000110000011010101101101101000101110110110011010010
011011011011111011111010010011011010001011010011010110100000100111110100110011011011001000110010
111001011110100000011000010101101101101110111101110111101101100001101101001010101011011100001001
000111000101111101100000111001101000111110001011000000001010011101011111100111100111000001100111
010111110111011010001001101101001111001100110101010011101101101010000100000001100110011010000101
011100110110001110110000100001110001110110011101110101010100100110001011100111100010010100100000
101000011011101000001110100111110100101011100010111010011101101011111011100101000000111000111000
110101111011000000110011001111010001110010000110000100010100110011001110111101110000101100010011
