011011110000111011101000000111111110011000110110100011100100011000100001101000000110011101000100
110101100111010011011100110010011101111000010000000111001010100110100001101000111001000000101011
100000010011001000100111000001010000100100010110110100000010101100111010100010010001100011011001
001101000011101011010010000000001100000111010111001000101010010111110100000111100100101111101100
010001001001110000111100100011110011011010010011101101101110110010111101111101001100101100110101
010101010101110101000000110011000000011000100001000001001000001001101000101011100110101001110000
001000010100101110110000000100110010010010111101100011000011011111010110110011011101010111000011
000110101011000110101000100000011101111001001101110100001001010001010010010000011000010111010000
000111101100011110101010110010100010101101100011001001101001010100001001001100100101101000011001
011011001100000101000100110011110000000000001101010111000011010100001110001001000101110101000100
000111110110101000000000001101000111111100000100100100011011110010111000010000001100001101111010
110100101111000100001001001001111110101100001011010100100100000000110000111010011100100101011100
110001100010010001110110101001100011010101000000110010100000001101011111111110111011011100010110
011001101011100101100100001100001011000100000100111101001001011100000000000111110001000111101110
110000110001000000111100101011100100110010100010000111101000101001000011100001100011001010011010
111001000101010011000010101110010011000001000101000101000111101010100011100001010101010110110101
011100011110010101000010101001010100101010100011111010100010001010000000111011110000001100011111
010111000110101101101000111010100010001011101011100110011111010100010010110010011011010010001101
100100100110100101000011001101111100011111001111111010101101001100100010110001011010100111100010
011010101111101110111010010011010100111001011011100100111100010110001101100111101010110001100011
100001111110110111110111000000010000110010001110111110110011001011111111001000000110100000000100
010011110001111100111101110000101010011110111111101101110111100011010000110110100011101101100000
111000000110110001110101110110111000001001001100111100000111101011101111011000011111011001100000
000010000110110010001011101100111011100101111111110111010100100111001001110011010011001001001111
111010010101100111000111110111000001100000001010110111110111100000110110001000001111111101101100
100100111110111111011110100100100011111110100101111001001011001100000001011111010000011011000111
110001010110011001000100101101000000000000101001000100001010100001001111000111110001001011011110
101001001001000000101101100110101001010111100101100010001001101011000011011010011010101100011111
011010010101101110001101011110101011111011000111000110111000001000000010111111100110110001100010
110000000111101011111000000010111100010000111100101011000110000000011101111100100000101110110110
010001111010100001100001011011100001100011100001111011010111101001101011000001000010101110011001
110110001011010011001110001000001110110011100000001010001101000001000110110101100010110010000001
011001110101001111111011001100110101001110110001111010101001001011001110001111110010101000010110
100101001110111101011000100111000110111111100011110011110101111011111010101111100111111101001011
100110111111010101101000000111110001110001111110010001001000101011111011110101111010111001001010
000111000001011010000111011000011011111011010111100111011101110100110000101010110001100010100010
110101010010011100100000011000110011101100110010010101100100110000010000111010110011110000001000
000111000100100101001000101001100111100100110100110101011001101010111101111100110000100011100111
001010011100001100011010001011101010001011101001101110000001101001001010001010001011011110010101
100110111110001010010101011101110000010011110100101011010111000100100011111001000100100100001101
000101111100101100100001111000001101110110001111001110001111010110101101111101001101110001100101
011001100111001110101010010011110110100010110100100100111011100011010111011110101011011110110100
001100000110000110011001000001101010011111100001011100101010111101010100101011100101100011111111
000111101010100111100011010111000111110100110000101110110111100001111011110111001001001001010000
000111111011001010010011101100101101100010110001110101010000010010000001111100101000010011011001
101101001000111101100000001101011101000000010011100100000110001101010100111110101011000110110100
100000111001000001010000000010111000101011111000001011001001111001101111100011100110111011101001
011001011010001101111100011000011010111110010000111110110110101111110111101111000100101110100100
110100100100001110011011101100010000111110101110010110000001101001101011111001010010001001000111
100010010110110001000010111011111110010001110011010100000001101101110010100010111111110110100111
011010111000001011110011101110000001010000110110101110010000011101001100010011101101101111010110
000100101011011111100001001000001100010001001101111100101111100110100001111110000001100011010110
111011011100011000111001010110001110110011111111100000100001000011000001000101100011000000100110
110100110110100001101100111111000011100010010011111110010000101001001101100101101101111111010011
000110110101111111001001000010010011001001100010010110000010010100101100000101100011111111101101
010101100100010110100011001100011000101110110001101001001101110001111100001111111001000000010011
001011101101000100101010000101101110000111010000010111110100001111100100010001001001010001111011
010010101101000000101010000100101110111011001000110000001011011110111100100111110011101111100001
101100000011000011001100101111100100001101101011001110001101010111111110001111010111111110110110
010011100000110101001101001001100000010000010100100101011011011000010100010111010101000101011011
100011111010111001010111111110011001101100010010101001000001000111110101111111001111001111110010
110010010100101100000011011110101111110110101100011101111101100101101111110000110011100011110110
111100101011110101000110000011101101010000100010000100010110100111100010100011010000100101110001
000100100100011100100110110000110011111111010010010101101011010011111010110001000011001000111001
100100111011011100010111110010000101100011101101010111011010101001100110000001101111010000100011
001100101010001101011001100110010011110101000001101001010101111100000100110101000111001110100111
010010111000011010001100011011001010000111100011100100011000100110111011001110110111100110100001
000101011010101000001000110011111000101000010010001001000101000010001000000011011110010110000110
001010010110100101101011010010011000011101100111000011000111001110111100000110111100100110111010
001111000111100001010101100001011010110110101000000011101111000110100101100011101011100010010110
100001111010010001001000000011110010010111001100010000011100001011001010011100111011101100010110
001100101111111100010111110110110111101100101011011011111000101101110101101011010010010001100110
000010100010101101001011010010001001110111111101000101001010110110100111010010100100011001000111
100001010110110100010001011100001111100011110101110010001011001011010110010011100000100010101011
001111000010110111001001101111100100100111001101101110001001000101011110111111111011000111100100
011000111111100010011010010001111001011101100010100011000100100001000100001010010110011001010001
001110001011011110111100001001101011001000110100010010011000001001111000111110111001001010110010
001111101111100001110110110001101011001011110111001100011110111000110010001000010001001110100111
011110111110010011010100110010110011100110010001101111010011111010110000111010100111011010000111
100100101010000101101100110101110010110101101111100100101100101100000100010010110111000100101011
110110011110000101011011101001000101001001000110111100010011110001001010101001111111000001101100
100110010000001011111000111011000000110010100011111000101001110000001001011101111010111000000100
101000111101110011001111100000110000000011001100110000111101100010101110001111101100011111111110
011111100111100011001111110010000000001101010101100000111001101001101011110001110010110100100010
010111101100010011101001110011100101001000011101001001111111011110101011011111101001101001101001
101010010101010011010010001100111010100110000000001101111100110110001100001001110011101001110111
010111110001110110101010111100010100001110000101111000000000010111010100000010101110111100101110
111100010111110101110101001111000001000001000010001100010011110000100111001110101100101010001110
000101000100110110011001011100101111011000011000001100101011110110011010110111001010110000010001
010100000010110001101101111101111010010101110011010001101100101100001100010001111010111100010110
010000101001011001001101000001011111101101101001110011000011100101001111001000100101101111110101
011000010011001101000101010100011000111001110100001001100010010111010011110101111000010110101000
110101111001100110010000101010001011101101001111101100001111101001111111011010100000110001001010
001100111101011000010000001000001011101001000000110100110001110110000110000111101101101000110110
101100000100010110010111011100111011000101110111111100100010000010111001111001111111101011111101
010000011010011100010100101101100001111101101100101100111111110001011001000011000011001010001100
000001010110000111011101000110101100000101111001000100111101001111001000101000100000111110010011
011010100011010001110101100101010011111001001010100110111101100111011111010101000101101010111011
001110010011001100110101000101101100110001000011011100111101011111110010000000110001101000110110
000111001100100111000010001101111110000110000011011100110111101100010111010100010110000011011011
101000000001111011010100001010110000101101000100101111001111001010110010001111011001010100110100
110111001010111111011110111101001101001110000101010111111100010100011000100100101110101001001100
100100010111000110011010100100000011000101001001000001011011101101000101010100110100100100001010
111101000101011001110011010111110110111010010000110110111011100111011000000101110111001101101101
111011000000011110110111110100010100010000010001100001111010111101001100010110000011111100010111
001101101000111111010100100001100101101010011101100010101011100100110110100100111011110110111011
011010111010000111010101110011000000111000100010110100011010011010101110000001011110011010111001
101011001011001100001001010101101000101100000010010110010100000110111010000000101110010101001011
100101011001100001111111001011010100011001000000101100101001100100111000100010001011111111000000
111111011000001001010010110111000100000011101111101101111111111010100010011100000010111100110111
011000010100011101110001000110001000110111011011001111100011001001110010101001111010001111100001
110010100110000110110000000011100100000000011000000000001010010110100011100000010001110101011100
010100011000011111010110100000101101111001110001101001001010101100010111101011101101100111110111
010010111001000011101101000111011110011000000011010011001011001010010001100101001100111011000100
010100101100111111001010001000000001011011010101000011111111110000111011001001110101011000101001
110111010011111110100111000110000111100011100100111100111011000010000101010101111010111100110100
001010110100011110111101001000100000100010100000111011100001000000000111100011111011010010001010
011100011010111000011011111010101111001110111010101001001011011100100100111100110101101011100011
101010111000111111101010001111001110110100100100011110000011111010110000010110000000101001110000
011110101011100011110001001001011111110011001010000000011011100011010011111100101111011001101010
100110101100100100111111010001110110011000010110100110001110110011101101101010101101111110110001
011000101010101100100001100000001110011110001100010111111011010011111100000111010000110110111011
110111011110111111010001011101100101010011010100100001000000011010011111010010011101000100110101
001001011101110000111010010011110110100011100111110010110000011001001110000101101001001101101000
100010100000110111111101010010111001000010100111011110111101011100010111100010010111110110101000
000001110111001001111010101111000101100111101011011010100101101110110101101111000101000111011010
100110101011110000010101101101101000001101110111011011110100110000100011011110000011010110000111
111011001001110001011110000100011011000000101010100000110111111101110000010110010101000100100001
001100100011100101000010001010101011110001110100011110101001000010111011110001010010111011011011
010011010101110100001111010011111000100000110001011100100010010100010111110000001001000011010111
000000100101001010101100001110000000000001000001110111101100111101110010100110100100101110010101
000111110001000001001010110010111011100000111001100110001010110101110110010000010100011100110100
010000101010001110111011001010111011001111011001101011100010000001101101001011010000101010111101
100011001100101011010100011101101010001011100011011110001000100001010101101010100000100110000001
001100111001100101011101001011010000110000111011001110000111110111111000001010001010001111000000
111001001000110101111000110010000011100000001011100000111110000011111010000001110101010011011001
001011100001000110100010110011001101001101110110001001110001100000001111000010010111011100101111
001111010110010001111100111110001110100100010011110011101100000111111000101111001111111110100101
000101000100100011000011101100110011010010000111111101111010110011000011101111010010010110010000
111001110100110010011110011000000010000000110110000111001110011101011110001011010100010101101011
011001100001001101100110110101111111011011010111010100010010011010000111111000111110110000011000
110010000111001010001000100110110010011001101011001100000111000011001111001010001100100010101100
000111110101001011101100011100010111110011111010010011010011111001110000000110110001011101011010
101001110100100110101110010001101001101000001000010010101011010100100110100111100001001101110110
000111100011110111111011010001101100001101111001111100101000110100010111110000001000111010001001
010011001000101001001101001000101001000111101100110100101111100001110001111111010111001000111101
010101110011101100010000111111111110010001110010010011010111110000110010101111101001000111001000
001110000001011001110101100001011101110010011001010011101111101011011011100111100101010110111010
100100001001111011100100110011001010101011010110110111101000001001101110101011100111011100110010
101100010011001010100000001001101111010001100111101100010000001010101111011010011110010110100110
001110110100001111100100110111011101000011000110101011000110110011101110011010101010110001110000
011001111110100000011111000000100100110000001101001110111110000001000110100100101010111101111010
010010110100100110011011010001001001011011100100010101010101111111000111110000110111010000000101
011010011001011100010011111011011110111000011101111101010110011110100000001111101100100101111000
110111011110101001010101111001110001111011110001100000010000000000001110100000001101001100101101
011001111001010101100010111001100111010011000100010101000110000101010010110101101000011111101110
110100100010101010010100001011111000100000101110000101000111111100011110010001001111100010111011
111001011010100101011010110010101100000001101011001100110011110010001110001100111000101101010101
111011001011100011011111100101111110000001000010000011101111101111110110000000100100010000011011
010110101001011010100011101110011000000110010001000010001100111100111111100010011100000100000011
001000110100001000100100111001100100001101111100100101100011101001011010001111100111001100011010
010010000010101010001000011101000000110011111111011111000011001110001001011111001111111000110100
111010110111111111100000011101100001010100100110011011011011101010011010110001101110010111001101
100101111011101001111100001001100011100011001111111001100100100111110001110000001000000100011001
100110100000010001110011111111010010110110010000101001011010111001101001111111010101011001110010
011011111010111000111100010001010000010100011101001011010011010011010010011011101000000011101111
100011101001001100101011101100010110110001011011101010100111010111010110000100011111010101010000
011010110000000000001111110111111100000100111111010010100011000101000100001100110001100100000011
110100001011111011100001101011110100110000011000110000000100011000100111110101000101010110011001
100100010111100111100110110010010000000001100010000001000111110001001000011111000110010001000011
110110110101110000100100100100011000010011110000010101000001111100110100010010011010011011110001
000011111000000000101101111000000010001011100101101110101011100000101000011011011001010011011001
000011111010101000100010000100110001100010001110111111011001101001101011110100010110110111111110
110000100010101011000001110000111101000001110101000010111111101010100011100110101001011001100000
100011010110110011011110110000001100110100100010011100110010111001101110111000110100010110101000
101001010010000000011110100000001011110110011101101011111000111011110010100101110110010011101101
110100111110001110001100100000010000001100100000111110110110010100110010001010011110001100010001
010011010000000010110001001001011101011010000001111100110110101100100100101000101001001111100001
100010110001000010101001110010011111010100100011110110111111011001101001011111011111100111111101
000000100000011000000100100100011101001000010101100110010100010011111010010101001101111100101001
110000001010111101111000000101011100010100001010000010101110101000111010101001111000000100100100
101010001011001010010101100100000001111111110110001111000111111010011010110011101010111110000111
111010110101101000110100100101010001101000001011111000100110010001101011001010100000000001100000
001000111100001111010001000011000010101101000100001000110100100010101111101010000001101111111101
011101101110000110011100001111111100100011100001111011011010001101011111111111101011110011011110
101111010111000010110010111100000000100010000111010000000010100010101011110101110100111101000000
111101000111001010111101101110110011110100011001100110110000100101011101111010111110000100100110
001100111110111011010110011011011010000011010010010001111101011000111000100001100101010000100001
100110100010010111111100001001000011110010010110010000111101111111001111000100000110011010010110
000001100101110101110010101111010110011000101001101110101101110011010110001110110001011010011101
011010110010010001111111101000111101000111100100000111010111000001110101100110101000100110000111
100111101101001100011111100001011011010010001011111111110111111101110111000000010000101100100101
100111101111010000110111110011001101111111011001000011011100101001100101110101001001100011001101
100011101010110001011010001111010111101111000000110010111100100110011100100010101110011111111101
100001010000100101100100100100111000001011001000101111001011100010110101111111110111100001101110
000110010111100110100010010110001010010111101110010010010111011111101011111111001001110011111110
100000110010000100000000110000010110101001001010000100001110111001001111011111000111000000111011
111011100111110000101100100110000010110000011111101000000010011000110111010100010000101100010110
010100011110101010000010111011101001000111011111101111000110011010001100110110110100010110010101
000011111110001000011101010001110110011100110010100101111101111110100100000011000010111001101111
110100101100001111110101000110111001101100110101101000000110000011100000111001010010011111011100
101110010110101010101101110001110101011100001111011110100010001111000000000101000000011101110111
000100111100001101111110111100000100110010001011010111011101001101101101001100010001100001101010
111111011000011111010011000011100011110011101000110111011111100011010001001110110111001100010111
010110011011010100100001000011001101101000100101101000011110010011101110010100010101111100100111
010010101011011011001100100111011101101101111011000110100000111000011011110100111100101010110000
011011000000101010111100001100011001100101110101000000001001001100111111100011100011111010100011
100000100011101001101101001000011001011011001001000000011110000100101101100010010101111010111000
010111010111000011110110101111101011110110110110000001010010011011100010011010111010110110100001
010000100001001001001010110000101110100000100001111001111000010110110101110111111010010101100010
101000001111100011100100111010000001110011001111110000110101100100111111000011000011000100101100
001001101110011101110010101101001000001101111100100111111101110100000101000010100000111010110000
101100101000010010101100011011001000101111010101100110110000101100011011010001000111000011110001
110101011000111111001001111010001011111110101111000001101111000110000100101111001101111100010000
110000000011101011011110001011111001110111111001011111010101001100111011111110000001101110011110
000111111111110110110011000111000111100000000110101000101011100101000011011111010000010000000010
011111110100010010000010110111010111011001111101100101110111100011110010100110000111100101110111
100110100010110101111100000000111100101100100000001011001100101011100100101100000111001000110010
010010011011100111100010000000010011101000100010011110100110111000000000001110110001001011010011
010111011101011100011111100100000001110001000001100010011111011010000101001011010011010011010000
010000111100110010110011100011100100110110001001100001111010111110000010101101111101001100000011
110101101000110011001110011100011101001111111110001010110011111001111111011100100010011010100111
001000110101001101011000000000000010111001001111000110010100001000100010001110001001101010000101
101111101101110010000010000101101111000100000100111111001110111001010111011100011010111110001000
001000000100101101111110010100000000101000010111010010001101100001100110111110110010110000111101
101001100110010101110100011100110101110011010010111000000100100010100111110010010110100010001100
000000010001011111110110000011101000011110011000000011101110100001001100001110110101000101001110
011001111111110000111110001010101001001000100001000001000110010100110001010011100011010100010010
101101111110000000110110111001010010110011000100110100111000000100111111111100011111110011110111
101011000111101011110000010010000110110001000101111010000111010001011111000110011010010100010010
001100100101110110101100101101010110110011001010110011001011110000101101010111101101001010100110
001000100000010111110101110011010001000001111011000011101011111111001011000000101000111001100000
000101000010001111100011011111000011000100011001101000010011101011110010010100111000111111010000
101000010111011010001101100100000001100111000110101100001110111110110100001110110101101111010111
100110000111000101000110001011100101011000111111001111111011110011000000100110010000011010110001
001000000000001001110101101000100101010101010010011111110001101111010100101100101000101100111110
100010110100110101111010111100100110100000011000111001011101011111000111011101101111011101100010
110001011110011100100010100100010000001110110111100011110010110101010100110101010100111011001110
001000111001010100010101000000110010001100110111010001000100011011111101110100000010101110110100
011000011000100110110101010101110100101111000000100001001101000011010011010011010001101110011110
110110011000001010100110101110111100111101011111001010110110110101101001110010010001111110111000
100000100101101010001011101010100110110101000101000010000000110011010110010110110110110000001001
110100000010111010011000110001100101110011101010101011010001111010001111000001010011001110110001
100101110111000110011010000101101100111100011100101011101010001111010101101111111011101001110011
110111010011101010100101010010000010111101110000011011011100010010101010001011011001111000100101
010011110000111111101000110111000001000001110111011011101011110110100100111010011011000110110011
010101001110001001100010101010010011000000101101110010001100010110101101110001101111010011001101
101100000101000010010011110111100110001110001001110110110000010011101000111011010101010110011111
001010010101101101100100100111010110101101110110111111001001111010000101000100001001110001100100
111000010111000110011100110101100111010111110100110111001010100000010100001000011010110011110110
100111010101000001011011100110000111100000100100111111010101000010110001001110110100011100111000
110010111000101010010001011011000000100101000100010101110111111001010111001101111001111001000001
100110101001101100010001000110100100101101101011100010101000110001110001101110110000100010110110
011100001100110010110011001000101011011100110000100110110011000110101001110001101101110110001010
101101001001111001011010111010000100100100001110101011011101001000100101111011111110001111000100
110011100100011011101010101100110100111100011111101100000100010011011011110011011100010010110011
011100010100101100111001011011101010101101111101111000111100100100001001101001110011010111011001
000100111101100111110000010011101101110010000011001111011101101101100001010010101000001011011100
010010111001111000001101001100010010000110101111011010010101011011011000001000011001000011011111
011100000001100000101010001000001011110100010010100010110010110111111101110111001100111111101101
101110010011100011000000011011111000111001110000101111111011000110110010010001010001110101111000
101011101100010111011100010000101010111101100110010001100000011111010101001010000010100010110111
111000010011110100110001001010001011010011111001111011111101010011111011010011001100100001011010
111000001111010001000011010011110110111100000011010000011111111100100010110010000011001100011010
010111001110101111110100100001000011011110010011000001000111011001000101001010111001100111001101
101111011100000011011101100101101110001110000101100100011101011111010101011000000001100011011111
010111110101111010011010111111111110101111101100110110110101010110100001101100110010001000001000
100110011010010011101110100111101110110101100000011011111101110101000010010100001111111110001011
011011011010111010110001010101111000100101000000111001011000011001101100101010001111011011000111
011001001010010010111101001100000000001110001100100010011100111010011010010101100111111110000101
101110110110000111011101000001011110110101001001101100011010110001100001111001010010101010100100
011110010001010011000101110000011011000001100011011101010111010111010111000011010111111101010111
110110101010111110001001000001001111100000010111101000010111110101011010010000001001000101110100
001000110011101100011010111101110110100000010010110001001000100000000010010000011011010000101110
000000000000100110101000111011001111101100011111010011101111101111011111011011001001000011111110
011001000110011000010100100100010010110001111101110010000110011110110001011101010101011100100101
000001011001000101011111110010111111100001101000101000010011101110001110011101110011101101010100
001010110100010110111100010011011111011111110011111001000100101001110011101100111001101001010000
111101010111101100011101001010011110010001101111110001110101001001110011001010100011000000000110
011101110011001100111011000100010001011110010000000111011110011010000111011011001100101111000011
011001110000001100100010111001101111111101111110111100111001001010011010101111010110001111011110
001110001000101110001101001000111111001111110110110010111001000011011110011001011111011011100010
001100101011111000010100101010101011110001001000110001100111010001100101101011100101101000110000
010111000101111011100010001110111110101001100110110010000100111100000001000000101110100110000001
101111010111000001111111110111101110101010100110110111000110110100010000001110101111000010000101
001001001111100000100101110001010011001010100000001110110010001011000111111101111101111100011110
000111110111011111101101101101011000010100101000100010100110100111001100001011000011000110100101
001000011000010001001001111100011111011110111100001110011000110100001111100011110100101111110110
010101010111100000001111101111011111100100111110100110111100101101101101001001100000000001110101
000110110010101101001000101010100100000110001100001010100010000010110011101011110100011110011110
100000001010001111001100001010010000111001101111000010011000111010100001111111101001111111101110
110100111000111100011101111000000001101011010110111111111011000011110100000001010101110111111111
000101010101101111000111110001001100100000111111011110000111001111001101111000100100000111001001
011100000110111110010010011011110011011001000000111010011000111010101100111110100000000010011000
100010101101101110011101010001011100100100001011110010101111110110100000111000111100110111101000
011011010010001011010010111110101001010011000100111010011010010110111100010111011110101110000101
110001000000000111110010100110110001101010110100101110011111011100011001101100110010010100010100
010011111111000000011110100111000011001001000001111001101011011100100000110111111001010110000110
011110100101010001001111011000111010111100110101011001110100001010000101011001110111110011100100
100011101011000100101011110101001000101101011110101110011111011110111000110100001110111010101000
001110111111000101000001011010110110100101100111010000010111010010000000110000111111010011010101
010100101011101000010011110100010110000011000011101010101100000111101001000100000110100110101010
000001001000011000011000100110101111010000011100011101111010001010111010100100101001100111001101
100110111111000101101011011101111111101011101100100110011000101000011110100000111110011110010101
100111000110101000110010011001101010111001010101000100111111100111111000111010000011011110000001
000010010110101110110110101101001100110101110101101000001000000100100010100001000100111011001100
100111111110011100100110101001101101000011000101100111101101111111010100011111111010100000000001
000110110011010010001101111000000010010110100011001011010110100001111010000111011101011101011011
011111100010110100100110001101001111010011110111110000111000111101001001011000010011010111001010
000111000001101011000011000001100011010100101000001101110101100100001100001101001001110101101100
110000101100111100000011110000101000011000001110111101111000000110101010100100111010001010100111
111011100100101001000000000010000100111110001010001100000010100010100100001011110110111010000101
111100010010010100101101110010010000100001111101000010000011101101110100100010101000100011111111
111000110001101010111010011001100111110111010110101111001111011100010010011011110110011101100010
010001111001110011100100101110011010100110010111001010000101001100101111110110111000010011010110
111101101001111111110001011001111011011001010011110001011001001111100110000000100000001010000111
110001100111010001111001101011100111011010011110110101110011110111110011011110100011011001010000
001101011100010010100101101111100100110100010000000000101101111011010001011000100011110101101000
010000001100010100110111100101011010100000000000100101011111111001111001011111001001110010100100
100111011111001000011100110000101110111100101011110000111000100111001100010101011010011000110110
100001011101100011011000100101010001110001100000101011001100101100101000011111011111110011101111
010110110001000010100110111111111001011111010111110010001000010010100000001011110000101001010001
000101001001101000101101001110100001010100011011111011001000000000010110000110011101110011001111
011000000111100011110000100001001101111001111011101110110111111101101001001100011101100001010110
011110111010000110001000010000011000110110010100000001010011011011101010000011011111011101110111
100000010000100100110100100110100011010000010101101111101010100110010101100010010011110001010101
000000110100010111000110000111001101110111000011001101101011011000001011010110110111010000100010
101001110111000110001101001111000101010100000111011010110100101100001011100100110001011011001100
111101011100110110101011111110010111011100101110000000100011010101111011010011111110111101010101
110101111101000110011011010010000001000010010010011011110100010011011000111101010011001010110001
011110101011011100101010010001001101100110101101011100111011101010111110111001111010101101110010
101000000000101111110110101100111010110110000100000011010001011110101011000100110100101010000101
110010101101110101111101101011010011010000101011101010010000111001000110100101001011010000010010
111110001001011111101101110001100111100110011010100011000000010011001111110100011011101001011000
010111111101100011010100001100101010001100110010001101101111110001110111110010101000010001110000
101111000011111110100000111101100010011000111100000101010100111001110001011000111011101111110101
111010111110101000000111011100011110110110010000111001011110110100110110110101100100111111100001
101010010010101111001101111101010101011001011111100111100111111000110000101001111001000011110000
111010110101001000000100000101110000001001011110010101000101101110101101100010100111111100100100
011011010100110101000111100101111011101010100101101100100101010111111110001000011001000011100111
111111010111100011001001001111010101000101011111001011001110011100001110100101010010100110100001
100110100101100101111110001100011011000111010101111101000011110011011100010110001110010010010110
100101111011101111010111011001101110110110010111001100110111010110011101001110001000110001010101
100111000110000011011000111011001011110010000010010010100001110000111010011011011111100000011110
010100011010111000010001101101010100011000000110010001100101100101000011000001111011000000010100
000000101000100100001111110011000100011011100010000010000000001010011110100001110001111011110101
011010011111000000111101101010101111100101011100001011101110001111010000101111111001001101000011
010110011000011001001100101011100011100101111011100100111100011100100010100110000111001111100111
101011110100000111110010111000110111010011101001101010001000000100001101011001010101100110110111
011011100010110111000011001111000101000100111110001000100101101101010110011001001111011101010100
111010010000101101101100011010111111111111001101001110011110001110101000101011100001111001001111
011011011010111110100100010010110010100101110100000110101011101110011000101000111111010100101000
101000110110011001000001101010111101111001000010001101101100011101100001001011101010101010000001
001010010000010010011011100110001101000001001010101100001111101010010101101001001101111000101110
100101011000101100011010000011001111111100000010101011010111001001111100000000111110100011100001
101010110111110011101111110000110011101001000111101100001100010001000100111001101101000110010010
010101111001001001110101110001000000010010111000110111010101000000011101000100010101001111110001
000011101100111101011011010110000111001010101101010010010100110110010010000000111010000101111010
101011101000011100001111101101010101001001000010101101111000100000101101100010000100110101000101
100100100111110110110111110101101101000110011010010000111100010011101110000100010000101001111001
101011000000010010001111110101110101000101100100001101000010001101011101111000101110010000001011
001111000100000001101101010011101100001000110101101101000100000011100001100100111001110111000001
010000010010100111000110100111001110010110000011101010001011011011100111111000111100101011101011
111000011111000001000111011001011010111000010011010101010101010101111101101010100111100010011111
111100101001101110101111001100010101100001011000100011111100011100100001100100111000001111100010
001001001011001001110101001010101000110011001100000100110000111100100001111111100101110000101111
110111001011101101100000001101110100001111111100001110100101011110011011111101011010101000111011
011011111011001101101011000011111011111010110011110001011001010000010100110011101011100110011111
100101001000110111011000010010110100000110000010011110110000111110010001101011010110100001110111
010110011101011101001100011100010010101100100010011001000001111110110010101100000011110111010110
100100011111101000111011101011101111101000111011101100001001111011111111001111101111010010010010
101110110010001010100011011110101011011111010011001101111001011100101010100001011111111110101111
100000110010100001100010001111000100010000111101101011000001011011011000101000001011000010101000
001010001001111101111110101111101011111001011000110101110100011000101011000110000011101000100011
011111100101110111001100100000110100100100010000001111011101010100111010110001111110010100000100
110100010000111110000010110101011000011100101000110001011111111111000010100011011000101110101000
010111111001001100001010010011111111010001110100000001000110010001011101101100101101101000100100
001010111110111010101011010111111110110001001010001100111111000001000111101101010010100100101000
011000000101100100011100000100111000110110100101010000100111001101101101010001100100011101110010
000000100011000110100011110111111000101101110011100111101011101101100110010101111111100111011110
001101000000001001111011110100000110011010001011110110010010001101100011111110110000100101101111
010011101000101011010110111001110001110100100111000010110001000101000111111011010011000010111010
010001101101011010111111100101001100100000111110000011010010110110011100001111000011100000110001
111001011100100100100011111000101101001011110100110001000101011000000000001011100110101100010111
101001110100101101011100100100001001000110011011101101100010100010010011011100111101010111110010
011110010101101010111110011011111100100011111011011000100110011101010111000010111101010111100001
111110001000010111110011010110111101100001100001101111010011010011111111110011101011100101100111
100000100101111010011001011100000110101101010010010000101000111000101101010101000100100110011111
010110011100011001110110111101101010111101011001100110100111000011000001110011101011011111000110
011000011011110000111110001000001100101110110100011110101000001100000111010110001010100110010101
101101011110100011100001101110110101111011101011110000101110011110010001001000011011000101011110
100011111101110010000010100100001100101001000000110110010110100100101000110110010000100111000111
000100100010011010011111011010101010011101101110111100101110010100110001000100001011010101110110
001010010001111111010110000000110101111100100100000001010110111111100001111010001111011001110111
001001101110001110100000010011010101100101010111010101010010100100110110010010101110110100000100
000010000010101001110010000110101110111010000111011101111110000110110001010110010111100111000100
111010111101010000011111010110000110111011010000000110101011110101101011001110101101000110001111
110100110100111010110000100010111111011110101101010101110011010110010011111000110011011011100010
000010010010111111010101001010011101011100101011011100000110000010110100111010110101000011010010
101100000100011101001101100010011001001101011111000010100000001000001011000110001101010001011000
110111000000111010110101111111100111110100100100011011110010010101101101101111110100011111000100
110010010100100101001111101010011100011000000011101110100100111101000011101000111100101011001110
100101010101101100011111010001010111010101010100010011001010011111011010001100100111001001001110
111010110010011111101101111010100000011011110010100001000101010100010110000011110010010111101001
000011000111111110100110111110000111011010011001101011110000011000010000010010110001100111011000
110101010100011110100001000010111000001011100101110000110000111110010011011100100011001111101111
000110000010001111101100100110000111110001010100000010000001100000111000110001101101011111010011
010011110110000111001010000111010100100101100110110111010001000011100001111011100011110001111100
111101010000011000010101100111011010011101100111010101100110100010000001000011000101100111110111
010001110011000101001111000101110010110111110010011101110110100100001111010000000111011111000100
000001110010100010111100000111001010101111101101001110001010001000001101011011011101101011010111
110001000010101111110110010101101001010011010011000010011110001001101110110011010001101110110000
000000001100011100000011111101001000111111010110011011101111100010101100010100101001110100010000
111011111111111101100001000100010010100001011101010010100110110011000101001001110001001010110010
010101101100101010111001011100111100110000100110101101110111100110001001111011011100010101100101
000000010101011100110000010011111100100010100110110101011001111011100101100010010011110110011011
000001000010001100010010110001001100101000110001100100110100100111110110010001001110100101000111
110001100001110111101000110100011111011010111000010111110001000111001101000011110110000110011111
100001001010101011000111100110000110110100010110101010110011111000001010001001100111111001001000
100011101110101010111111111100001101000011111011000111000011111110111001111110101001100000000001
001011110110011100111111110001010000101101110101001101101010010101001101010111001001000101111100
010110101101100011100100101010100011100110101001111101000001001100111011100001010001100111100000
111100101010110011010100001111011111101000100001001011000111011101101000001100101110010000111110
000101100111110011111110111001111111010010110001010001001111001100000110101000110101101100110000
001001000100000001100110100101001000100000011010011101011111000011010100001100100101010000101110
000110001101011001100110101100111111011000000111100100010001000011001101111000111101111101100001
100111110010011100100000110000111101111101000101000000111001010110011101101111010101111100100010
010000110101010001011010010001000000100110001111000010010111011101001101100011110010110110100111
101111100110111010111000011100111000110111111001000110001110001000001010110001101011010000011110
111111011010101000010001111010011000100111011001001110111100111110101110110101111011001000111101
111001000101011100110101001001100101101100101101110100010000101011001000100011001010000110011101
011111111101110010010110110011100001000010101011010000011110111101111001000101110110100111100100
101010100111101101111100000011100101100111010100010001010011000100011000000100101101111111111011
001011010101110011010101000010001011100001010011100010101111101100111111101001001011101010001011
101011010010101101111100110010110010011000000110011011001000010110111001010100000010011011111011
101001110111010100110111101101011000111101010000011011001011100101111110100111100101001001110010
000011110111101110000111001110001101000110000101110110000000101001010100001100010000100101000011
001100011110100011100110110000011101010010101111000001100100001011100111110110001110001010110111
101111101001010000110110110001001110111101111011101000111000011110010010001011010000110111100100
110110111001111001000100010011110011100000111000011001010000100110100000011110110100000011101010
100110000100101011000111100110010110010111101100100111100000011010101001011001101001100000010001
010101101011100100101011000111000101011011011110001000101011101000010010010000110111111011010110
110101110000110100110100000100010000011011100000011000011010110110000010000100111010101011101001
100110100100110101100011111100111110101000100101000010110100100101010001100001100100111111100110
010111111110010111001010111101100101011110101000011101000100010010101111111110011010110110111011
111110101011011001001001100110111011010100111111010110111000001101001000111100111101010011111101
001010000101111111111110010001010011011011111100110111101000000011110000000010111110001100010111
111011000100010001101001011100011011000001011101000010110100010110001000000110011110010011110011
011110100101001011101110101011010010101011011000100101100111110001110000000110100011000001111010
100010001110100111110010011100110101100101111100010010000000100110101100011011000100000010101010
100101001001000011000110110111001110011111000110010101011111000110010101000011010101000000000010
100101001001111110001000011011111101111000101111100010100100100001111011010001000010101111100101
101110110001010001100100001100111010010110111110000011110000000100110100110000001011111011100001
010110101011110001110000110011010101100101111110010101011000100010011011000111111111100011011000
000000011101000111011101001100111100100100101110110111101001000110100101111111010010011110000000
010110000000111001000100011101010100000101001011110101001001111100101100001010111110101101011011
001011111110101100100000110010111100001111011111000110101101110010101101000010110111101111000100
011100111011110000001100110110001011111111100100100000001111101001111111110000110101000111110010
100000001111111101101100100001101100000110010001010111101110111001111001001000110001110000001011
000111100110100101101110101101101100101111000111100111100111101100110100100000101100101010101011
110110011111111111111101100111110101100001010110001011010111101010111011110101010101100100110100
011010011000001001111111010111100001001011110010101010101110010011010011101100100000101011001100
001010101110111011111100101000001111100111111001010100111110011000000110001001000100100010100100
010110010000010011100101110110010101010101011110001100000111000010110110010110111010010101101001
101010001111100001111000001111100011111001001101001111000100001000011111100000000111001111001110
011001100000100001111110111011010000100000110111000101111000011101111110001111101010101101100011
010101011010011000111110111010111110101111101111010011001100011111000101001110010011100100000100
110001101110100000101010100001001000110101100100010100000000010011000111001100000000010001101111
101001101101010110111011011110110100011100001011011011000100100011011000111100010111111001010000
011011101101110000010000100101110000011001011101011010100010110100000101001010111010010000000100
100110011000011000010000001110110110011011110101111111111011010001110100000110101001110001010010
100001111100100001111111010110101101110010110100001011110011111000011100010100100101000000010110
000010111001110011001000110100010101001011011110010110001111011010110111000101110010000111001101
000010101000111000100111100000000010101010100001110010000100100011111000010001101001100101111011
101000100010001101010000110001000110001011100000101010101000001110000000100111001111011010010011
010010101010101011100010101111110101011001001011001111100000111101101001011001000100111010011011
100001110011101110111000111101110110110010011001101110101000110100111110010111110110010110000100
011011011110110011110010111010100101010111100001110101110101001111100100001100111110011010101010
011011010100100000110110101011000100111000101110001010000010010110011100000000011000011111010101
001101100011000100101111000001000010000111110010110110101101000010000000010001100101001011001110
100101110100000100010011111101100110100110001010110100000001010111001001001000110110000001010000
111111010001101010010110101000110101101110001111101101100111110011111011011011101101111011101010
001101111100010000100111001100100111100010100001101101000100111000101100110110101110001000010010
111111010100001110001110111011011011111100101111111111111010100111110101111011110011110001011100
110011111011001000011110001110001111001000000110100001101000101010000000101001001100100000101110
101011001101010111000000010110010101111001100010111000011001010101111110011011111100011110100011
100111010001011100010111011110100011001000010101110001001111110111000000000100101101011001101111
110100101111111101101111010101001110110010111111100010101010110001011110101111010011000110100101
101001011101110101101011110000011001111100011001101111110110010110101111101100101011100100111110
010000101111111101010101101000111001001000101011000101101010000011111001110111101100100101100001
000111111010010111111101110001001110001001001111101000000110000011010001011000110001110011100100
110100101000000010101001111100001111111011011011000100101111100010111011110000101001101001010000
100011111111010110011110111111111100100111100011011111100000101011001010110110001110001010011101
001111101011100001110001011010110111111100111001101000101111110010000000000000101100011001100100
010110001001000101000001100000001100001010001011110010001100001010010011001110000000001010010011
101101001001010110110000011001101001100000001000111011100001001100010001100011010010101010110111
101110110010011111111011111011100011110001101000100101110011010000111011110001001001100101000100
010001101101010010100100111101001010111010010101001011011111011110010110111100101011101001101011
000011110110100101101010110101000111100100001010000111100001101110111111000101000110111000000010
000111101001000001000111000000010111011010110011100111101001100101101110111000101100001010010110
100100011100101000100101110000100101010000000000011001101011001111111101100110000010001100011000
000100011011110110000101111111000100100111010111111111000101001000100100101110001011101110111011
110100011100010010111100100110110000010000010110010001101100100011011101111010011000101101100110
100011100101000100110111100101001100101010100000000101101100000101010000000000110101001001011010
111000100101100000011010000001011110111001110111011111100010001110010101011110010101100111000100
001111011100101010101001010110100011101111100101010011000110000000001011101111001100001010111100
111011111100001001110001100000101011100011111000100011111011000010011001100101101111010000110000
011011101100001000000001111111100100001000000001110101111010110010111110100111011010000110111000
010011100010011011110010011100001010111000000000001010111011101000110001101101011101100101100100
100011101011010001001110011110001000110110111011010101100000001100001000111100001011111100010011
100001000011111101111110010001111000001110111000011101001101110000101101101010110111111011011010
010000010000100010100100100010000100010010111001111100100100011001000101100000100110110000101110
001111001101011001010010110011001000010101101010000110110001101001001011010010100111100011000110
111110111101110000011101001101001011011010110001000100001110010011101000010101000000100000100011
000000001110110100010001111110000101011010101000011101000011011111011100100110111110010111110010
011001111000010000000111011000011011111111010101000110101111011010011011010100001011001001010010
100110110100100110100000101011100010100010101101111110010011100100100101000001110110110000001110
110101110011010010010010101110101100010100101100000111101011010101100000000010100010101110000110
101111110100101100010110011111000111010010000001001010111011110011000011011010111001010010111110
011100101000001101100000011000010000100100001001101100001110100110010100001101001011101101100100
001110101001010010010110011100110001001011110000111000101001110010010110110101111100001111100011
010011101001000111000111100100001110100000111001100100001000011011100101110001000001001111101011
010010101111101110010001011000110011110111011011101010100001110001011001101100110001010001000011
010000111000001100011101000000101011010101011011110010011110011100010101000010101111001000010110
100000101100010110011101100011010000001110010110011100010111110110100001001101011000100111000001
101010011110100000000110110001010100001110100000110101010100010001011101001100001000011001011100
101011001010101001111100111010011110101101011011000101011101101011101111010110011010001010000100
011010111010000010011110110111101100001010011100110001011010000110110100111011000100100001111000
111001101001100110110100111010011111010110011111000110001111111110100100001001000000110111100010
001000001111000010110011111001001010001111101000110101110110111111100010010111011101100000110111
011011101111110011010110111010000111111000101100100010011101011110010101010101101011101111000010
101111000000110000011110001011111001100001000110011001101101000110100110000011111110111001110101
111010101010011000000100001110001110000010111001000101010101110001011001101111010110001010011100
110011101011001111001101110100000000001111000100011100011110111101010000101100100000100111101100
000100000011001000100011110010111011010111101001010000000010011010001100100100010001000101011110
101110001001110001100101011000011010100001000110110110010110110100110001110110000111000011100001
000001000011000000000010110001110011011001000011100010111001111011110100110101111110010011110001
010000001101111110000101101011010111100001111001100100010100000011110111110110011010110011110110
000101011101111011001010011000111110010100100110011011111101011110110101000101010011011110010001
010111011100111100000001110111100101000010111001101101010100110110101101100111011101100101001000
000101100101001111111010000000001010110000010000101111001001111101000100001111101010011010110011
010111100000110110001000100000001110110011011000000111100101101011110110100000000001010000110010
000000000111101101000101000010001000111011101100100100100110101000000111100110110101101111011100
011110001100010011001100110011010110100011001001001101111011100101101111001011001001011011111001
111100111000111011000001011011110100001111100100001111000000110110010001000101101100111100101001
110101110000101000011001010100100011011111001011000101010010100001000000001011011011011011110011
111011000101100111110110111011000001110011000011010111010101100111111000111100001101111011011000
100110000000111100111010010100010100000100010000001101110011111110110011000011011101111101011011
111011101000101100011011111011000010011011011001101010010110101010011111000001101110111110001101
011000011111011010100000101110001001101111001001111000010100110100010010100101001000000001100110
011000110101100000000001110001011010101110001011011110100001110110000000110000110100101000010011
001011111011000110000111111000110110011010110110000101101010101101010100011100101110000110010101
110000001110011100001100011100001001110111011110011001001011010111011001011000101000010110111010
100110011001101110010011000011000100100000010100100011010000010011010010000011111100110100110010
001111100111001111001011111111100111010001010110000001100011111011000110011101100111111001011011
000111101101010100100100011000011001110101100100100100100110000110101010000010000101001000111101
111100101101100101100001111101011001110000111011000000010001110010100100110100100001111010010011
000010101011100100110100000000000111111101011001100100011101100100111011000011010000001001011001
111011110010000110110110000000001010001101100101110110011000110101000001000111000100010001110110
011111011010100101011000100001110001110010100101110111100001011100001111110000010000110111001011
011111000101010000011110100101010000101110011001011101000011001110100001110001011111101011111111
101100101101010001110001101100100100011001010001010111001101110101010110101010010011101001000100
111011101100100111011111111001110100110101011111111111010001000101101101011110010010010101111110
101011111010111101110010001010001000111010011111110001110011110101010101001111101111101000000111
011001100001100110100001010111011010101110100000100101100101111001011010001110100011001010010001
111110101100001111011110010000111000101111101100001110000001010011101111101101010101001000100011
110100001001011001011000110011111100111011011000101101001011111001000100110011111000010011111100
001101101110100100011100001101100111001011011100101000101100000010111110001010001010011001010001
000111001110101100111110010101110001110011111000111010111111001010111001011010101101111010110100
000000000110110101101011000111111100110001111000110110000001101010001100101111011000111010011010
000100111111010011000010011010010011101110100001101111011010000001001001001110010010110001000011
010000110000111011000100001101101011110001110000101010011100011010110101001001100100110010000100
100110111011101001001110010000010000100110010000110100111001011011000001001110110101000011010001
011011101101100111101001110100110000110111010001110110011110101100010010010010010100100110111100
011100001111011111111111000101000010110100101110010001111101010111111000101010111011111001001101
000110001001010010001111010000000011110111100111010111001011010010011101000001110010101100011110
010001101001101101100001000111001111100101111110111100111011010001011011011100001101011100110110
010010101000110101011000110011110100011100010111111011010001000011110001010000110100111011111001
110101011100010101100101010111010111011110111110110010011001111100111011011011001001001100101110
110100100011101000110011110101001010100000101111101110110000000110111110011100100101011100101011
010100100101101000011011111010100011011110100000000100101111101101111110111011101110100001000101
110000001000001111111111110001101011010011110001000001110110101100111001001101111010101110011010
111000100001001000000011101101010110100000110011101111000001110111110101101100101010110100110010
111000001101111100100011111100000101011001011011100111001111110011001011100011100000111100111100
101000110011010011100100011111011111001011100001011010011101110110101000010001100000110110001110
000001111100110101101011011000001100100101100001101000011010110001011110110101100000001110011100
011011110010011001110110000111010010001101010001110110101111100011101001010111010111010010110110
011110011011000101011110111101100001100100111001011000110111110000000100100111001111000111000010
001101010001001100010111100011001000001111011111010000100111101001110100101101000101001010001101
000001100101110001011100100010011110001011110101010100010111001110110011000101000010000011010010
011111010110011001111000011101111111001011011101010110010100010010010000011000001101010110101100
001111101111011010101001111111110000011001110010100010111101101110111000011111100000101111010001
010110011110001111010010101110011100100010010010111110100111000000101001110101001010111110100101
111000011010110001011001111110111011100000110110001000111101110110011001110000000110101001010000
010101010111100011001000101101000000000111000101000111100111101001000010001010110011101010010010
011101100000101101000111011111101011010010110011101101001100000001000100100011011111000110001101
000110101110110101010101000111001111001011100000011111000101000101101111111110100110001111001001
100001011101000100110111001111011101110110000000111000110010011011001110010010010000010011011110
011100010111000010100001101000110111111110010001111011010011010101011110101001000011010101011011
000110001000101010001010111101100111000110110011101010100011110101100010010100111101100111001010
