011000001100011001110111010110111111100101111100100001010101110110001111010100011000011100110000
101110011010001111111010100001010101101111111101101000110011111110111100010010000000000011100111
100111111111010001101000001010001100001101010111001110111000100100110011100110001110100011100000
100000110100111111100110011010101100110011101110011101110010000010110001111101100101010110000001
001110011110001000010100110110001111110100111011010100001001000000001001110111101101100011000011
010110001100010000010110011001100110111011010101001101110100001010011000010101000100010000101110
111000101110111100001110101000000111000011011101010010101010000110101010001000000101110101001101
000101111010101011000100100011111011010011000001110100000011001000001110010010001110011110000010
001111011000101101010011011011111011110000101000110000111010101111001100000001000101110100001010
101001100100101101111110100001000001000000110011111100011000100111101000011110001001000000110100
011010101110010110011011011001011001101111000101000011010111111011011101010010101110110000111111
001111101001010011010111110101001010100100001100101101001111000001100011100001001111111101011110
101101100000010001001001110101001000000111010111001100010001000010111000001011100110111101110010
001101000000011111100001110100000111000111110010001000101111110101011101001101000100101110101000
110101101101000101100100101111110010110100010111110001000001101111100010101000011111111001110001
010101010010110000100011001101100000110000111100100101001011110000000110000101010010011110001111
101110011110111100011110100111001110001010011000001101101010111101011100101000100100111010001000
010001010111000000101001100111101111000000010001001011011101101100011101110110111010011101010111
000101111011000010010010101001001100100111111001100010011010101011100111111010100101100100001100
000000000101110101111100001111011101101111001101011100001111110011000111000011001111010110100101
000100101011101111111001111101010110110010001001101100001011011011011100000001101111111110101111
010000101111101001111110001010011101101111010011000010110111001101001010000001001110110010010000
100011101000100001100011011111010001011011100000010010011000011100001001100110101100111001110011
101100100100011100100010000101010000111001110011111110010110010010011111100010110110001100011010
010000100100101101111110110111000011100010000110010110101010100010010001000101101100010110001001
010111011110011001111100111101111101000010001111011110111101100000101011101110001100001001100111
101010000101000011010110001110011110111101000001111111110010000001110001111011001110100100000101
010110111011010101011101111001110010011100101010110110111001011000001101100000110000000001011000
000011101101110000001011001110100011010111011101101111011100011101010010100101000110000001100010
111000010100000111101010111100010010000011011100010100111001110010110101010000111000101101100101
100110001101100000110111101111101010110110001101111001000111000000100000000100011010010000101010
110111011110101100110011101000011100111100001101010110011111001010110110111111100011011001101000
111010011101100110010001001000011111001101100100011001111110000010101001011000001001101101100010
011111101100001111100001010101010011101011111011101100011011001000110000000001000100011010100011
001000111000101110001011100110001111010111000111100100010110000111111111111100100101010011010100
110011101101011101000001100000011100011101101110111000110000010111111111111001101001110100001001
110100010100101101100011111010001010001001010101000100111001110101110101111101100101010101100010
110001110110101100111010001101110111000100011011111110101010011011000110111111111100001110111110
000000100010111001000110110110100101100011100000110000000000011001111000001110000010001110011111
000111011001011000000011011010101001011100000011100000110010100011100011111110001001100000000011
011111100110010001101011101101000000010011110010000001001110111010001110111010111001011100110011
011101111110111100011000101111101101000110000010101100111110001100100001001011110000001111000000
000000010010110110000000010101000001110010011110111100001010001010011110101111010010001011000010
110001111010000110100010111010001100001011011101011100000001000100011011111110111111001111000111
010001111000011101011100010110100100101111101011111100100011101111001101011011000100111010111000
000001111001100011000110111000001110111100000001010100000111101111100010101011000111000101101001
111100010110100110001110000001001111011101111111010001111100011001011010001010000010101101001100
100000001011110111101010100110001110101011000101100000001001100001101001010001001010010010100010
110111000111000100110011010101000011001101101011010000111011010100110001010010110101110000111010
001011111001100000000000001011101011101000111101101101010111001110011110001011011011010001101001
110101110111000111011101110001110101010100011010000101100011111101101100001111111100110100001110
000110000000010000000010101111000110111101110011110011110101011000011100001110000010100000011010
100110011101100010010000010010100100110011000100110000110100110011001010000110101101000100001000
100001100111011100010001010011101111101000110110010000001100001000110000010000101101101100100110
010000111001010110101101011111001110001100011101110000111001110010111010110011011100010110100010
001000011101000011011001001001011000111100110011110100001111111101000101111001001111101101001011
010000111010001101111010010000001001111000011001111010101010111011100001000110101111101011101111
111101100100000100101100100110101001100001101011100010011011010110001101101001101000010110111011
100111111111110100011011111111100111111110111110101001110010011100000011100000010010110100100100
101001100000000001010011010011011111101111001101101100111110110001010011010001011110100011000110
110101110001111011000000100110000011110111111101011111001111100011011101000001001100111100101101
010001000000010001110010100111011111001111010011101111110111011100111101000110001000111111110110
110100101000001101100001000101000001001110110110010101011011000011001101110001010001001111001100
010111111110110011010011110001101001111010100110101110011100110111111000111000001001101010000000
001010100000111110100100101010010010000101100001011001110101110111101100001011101110001100001110
100001101010100000101101010100000110000111100111110110001100111010001000100100101101001011100101
011011101000011110010000000111001010100101010010001010001011111000010100011000110110100101001010
111010111010010010110000010110001110001010000111001001011000010010100001010110100100010111101111
111100010100111000000000001000111110101111011010111100011011010101101011111000000110100100110001
010100010001011100000010111011110001000010111101101111000111101111111110111000111110101011110000
010100100100111100001110011000000000001100110001010110111010111000001000110011010010100001111101
010100101010101111010110110111101111010110110010010011010000011111011100001011110110001001111100
100101111001011000011001111110010011001100010000011011010011101111011100101011011101101111011010
111100011101110101001100000001100011101110100001110000010111100101011100001110011110000010000110
001101111110110101000000111001110000011100000100010111110010011110011011101000011111110010000100
100111011101011010011111110000101101010011110100101100100001000110000111011011010100111111001111
011001100110110111100001100111000101110000110100110110011011010110101110010111001111101110010101
111010001000001110001010100000100111001001000000010000100010100001101111010101100000101011000000
110101000100101100000101000000010110000001000110011000011000101000110101110100011111000101001110
011011010111011110000000110101000100001101010010001010011000100010001111001010011011011110101111
110101100100101100100101011101111110001110001111111100011001001000100111001100101010000111011000
011000010101011111001100100000000101010010011010110000101101110001111000101110110111001110001010
010110100101010000000111001111101001010001110111100010000010110011101000100111001010010000010010
110100011011110100000111111010101001001010111110000100010101010100001001110011110011100111001111
110111011000010001111011011111111101000100000100010001110100010000001000100101111011000001100001
001111100101010111001011101010000010110001000101110110100011101101011010011111010010000011111000
000101101100001001110000010001100010110100000101000110010001000110110011000100001000101111101010
101111111110001001110011001100101100011011101010001101110000110100010100110001000100001101000001
111110110110011011010001001001111100100101010011101111000111011100101101111100001110010000111010
011011111000011000011011010111011001011000000101111110101000110011011111111111010101111001000000
101011001110100101101010001101010010110110001011001001001110111011100010101101101001101001100100
011101111000000011010001011100110110010001011110111111011111111010110001110111111010111101001011
011111011101011011001110101100000101010011110001000101001101100110010011001001100001011000110000
010100101100111011011011111001000101011101000101101010011001100100010010011010110010101110101010
111111001100100110110011100111000011001010011011110101010101001010100100111100010100110010101011
110000101100000000000001011010010011001101110111001100011101010000111010000001001001111111111001
100011110011010001110111101101111100110110010100011000011111000101000110110010011000011010101100
010110000110011101010010111000000000010110001010111110100100011101010001010101100110111110100111
110011110101110000111111111110010101111011010000011111110001100111100000000000010111010011101110
011110001111010010111001100010101101001010101000010010001101111110000100100111000010111110111110
101010001000000110101000001110000010101111010000000101010010001011010111100000000011010011110011
101110010111000100100110111001101101000001001100001100011001011010001010111110101010010101100100
100101111100111010000010110000110101110011111100111001110111110011001000000100111101101000011010
011011111111110110101111000111110000111110100001001111001110011100110011000011100111010011100000
100000000101101011100111100100110011110000111100000000000100010010011110010010011010011110111100
000101101100101101010010000111101001001000100011011011000011010001001001111010100111100110001101
100001001001110100100111110101010101000110100111001110100100100110101000111110101101111000011110
101000000001000010100010100010100001010001011110001111000111011111010101001101111000110000011101
110111100011101111110100011101001001101011111000111101110110000100101110010001011110100111010101
111000111001100110111011110010110010101000101101110011011000111111000110111011110001111101101100
101101100000111110000010010000011010100001001110001101111000001011111000111000000111001001000111
000110001100010110010011101000100111111000001010000111000011001110010011100100001111011001101010
100011111000110011011011011100010100001110000011100000101011010000001011010111110011101110111110
001100001111011101101010100111100010011111001011110111111001111110011111100110100110101110010101
011000011111010100000010000010100001001111100011000000110101101000101110101111011001000101011000
111100101111010010101111011001011000110000011010011110011001100001000011100100111001001001010000
000001111000010101111110001011110010001000111111100000111011110101010010110100101001111001010011
101011110100000011010111111100100100011010111110011000000101101110101111000001100101010100001000
110011010100100110101100111000110001010001001111010001011011100011111110010011111001101110001101
011111101111011110000101010001011001000110100011101100000110011100001001011000011101100111001000
001100001111110000101110100001001000111011100110011000100000000110010100111011011111111010001011
111011101100110010001111100000101010001111100100111101111011110001000001010011001111100100110010
111011001101010101001010011100000100010011010000111101000101010111110100000100101110010011100001
000010001000100001111110110111010101101110101110010010100000111111111011000011010010010100110010
010111111001011000111000111000001111010000101101110001010000010011111100101100101010101010101111
100010010001011000001101100111111101100111101011010111110101101011001001100010111111100110001100
011000111001101111000101111010110100101110000010000100010000011011000010101101110111011010010000
101001001011101011101000001111010010011111011100100101011111011000010111101011010001100110001100
110101100011010111010100011001111100011000110011110111101000101010011111100010101110011100110101
001010001010111101100110011101110000110111010011111000000010100011010101100001010000010111101101
101001111110001101001001110110001010010001110111101010001010001110010000111001101000111110100111
100100001001000100000011001110110000011111110111110011011101101010001000001001101001000101001010
010000010011111110010101011101100010001111100000101110101110001111111001100100110011011101101011
010001010111000000001111111110010100001010011001111000101001010000101000111110010110000010001111
001001010001111011100100111000101001110100010011011010100100001001111100000111101010010100000011
000100000010001111101011111010111001011011101110101111100011010010101010000110101011000010001110
001011111010000000111100010010000001111101100001001000000101011111010100001000101001000011010110
001000000100110000010110110111111001001101001110110111001011110001110110000000011111010011111011
101100011101111110100001001000100101010000010111011011101111100100110011111100111101010101100011
011101010000100011111011110111011111000101011111011111011001011000000101101001101000100101001111
001111000011001111011011101010000101001111000010100000100011110110101100001111011100111101010110
110101000111010001111010111011001000001001100100011000010000011100101010000100100011001101111011
110001011000101101000100100000101111001000010101010111101111010001111111101010010010111100110010
111111001111101010101100101000101111111101100101011110101011011000011000100011000010110011010110
011110100111110010011001000100110010100100001100100011100001100111001110001010101011001111000010
101010000011100000111010000110011000101010110101001000000111011111001110001001011101000001111010
101011101111000011110001000111110110100100010110111010000111011101100000101000100001001011111100
011101100001100001110100010110001100101100010101100110101000101100000001100110011000000010001000
001100100111000000001001000100101110001110101100111110110111110100010111011011111101111011101101
001010110110000100010111001101110010000101000011101101011010101010011110011110110001000110010111
110100000000100011001010011010000000111101100100111001110101111101101001100100100100110110010101
110001010011011011011101001000110101100101011110000011101110010100010000001111111010100100000001
101000110111001110000110101110000010100001011010010110100101001000110110111110111001110100101101
111110001100011101111000111110111010000010111001110010010010110000110000001111010111000111000110
010000110011000001101000011100110101111101001110000001110110101000011010111000010010111011111101
100000011111101010101000010011001011011000001000010111110001000001111110100110100111000101010111
110101010010011110101000111101001001001011111111010101100011010010100101011111001011111110100001
101001111111000110101001100100110101101101111011110110010010100011000001111111010100000101010010
101110001100000100100100100100011001000101010101011001001000000000100101101101010100101110110010
000000010110000100111111110111001010000101010101101011001110110011010101000000100111111101101000
000001111100010100001001110011011001100001100101001101010110011110000011011101000101011110101000
100110100101011111001001010101000101000100111001000010010101111010011001010101010000110001111010
010101100010000000000001101000000001000111111010101000111011110111101011100000000111010001001011
110101100000001011100101010111100100111111101000110011000111111011101010001001101011011011010011
000111110110110111110111001000011111001010110010101001001110001011101111100011110010111101110101
111010101000100001010111110001111011000010001110000011000100110101110000010001100010111101100011
101010111000101001011000001010001001011001111000000110101001010011010100110001010111000011011111
000010001100001111111100100101100100111110100110001011101101010111010000010001100100001011111001
000100000110000000010100101001101111100010111001101001000111011111110101110011100110001101111011
111011111110011011101001011101110001101101110100001001010010011101101101011100101110100100110111
010001011101100001000010110100000101000010111001111101110110011111001100111101000111011001000001
110011101011100101110101010101100000111010101000100011000111101100001101101111010000101010011110
100100111101010111110100111111010001000101001101011011100000101011110101001100011100111001010101
100101101011111110011110110010110000111100101111011011100001010000110010101101011100011101101111
101101111010111010001010010010000101110101101110111111101000111101010001010110001111110110000100
101001110011011110101100110011110001111111100110011111111001010000111011000111110110001110111101
111111100111110100000101101100100111010001010111000001001110010010100000110011100100100110111111
001111110100001011100001001011001101010000010001011111001111001001010111100011000011001010010000
010010111110100111111111111110111000110110010110011101111101100001110111010110000100000101000100
101110101001110011100000000101110101101000001011100000111011111111101101111001110100110111101000
110010111111110001001001100101101101001110001110001000110111010000101011101000010111110101011000
101111011110101110111101011011010110100100111001100110011001000101010011000011111011100001000011
011111100001100010101101000111001000110110101110010001110000001000110100100111000001010100101101
101110010011111100001001111011110101010001111001010010011110101110011101100101111101010010111111
000111101111110110101101110101111101111101000000100111110101111010010011110111000100101000010101
101000100011001011101011111100010100010111111000101101100011000000111011100000101000110001000110
011001000101101000101111010101001011010101011101101011111101100100010011010001111001100000010111
100000111110110001000010010110101111101010111100110111100101011011101101011000110001101100001010
000011010011101001111000011111101010111100010111010110010110100110111110101011011100010111011010
111011100101000111101010001001000010110101011011100110111001100011101111000111000110010101100110
100000011111001011001101101101000101001001001011101100110010000110111111000010101101011001011000
110100101100010000000001101010101011010100010000010001110011001011011111110001011110011110101010
001001101010101001110000011010011001010111110001000010101000000011110111001100111100010001111101
100101010000011010100110011100101001001001111011011000100001001111010000001110111101010000111101
010011110111010011010100001001010011110101001000100001110011100101000110010010101011111010110110
011000010010011000000100000000000100000110100000010100011100011011010110110011011010011000010011
101000100001000001000100011001010010010001011101000001011011101111010110101011001100001101011110
011110101101001001111000011100001101000101111101011010010001111011010111011010001101111011000110
100100000111110000011111110101111111000111000000100100000010110010000000001110011111010111110111
100111100000000110101010101011001101011001011101101011011101111011101011001010100100101011000011
111110110011100000101110101101101001111001101100110010100010010110010001001110110110110000000000
110100110100000011011001001000100111110010100001010011011000010100111100011100100111010101011101
100010010101001100010011100010001100000101111000001111010001100111000110101100101000001110101110
110101011101101010001010110101001001001110001011001101101100100101001001111010010101001011100000
101010100011100001100001111001110010110110111111011011000101100111100101100101001110010011101101
001010110101010111100110011101011001011011000100101111101101101001001011101111101000000110111111
100000110111100110111011001010000101111110110001011001000011110000010111110101100111001001111000
000000000111010111100011111010111000110100010000010001101010010000001011110001111101000001101100
100010100100010111001001001011100101110000000011100110101000110000000001100101000011100101000101
111010100101100101110000010001001000010100011111001010100100111100011100100100110101100011111011
001000011000101100001010000011000011000010110111101010000110111101110111101111101001011100001111
110001101000011101100011010010101111101001000001001100001001110001110010101001101110111111111110
111110110000000101101010011011110111110100011100110011000011100011001111110000111110100110000110
111111000010001011011001011011111110001000111110000010011010011001100111100111011101110000011101
000000010111100111101011000010100100011001111101000100100010001001000000000010110000000101111011
101111100000100101101011110111001011010011011101011011110111000111000100101101111101101111001010
101011110101011011100110011000011011010010001010011101110011011001010001100111110010000101111011
001000011011010100111100111111011101000000011010000100110101000100110010101100111000111001101111
111101011000111000011101111001101010010001000111010111101100110110101101010101000011101111101110
010100100101101011101100110101010011101100000011000000001101111000010101101110011010010111001110
110001100000001010111101010010001001011100010011111000010101011001010011100010110100101100110000
101001011100010000101101110010101000010011011100010100111001100010111101001001010110010001001100
011011011111011010011110011011001001011101010011000011000001011101000010010100001100011101110110
111001101100000111001010101000011110111011101010110001001101001110011011111001110111110000010100
101011010010001110001010101011011001000000110100111111001100010001111111011111101101000100001110
101110000100100100000110001000011110011100111100011010101011001000100010010011010101001100110111
001001001101011000110111101000001110101011001110101001111101010110111110011101000010100001010110
111110101100000010010000100110101011111100110111100011000000010101001111100100100001100000000001
010011100000111000101011010001011100010100100010010010001110110100101100111100000100110001100110
010011100101011110011001101100001010100100001111001110111001001101011011111101000011101001000111
000001011001011010010101110010101010010001010011101001100111101101000111100011100011110100110100
011000111000011010001010101000000001110101010100011101110111010001101000001001100011010100000111
000110000111110001010111001100010000110101100111010110001101010000011001010110101010111110010111
011110111111101110101000101011110110101010101101111010010000110010011101000111111001010010010111
000111110001011000001110100011001010101100001001000010111110010111101000010000000011001010010010
011111100101101000100100000010101111001110110010000011011010100100110001000101001010001001101100
001000001011010110011101101001101110000110000000101001100100100100011110100011100011011110100001
001101110010010111000110011100001100011101010111111010101110111000110011001011100110000000010110
100010100001001110100011111000101001101000000001011011000111000100000111110100100101010110010101
011101011101011000011000100101011100111110100011011000001110000010110111000110110110010110110011
110110101101010101111101100011011110001011010111100001111001011110101011110001000001011001101001
011010111010000011011000001011100101001010110010111000011010100101110011111011101010100110011100
000011001011111111001000100001111010101010010100000000000100110111101011110011100000001010111110
000010011111001010000111001010000110001110001011110000110010010100110011100100111111000110001010
000010110000010001110001001000001011001011101010100111100101111010110000111110101000110100110101
011011111010101111111100010101100111111110001000111011001001100000001000001110110001111110110100
111111011111011011010010011000111001101000011101000000010111000010111000100000001011101100010110
000100110100011010000000111011001000000100001001001010111010001100010101111010100001110111010011
101111100111111110110111011100111110100100000101010001000010011011110101111100001101100100101000
011001110101000001010000100101001011010100001001111110010001110000111011010101000011111010001011
000001111000010110000111110010111001011101011100010001010110011100011001010100111100111010000001
001101111011001001111010010010000011110011011110000101101110101000000000100111000000001111111001
000011110110110001110110111110101010110110111111001000101100111111011011100100010011001000110101
100011110010010000001100011001100101100010000011010001111101010010011010001111011110100010001011
100011111100100010110000101010000011110111011001111100001100010011010100101000110001010010011001
101110011010000110010001010000100010111010110101111100001100100100000001100110000001001000011111
100101101100010111110110010011001101011011100111010111001110110010110111101010001111001101110100
111110101000100110011011110110001001000010010111001010101110110100000010111110110010001000001111
111111101100100010011111111011100111101011000000001000101000000110011111101000111011000011000001
111001101010111011100001111010001010110111100010001101000011101110010010100111010101100000010001
001011001010110010000100011010110011111100101110111111010000010101000000011001011001000001101111
100100001001011010011101010000100111110101001001011000111101111111111011001110011101111001101000
011110101110010110100001011110101010110001110101010010001101100111100101010000110000011000011001
010111101101111100011000010011000011111011010000001011111001101110111101110001010000111001010110
011110010001010111010011101001100001011010110110111011010101101000000011100100010010001100001101
100101011101011111011001010100100011111100001110110101010101011100100011110110110110100000100010
001011111001110100001001110111110101101110100010111110011110100011101011101010100110110010000001
011000101010111110111111000010101111101111111001010000110000110110010001110110000001111010001010
110100100000110110001110101110100100101000100101110010010010100100011000000101101000100100101000
111101110010001111100010000110001011110000101000011101000001001010101001001000100100111001100100
011110011011001010101101101000000100101000011111110111110101110010000000001011111000100000111100
110100111011101010000101100001001001001100100001011001101011111010000100000011011011110010101100
101111000111000101101011000110010110000000001010111010001011010011100010011100111110100101100001
111101100011111101011111111011000100001010011011101001000010100100111010010100010100101000001110
110001010110011110000110101011010010000000110101111111011011100000101111101001111111111001000010
100010011010110110011111110000011101111001011011010001100010010000001011011111111100010100111100
111101010101011111000011010100110011100101111010011110000111001100101110011111011111011111100011
111010001001010100111001000000011000100111010010111010001011011000101010010100110110011011000110
101011100110000011001011000111111001011000000110000100100111111111100110111101101000101001010000
000011111000000000100010010010111000100110010010011001110010011110011101111000100101100010011001
100110110100001110110110101110010110011110110111000011100011001000110010010111011000110100001011
110100010111010111101101001100100111111011111011000011101000001011010011000101101010100100001000
011010101101011111111011000101011111110100101001100011100101100110011101000110000000101010011110
000000101101011000110001110000001011110011001010011101001100000001101011010110101100110111001111
111010010001001101110101100101100010000101001011100010111011010110011001010010111010010111100110
000110010110011010101001101001001000111101001011011010011100000110010101111111010001011111001110
001100110001000011111100110011011101110001111010101000111010010100011111010001110100100000010000
111111100111110100110010111001000111010000011101011110010001010011001100111001110000001000011001
110011011101111000101010101111101100011000111011011100101001010010010110010001011100101010100110
010110010001101001001010101101101000110010011010101011011100000000100110100100100001100101000100
100101001001011101111101111001100111110001101010100010001101010110111100110001101010110010001110
010100000000100001001001011000111001101111100010101011010111010100100100110011100010011010000001
011001101111111100111001011100010101100111100011110100001010101100101000011001000011101001011011
101101011110001110101000011111010101001001101010111010011111100000001101000010110001001100010101
111001100010100011100001010110011000000001000101001011010010000110011110101100110100110101101111
011111111000010100101111010001111100110001110010000010000001011100111110111110001011111111110110
000100110000100000101010001001101111010010000100101010100101001000111001111000101000100110110000
001100100110110100001000010100000000111101001011101001010000011111101111000110100010100111101110
010110011011110100000110110000100010100001011110000011001111110110100001111000000001001111101011
100100000010010101000111011010100111111101000000001110100010111111100110111001110000011101111001
110110010001010100010010110000111001010000011101111010100010001100101001001010111000010000011100
000000111110000000111010111001111110101111011100001111110111001100100101000101011101000110111001
100110010011100001001111100010101111101011101011101000110100100111101100110001110111110010111010
011001111111110100100001110011000000111101010001001100100011010100110001110101100100011111111101
001011010111000111000000011110100101110011101100000101101110001101001110100011001100111010111110
011110010010001110110110010110100101010011001100011010110010010010000010111100010000011110001110
001001101111100010011101100011010000011101110000011000100111111011011011101000101101100101011100
000011101111011001000000110010110111101011001100110111100010000111111111000100101001000101011101
100110010011000110000010110100111001111000110111001111101111000011011011010101011001011111101100
111111010001011000001101011110011100101000000111001001000010011100001000001110100000011111000101
101110011010101001001110101111111000001011010011000111100010101011110001011111001110111111111010
111111011011000101000000011111000001000001111111010010011100000110111111100000110101011101101010
010000011101001000001000100110101010010100011110111011001010010000110000111011100110110010111010
101011101000001010010110000101011011011101010010000010011000110100101110100010101110000000001100
001000111000001010110110000110100001100000010011111000010010110111010011101100001110110111011110
001000111001111110011000001011110100101001110001100101000111100010010000001010010010100010011100
011100001111101010111110100111110111000100101110110111001001000100000010101011110111101100011011
001111101101011101011110111100101000000011101010010110110101000000100011000011011111101111110100
110001011011000100011000001111110111001010111100001101011111101001010001001011011011000101111010
110111000001100101111001001000110011110001010100010010101000101100000100110000110100001001110111
010111000100110010110010000011000010110001011000110111011001100111011000011101101001110111100100
100111010001100001110110011001110001100110001101100101011101101001010010101101101000110101001011
011010000101011101100100000101100101111100011111011110110101000010100000111010110001101100100101
000110100100001001111110001110000100000001110001011001011101110111010101011101001110111010110010
111110101111011001000011111001110010110000001011110110000000100110001011000010100100001011010110
010001101001101110001000100000000000100111011000001111110011010001110010100010110000100000011000
100100111001011110110111011010001110011010110111110001101100001011100010000000100110000101111110
101001010100001111011010010110101100011101001000100010011000110101011011010110011010101110100010
010010011001100110101100001101001100101011011110010011111101010001101011001100101000111001000011
000111101000110011010011011011010000100111000011011000110010000010100111110010011101101110010001
111111001000011111101110000001010111000001000000111001111110101110110011001100100110011111110101
110101001011101001000010100100011110011000111111000101010010111100100000101011001101100001110101
000101010001101000111001111110110001011100011001111011100000111101111000100011010011011000110100
100000010100010110010000100001101110111100000101010110101011000101011110010100111110101011100001
110010000000001010110101010100011100010110011000101011010011000101010010011001111001110101101111
000000100110100011111111001101111110100011100011100111100110011110100111111110101011101110111101
111000001100101000101111100100101100100011000100100010000001001111110011111010001011101101010000
001110110011011111000011100101011010111010011000111110001001101000110100110010011010001100010010
100100111000010101111111101101101010011001111000011100000001111001100000000101111010101011011011
110110101000101111010111100100000010111011101001100110100110010100011101011101110110000110111111
011011110101101001001100110000110111011000111111001100000000110001100101100011011110101101001010
100000110000000100100110001000000110000001100001011111111010111001110100000001110000000100000000
011001111011011111100100110110101100110011100111110000101110011110100001000000011111011110010001
001110111111001100111000100000011011110001000111011101000010010101011110111100111001010010000110
100110010000110011110110101111010111110111111001000100010001100001000101011011000001101011011011
110110110110010011000111010100110000010110110101100000111100110100111101011101010010001011101110
001010111110111110001100110001011011010011100000101010000110110011001010011110110111001101101010
001010001001101000011000010100000011101011011011000010011010000011111110101011111100000101010011
011100010111100011001111111010000001100100101011111110001010100010101100111001010110001101110011
001001100011011010100010101011100010001011010000000000000111010101000100101001100110110101001111
011110010100110111100110101010011001101111101101010011100011110110101110110101001010100110010110
100100110011011100001000001100001010101100011100100111110001001101111110111000111110011001110111
101000000101001100111111111001110100001011111100101000111011010100011101010001111110111101001010
000001101011100101111000101110011111001001011111011110110101111011101100111001110001001001011111
111110100101001000001100110100011011011100111011000101011111011010101101001110010011010011101011
001101110100111010101010101111010000000010001001001100010111010011001100010110100101010000011001
011110110000101111101100001000111001001000110111000000100010111001100110100000110001111010100010
100101111000001011110001010100101001111101110100100100010101100110010011010110001100001110100100
010010111101011101100010010010000011100000110010111111000000110001100101110001010101101101011101
101000100000110010011010001000010010010010110101111000000111000110100010000101100010110000011110
011110010111110001000001001101100001101001101000100101101111011011101011101110000100100111101000
000010000010010010001010001011110100001001100001010111110010101001011000110110100010010101001100
110110111100000100111100110001100111101011000010011000011100001000100100011100011110000010110000
000010011101110001000011000100111110001000010100101011101110100000011011110101111111000111010011
100011011001100000011010101110010100011110000100001001000001000101010010011100110001000011001100
000011000011010101110100010110100011100101011000110011110000011111110110011100001110110011001100
100010101111001111011011010000111011100011100011001010010000101010000001001000010010111101001110
001111101110011010110100011001111101111111001111111011001110010000011101010101110111000101010111
100111000111000001001011010010111010111100000110101011110101101110001111101101101100100011001010
011010001101100010101001000011000111010000110000100001000101001111000010101110111100001011011001
100011101011011110111001011011010001111010010110110010010110000011111100010110100110011000110000
000111100111000011100010011010000100110100100100111101110101011000000000000110100011111110101100
011111001001010010000101000000001000101110010110110000001010011011011110110101011011110000000000
111001010110000101011000111110110000101100010011001001010011001101100010100010100100111000010001
011101111000111101001100111011010010111110111001111000010011100110100101010001001011101110010001
100111101010001010000100011001011111011101001100010010110001100111111101110110101101000111010010
100110011010001110001001010100101101010110111101011111001010110101101101001001000001010101001111
111011100110111001000100000110111000110100111111011100100100010100010101011001101101011000011100
000100101010011001010000001010101011011011001110001110001100111110100100001111001001111101101011
000100100001100000011001100101010111000110110001001011011101010100110100011110000101111011100110
100000000110000110001100100100110110011001101101101110011100011100100001111110010010001000101110
101110110101100101000110111110000001000111011100000011011111001111100100111010111101101001111011
000001001011111110011101011101111010001110011000111001111111011000111101101101110100110011110101
101001100001111001010111010001100011100101100100011111011000110010010100110100110100011010100000
001010110000000011011111010010110100101110000110110001110011101110101110111110110010000010110100
110011111110110111000001000010111010111000000100100111010100010011000101100011010101011101011101
101100101111001011100010010010011011010010011011110110001010000011000110111011011100110110011001
011011011000001111101000001111001101011110111011001110111010111101100111110110101011100111001100
010000111100110011000010101110101010000010000001011000001111010000011111111000111110011101000110
100100101000000101001100110001110011101101111111000110111011011111110000101100001111100110110100
111100000010001001010100000101011111010000100001001011110010101010001011000101100100010000001110
011001010010011000111010010100010101001110101100110100101001111011010000010001101010001111000101
110100000001011010000101111010000000000100101101110101010010100000011010100101000110011101100100
111001001111100011100010000100101100011110101111101010000010001101000110101100110010101001110110
000100000010101011100011110010001000100000011001110101101001010010101011000010100111111001101010
110001111011100110101000011001110010100100101010110000001111100001100100010000101000011111011001
111111110000110010001110011010001110111000010111110000011010111110001001001110000100000000010110
101000001000000101010110001000111110111000101100101001000011100001000001010000111001011110010000
010011101101001100001101011101011101100001110100101000000111101000100011100110000000001010001011
110010011011001011110110100110010001011001110111110110000111111110000110110011000011100001100001
011111010100111111111100100110011110111110111011001011011100110100010110110000111100110000101001
000011110001100011011101001011110011100001110001100001111011001011001100011001110000010011001100
110010000001001010010001010011011111011101101101000000000010110011011110100000101100010001111011
010001000001000100000011110010001010001000010101111000110000000110000100100101101000001011110101
110011110001010101011010000001100011110101111010101111111110010111001010010010001100011000010001
110101011100100000100111111110100101101100110100011000001011000110111101110111100111100101110110
001010110011011110100101111101110100110110000001010000000110110011101110000111000111000101001111
000010101011010101101101101010000001000110001110001010001000101110111001110110111011111111100110
011011111000111110100100100000101001111010011100100001101110100011001000010100001100100100001111
110011011000100001011010011010101001001010110110101010100110110111000111100100110001111101111010
001001101011101101111000110000001100100001000001001100100101110010010110111011000100001010000010
000000100100000111101101111101100100111110100111100010001001011010101101001101101011011011000110
110100000110101111110000111111111110101111000111111001111011001110010011100011110101010011101110
111010001000000101001111000110011011110011110110111001101011011101001101100000011010100011011100
100011000011000001010001001111011000010000010011110010011110110010110101001001000010111110101100
000100001101101111101110011111100011010010111110011011110000101101110110010101100000010111001000
011011101011110101101001000100100111011000100110011000110101110000111000000010011001110110010111
011011000000111001001001111111111100100000001000010101010101011001110010011011111011111001111100
011101011001000110100111001000010111011010101001000011110100011011001011010111111111010010101001
110011000101110011111001011010101000010000100010111111010101001000011100110011010101110001101101
111110010100001011100110111100010110010101101101011101110000011101001001000000000110100110110011
110111111101001110010110101000011110100010010100001001011100101000010101100011111011111010101001
100101101111101101001011000111011001110011111100101101101110101111011111111011001000010110011100
101110011110110011010110110010001101001010000010011010111000010101000001110000110100111111011001
000011010001001111100011001111111000011010110011110100110001011000001000000011011010110110011101
101111001010011011000000010011100000000100110011010011100110000000010010001110000100000101010111
010111000110000000011110011111001100110110011110100000110110110110010100101111110100111001111011
011101010011100100010101001010110011101000011001111100110010000100111101101110001101010110001001
001100001001000110010011000011101100010111010111000011010001000100000001110100011001000110100011
110100001100001000010110001100100011110011000101111111001011100100110010101011000000111001011011
111000001100110011111011011101000111101100111110110111001001101011100111101001011000010101100000
001001110001100100011011010001100111101001100010001101010111010011000010111110101101001001000100
101111010000101010111111111111110101000011000000011001111001110001000100000001111100000100001001
111111010111111000011100110100011010000110011111010110001011001101110111011100111011010011100011
001110011011110000010100010100101110011100100111010111011010001101000001000100010000111100110010
100100001001011011100010001000001111100011011011010110101011111000111000000011101011111110001001
101100011110100010000101011001110000100001001111111010100000111101111011101110100010010110001100
010100110100101001110110010111000101010001000001100100001100011001101110001100110100111100011001
001010000111011001010101100010111110011100111100000101011101010001000100010110011101011110111011
000110010001011110100010100101001100010101111010011010001001001110001101110110101000011010100110
110101101001000010111011000101011010101010000100101110100110100011110100111011110100010101000011
100011110000011011010110110110010101110001100100111001011111111001111111100100100100101010101011
101000111000010000100101001111101101110100011111100111100000011111000000100001110101100110111111
011110111011110101100001010001011101100100100110111110010100111000100000000000100100001001000001
101111110101101101011000100101100101101110110011110110010011001011101100000111011101001001010000
000100101101111001101000100111011100101100001000000000101111011110011111101000111010000011100010
010010101010101011000111011111100101100100001100010110100100100101110101011101010101011101101001
101110010010100111011001111101011010110011111000100000011011111000101101001101011010101010110011
110010111111000100111101111010000111001011111110100001001010001011010000011010100011011100110001
010001100000010100111110100000010111111011110001110110111100010010000010110000100010111010111001
011110100101011100011011110111000100100011111011100110001110001100001011110000111010001111011100
001001000111111101100001001100110100010001011010010000111000101110111111101100110100011010100010
101110100001101100100111010011110100011010000100110111101000010111111000111111011000011000000101
110100100011001010100011001000011111001101000000101001001001110010010100011100111101110100110111
010001010000010110010011010011001101001000100011111110001100100100011101000101001010101010001100
010001010111010011101111101010110101011111001110010000101010110101101001010110111101101111000111
100101110001111000111101011010111001000101010010110010111110000111010010000111010011011010110100
010010010110011111111110110011011000010011011011010011001011110100000100110101000110110000001011
100010111010010001011010110000001111011000000110001010001000101001010110011000000110001010001010
010011010001110011101101011110011011111010010011110101110001001010011011011101111110100101010110
011110011000001001101110100100011100010001101010101001000011100001101011101010011001101100100111
100010001100110111101111001100101000110011000110100010111000100111001001011001010010100011111101
110010011010101000110110100010010000100100100101100011011010011110110100111110000000000101110001
111101000011101111110111001111100001110100011010110010110110101010111000000100100011010011010000
100111010011001111011100011001111101010110101011101011001101110000111000001011100111100010111111
000000010001111001111010110110001001000101001000001010101111110001100101000011001001111001111111
110001001111101001010011000010010011001001010001111001100001110111101111110000111010011010110101
101111100010000100011100110010010000111110000101110011010101000100000110001100101001100010010100
000010001101100011010110011010101011100100110100101111001110101110000010000101111100111010101101
000000101000000010101010001000100111100110001110111101110100001001011000001100000110001110011111
110101001111100000010100000010010101111001010100110101000101001001001101000001101100010000101011
101010110010010110010000110011101111011111010010111100001110010001110001010100111010101110011011
101100010100100110111100100100001011000111000010111001100111111010110101101000011001111100101101
011110101100111111101101111101000001001010100010001110000010111001011001011110111100010011110111
001110110101101001111111101011000011010111101111011101011010001111101000110101000001001110001010
100000110111111100001100001001111000001001110101010101101101111100111011100110001111001101100010
011000010011011110011111001000110101011101001101100000100100000011100001011011101100001000100111
101111101100100010010010100101001001001011101111001000010101111001000011101110110011001010100010
110000010000101100001100111000001011100000010110010110100101010101101101011101011111110001000110
111001001111100011011001101000011111101011000001000010110000100101101010010111101001010011100000
100011111010110000111110001001000010100011011110111101000011010010011110011100010101001011100010
100010111010011011010000101110110000011011110100010111110001100011000101010000101000011110101101
010010100001111100101110101001000011011011010001000000110000100100100100101001011000010100001000
101100110000011100110000011001110101010011101001010110001111101110010000100001100001101001101011
101100111000011011111110011001111000001100001000010001100011000101010000111100100110000110100101
010100001011000110000111010000100011001101000010110110001011001110000100001110011100110111010011
010010100000010001001001111111111100010001000101110011100010100010000010011101110111101111110101
110011011110110111000100101101110000110110100100001110110011100100011011000100010110011000000111
001011011100000101111110100000001100110101101001101011110011011111010011101000001010011100001000
001001010100101000100101001111101000111111100001110001110011010101000000110110111010111010000010
000000010101010110111101100011101010111101101110111011001000100001000100110011110100011111111101
011110010110000000010001000000010001111001011001010011001101011000011111110010000010111010101010
010110110011100101001100011100001011111101110001011010001001111110111100111110110001000000000100
110010111010001100100000000010111111110111000110101000110111000110001001111001101010101000001010
101110011011000001110001110001010100001101000101111101100101111100001000000001101111001111100010
010110011111000101001100101101111111111101110110000001101011010111101111010011101011111001011101
111001010101111100100011001000000010111011001111001001110101110110001011001010111000110100001010
100001100100000010001101000110011111101011010001101101001010000011000101000000101000010100110000
000100111000000010110010001101101110110101111101011010010001111000111101100100000000100100111111
111000100110001010110100100100010111011001010011101100010100001111100110011011100001001011010110
000001010111001001111011010000000101011001101010011101111001111101001111001100100010011000001010
001001001111010000110111111011100000110111100101111010110001110100101101111010111100000100011100
111111110100111100000010110011000111100010000100000111011011110101011100001000010110100000100000
101111010001101001000011101101011001011000000110010001100001101001000010111100110111110111001000
010011011001011000100000101101010110110111110101010100110000100010111101001000111011111001010011
001111101110000111011101100110010010100101111000011010111100000001000111101001000011100011001100
111010010101010110000101001011101100100111101100010111101001101101100000010110110011000110011110
101001001101101001001001010001100011100100101001110010000110100101000100100110011111010000011100
000010011100101000000111010011001111110100100010010011010100101111001000010001010001001101101110
110111101110011000011001011111110011110101110010001100000100000000101000000111110001011110111001
100100111001100111011100010010000010111101111000101111010101101001010000010011110000111100000001
000101011001110000101010001100011100000111011000101100001111000011000001011100010000110100111100
111010010010101111111111110010000010011101101110001000101110101000101011100001011111000111000011
101110110110101101011101101100110001101000111110111001001000001111110110100100100010110110100100
000100101111110001011010010010001110001010000010110010010001100110001000111010111111111101010001
110100010101000110101010001011111010011011010001010010101100001100000100000101101010100111001011
011100000111000011010101000011011000110001001001110110111011010010101000001010100000011010001100
101111011011101010100111101101010100110100000011111100011101100111110110110000111110010100000100
100011100010010000110101011001001101000011101001110101011101111110010101111000101001010010001010
101101110010110010011001101101010110010110100111110000101110110010011101100101100001011110000101
000000110111110110001000111100010011000110010111010100001111111010111110100101000100010001000010
100111110100110100000010000111110111110000110100111011011100010000001001101011110001011011010100
100110001100101010000011111011000011001011010101110101010000111010000011111011100000111100011000
000010101111101110011010111111100111111111100100101001010101001100011000000011111010010011001101
101100010111001101001010111110101001110100100111101011001010101101110100110000010000111011000001
010100110101010000101100101110110100000001011010001111101110101111110001101000010110100101001011
111001111011110010001110101001011100111000100111101111001101111001111111010101001101010110100111
010000010000111010010011110011011011111101100100001110000111111111010001110001111010110001111110
100001100000110100110000111010100111001101100001011111100010111110010100000111011110000001010111
111010110110010101100100100010111100010000100000110000101000011111101011101011001000100000100001
010011010110010001011011010100000111000101100011000000101000011101000110010100100100111010100111
110010010010110011010000011011101101110010111000001001001101101010111011000111011111111110101010
101000000100011011001000100010110011110010011001100100100110001111101001111101100011111011000110
100101000110001110110101101010111011000011010110110001111100010011000010110111001111001001001000
010010101010000010001000011101000111001101001111011100111000011000000001011011001110011011100101
100010101111110001011011110011000011110101101110100011010111000010110111110101110000111110111101
100100101101011101010111011111010110110111100000010110001000100011101001111001001010000110111011
101101110010110110000100000100101010100101000111111001100001010100011010001111000100100101001111
110000011101000111010011101111011001001010111101011100101100110100010110110001111010110000111001
100101101010101110101010101011101000100111010010000011001100110111000100111101001001010111101110
100010111010001101001000000101001001011000110110001001000011100000101011100011000110110010111100
010110010110011001110100100111111100111011000110101110011011000100101100010110111010100010100010
101000101110001111001111000111110000101011001010001011101101000101010010000111010111111011000100
011111101001011111111110110011001011100100011000110110111000101000110010001100010101110001111100
001010011100101101010110100101010100101011100001100110111100011000001011101100010011101100110101
101111000000111111111000110100110101111100001011010111101000011000110111100010100100110000011001
101010110001100001000110111011100101101011011001110000011101111110111110111100110001110110110101
110011001001101011111100111110011001100001000101100101010100001101010010001101011001100111110001
100000101010101101000100001110000000110100000100000100001110100011000100101110010010101010001011
011100101111111000100100001111111011100111010110100000000010100111101001110011010110000100110110
100100101010101000000100000101000100001111000111001000111001010101010110000001111010111100100010
110111101101111111110010010001110001111011011101000010010001101010101000001000010001111110000101
110000100111010001000000110100000111001110111001001000110000100101010100010101101110111000011110
000100111101101110000110110001111001110011000100001100100110100111111110101000000010101110001101
101011100011000000101000100100011011001000010010011011111100110000011100100101111111001110111101
100010011001110111100101101001010110000100101110100111101101111011111000100011010001101100111000
110011110110101010011001010000111101011100001001111010100010001110010001110100101000100100111001
001111011100001001001110001011011111011100111000111101110100010101101000111001101011100000101110
001011111100100000101101010011011111000101111100111100011111011010011011010100001110110110000111
010010100100111100011101110010101011010111100111110101111101111001001011001111010011001111000111
101101110101110111101100000100000010100011010000001001111001001010010111010011110011010110110101
111111110110100111101111000111110010100001110110101011101101101100011000001101111100011011001000
010010001000001100011001100011010001111010000111100011110001001111101100100001110100001011111100
110100110111001111100010011010000011110000100001110010001011000111111011000100000010011101110001
001011001101101111001001010001110111000100001111100011110111110000111110001000111011010000101101
100010111010110101110000001001000001100000101111011101101111011111011100010100001101101010010101
101000000001111101001110110100000011011000000011011101010100110000011001111101000011101010010100
110011100010011100010000000101011100010101100110101011001001101100110111100001000000010110000001
001001100011100110101010100111110001111011111111001110111010010001000110001111001101110011010000
111111001010000110100100101111111101000111001100011011011010010010110000000011001100011011101110
100110001010010011110010001011011010100101001010101101110000010111110100011100010000110010110000
001011001100110110001111110000000010000000001001101100000111011111001001101111001001110001000101
111001000001110101001101000010101011101000001011001010110100010110001101010101001111011010010100
001001000011001000011101110011001101100111000111110101000011001101111001000011110001110010110110
101101111111110110010011110100011001010111110110110101011101011100101101101110011100011110000010
010100000100000010110000100001100010101011111010100000101101001111101100101101011100101000011000
000101100011011110010000101101110010100110101111001101100100111111010000111001000011001011100011
101000001111011111001110101111110111000101001111101101110001000101011110101100001010000000101101
111110100000000100000110100000011111110001110101000100101111011001100100101111001000001111010111
000010010100000001011010111110000000110101110101111011100101011000111100010000000100011110110011
111001110010000000000100011101011101100110010101010010000110111100101100001100011001011011110100
001011100001001101011111000001101100000100100100100110111010111100001010011000000011100110101011
010110110111110011001011110100100000111000111111101111000000101011011110000100101111110001101010
101100010101101000000101001011010000110111001001101010111111100110001000111011110101011011111110
011011001010111110010110011001001110111110011001100010010110100101111001101011001001010000000100
001110000110101111001000100110110100110011000100001111000011111011001010010011110101011001110011
110011001100101110100001011100011000001110010111100101111101001101101001101000111100010011111011
001110010110011100011111100001000111011001100010111111000101000100000000101000110010010100001100
111011100101011100011000000110101110111111001001101110101110111011111110110111001101001110100000
001101000101110000110011101111000110000010100010000000001011011000101111100001111111110000011100
101111110100111101111100101100101101011111001000101011011111000011111100001110010011110100101100
011001111010010000101010100001000101111101110000001000011001101110010101000101110011011110001101
111011010011011000001001110101001111001011001010110100011100010111011001011111011111001011000010
000100110101101011001010000110010100101111111000101100111100100000101111001001011111101000000100
001100111000010010101101001110010100110011001010000111010001101011011111011010000001001011010011
110011101101100101001100011110010011100010100001111101111001000100101011011011010100111111001111
010010100011001101101111010001001110000100100011000100010100000011001110001100010101110110001010
010001011100101110000001100010001101000100010010001100100111110101000010000101011000100010110110
101001101011110001110001011000001101100100100101001000110101101110101101000101110100001111000001
011111010100000010000011111000011110000000011100110100001110110100111111001111000110001101010010
