101010101000110110001010000010100101010111010110100110101000100001011010000110001100100001110000
001110111100010101000100100010000011011100001001011011111100001000111011111010101100001000011010
001011011100000101100100111011001001000011111100110010101011111101000001111011010111011111001110
000000100101000111001111001111000010110010110010100100010111110110111011111111011101001101100100
001101101010100100000111000101011100101001101011000000101001110101011111010101100011100011100101
000101111001101011011101110100100111000010000001010100101110001001010000000000000001010001101011
101101101101100000100110101101011010010011110001101010110100111011101111010111111000011010100110
011010000011001011110111011000001011110110101010000111011101001011100011101011111001000111001011
001101111001101111001000001001011001001011001001011110011010101100010000001000001010101000011111
101011111011111110011011011101111011010011101110101011111100000110111001101011001011010101011111
011001101001000110101000110001111011000011100101100100100100100010000000110110000000111011000111
001111100111000111011101111010101100001000110110010010111000100011011011110100101101110010100100
000000011101001101001001101110100100010011011110100001011000100000101011010100101000000011101110
111010101000110000100101101001000100010110011100001010111110100011110101001111111010011111010111
101110001011000111000001111010110100100100110011001101101110111101111000001101011110110101110000
000011000000101100101110000001010001000110000111110010011110101100011000011100011010100110010111
011100100110110100110110010000001100101011100101000010100100100001001010010011000000011110010111
000000110100100101001000000011001001011110110001100001100000001101010100111001000011001111111110
100111010001101000001100011100000001110010011111110110110110110001010110000011011101100101100010
011101000101000100000101010101000001011101101000001000101001111011111001001111100100000110101010
010110100000110011010110100101110101011001010100101101011011110101101111010000111100100010111111
100011000110001010111010111100001001101011001101101100100010111011111010110101110100110001011100
000011011001111000001111101111000011000111001110110010100011000000001110111010101010011101010001
000010101100011101010000010100101101101010101010010000010110001000110011111010011001111111111000
111110101001101001100101100100000101101110111111000110110011000101101111011001101110111010100001
110001011011101010101101100000011111011110110011100001100111011011010000000000010010101001101111
101100100101000010111110100110010001011011100101111011101110111010001111011101110100100011111001
011110101011011010010101101001001100010111110110001111110110110100100001011110000100111110101000
101001011111100001011011000010000101100101110101101111000010110111011001111000101010110100000011
000101000000101101101111000000100111010111000100010110010011011010100010111110110010000111110000
001111101110000100000111100110001110001000100001110111110101000000110101100100010011000110000000
111111011010101110100011010100100111011101111011000010001110101100010101011100110101010110011101
111011010100000100100001010111110000110010100010010101011000010100110100101000011011010101001110
000001111111011101101111011110100101001001110000110111011001000100010100010111110000011110101111
111010100101010011101011110101010001110011101011011011001111000010011000111001101110111001000100
101101011000100000011010001110101110010001101101011011000100001100101110111000100001010001000111
011111110111000111111110101100111001010000000110001000101010001001110001110001011100101010011001
101000010011100011011001100010111011110001100011110100010100110100100000011001111100001110001111
100101110110111011010001101110100000001110110110001100010011010111010011111100001000111001111000
110010011001110011110101010100001011001111000100100100100000000001111101111010001000110011000000
001010011100111101000100001100000101000011100111101101100010010101001111110110110001001111011111
000100111101010111010110100011000000011001010000010011011111010110000011001110101101110101010000
100100111000010100000011001101011111111011001000010000101101101000001111100000100001001001001110
000010111011110110001110001111100001011011000011011100011110110010010111111001001000001110110100
001000101000010010000101011000111001011010010011110111101011010110000010110111010000110100101100
110001001011010111110000001000111000111110001101111001001110010011110101101111110110000000000100
110111011111010010100100111011011000101000001000001101010100111101100011110011111100000000010101
000110111101000011110011110100010111000000101000110001010100001111100000101101001110001001001101
011101010101100011101100100001011010110011010101110100011001110011100011011010000110010110110100
110001111100100110111000001110101110010110111000100101111000001010110111111101001110111010010100
110010110111111000101001100110100100110111101010000100011001011100100000000111111100101010001001
011110101000010000101011111001100010111110010101101110010011010111011011100010010001100101100111
000011101110011101100110000110000100001101011101010110110100101010111111110100110001110100011001
111100100000001100100011110101001101001010000010101011100010101101000111101001001100110011110010
100110000101100011010110110000011010101100110010101111010010010010110010101111000100111010101001
101010001000111111000110001010011000111001111000001100001110010111101101011100100001110101101001
110100010001011010011000001111011001000111011100101011111010111000100011111001110100010000101001
101110110011000011010100111010101101001111011000100110010010110110011111101101100111010001100111
110001110101110011000101101101011110010111001110110010010111010001010001101010111111010110001000
101000000000010010011111110000000100101001110010110100001001001010001010011110101100011110111110
110011011100100000100011001011100000000100001110111010110000000100000101110011100100010111101000
000011110100100100101001111011010001010111000000000010111010100011111001110011001001001100110000
111100110100100010010000110000100000100000110111101101001000101100010111010111100100000111100000
100110101101010110010111110110101100000111100001000011101111110111011100111010000100011010000110
001111111110101001010100011101011110101100111010100110111111110101100101110100010001001010001001
010000000010000111111001000111100011010110010000101110101110010001111110000111010111100111111000
010011101101110111011100110010001000100100100000011111010000000001111011000101100001101110010001
011011111110101111000100000011101011100110100110011000100111101000111001111010111001111010100011
000000111100111000101010011010010011010011101010101110101011011100011100100111101000111001011110
001000001111111011010110110110110111111111001101110110010000011011101101110101010011011100110100
011000001011000000101111011110111101110100011101110010010101110100010100001001011011110010111101
001001110101100010001100011010101100001011010110001011101010010000111110101011100011101101110001
100001111000111000001000001010111001001000001011010101111000101010001100100101000101000110001100
100011011100110010110111111100000011100111110010111101001100010110001101000110100101001010001010
001100101011110011111100110100100001110000100001010001010010011101100000101110001111010010111111
111010100011101000111110101111111010101000010011011101101010000000100100101001111100111011100010
010101011011110000100110001101111100001001100000011100001010010100001010001000111001010110100111
011110100011011001000000000011011011101001001110011111001111010100010001101111100110000001000110
101010001110111001101101010111000001000010101111000111100111000010000011101111101100000011000010
111010001100110101101111111100001011001000100110101100001111000011001100101001011100011111100000
001110010011101010101110010111110101010001101010001000000000111010000011010111000001110010100111
100111111011100000111011111011010001010011100111111111110001100100001001100111011100101100101011
101111100010001111111010010000110010011101111111001000110101000110001000101000000100000101010110
100111001010001101110101001110100100010111011001100111101100101000011001000010110110111111110011
110011011011001010011110010110001111110011010101001110011111111001010010100101001011001001101000
111110000011011000000000011101001010011110011000100010110001101011110111000100001011100001001110
101011000010100111011011101111101100110001011100110110101000010000010100111100110011111001111110
010111101010110011001101010001011111101000011110111110100001100010000111110100000111001010100111
110011110000000101011010100100110000110110010111000000000001100001101011011011100110110011100111
010110101111000000010100100100100010001001111110010010100000010111110101001000000111001011001001
011110001101111000101011100000110111011101001011011111101101100111010000000111110110100011011001
101111100111000111111110101000000000000101011101110000000011101011010101011100110110110111001010
111101101111001010100010100100011010000000001111101010111100000110100100001111101011000101001110
111000110001011000111000011011010100100011101001001011110011000100010100100001001100110000101010
110101101101111111101110111000000110101011010100011111001011110001111110001001000111101110000001
110101000011010110110100001000010011001110101001111111101000100101000010101110111110010111000111
000110100100101101001011011111100111110010010011010111011011100100000101011010110011100101001000
010000011101100111000001001100110111101101111111011100100011111001100001001011110011001111000010
101000100110100111000101010110010111100100011101110110010010011101101000110011000101010100001110
011110000001111100110000010100011101110100100101000110010010001010100100110000000111011001010110
111000110010100011000110100011000011101000110101010000000110000101101000101001001000111000101110
111001111000000110011000011111111011000011100011010010100010110101111010010000101110100001111010
101111110111000010101001101110101101011001101011010001000010001000100110100001100000110010011101
011011111111110001010000100010111110010110101111001111011110101001101100100110111110100111001000
100001110111001001111111111111111001110110101110000001101101111110011110011111100010111010101101
010000101000110011000101110101101011010000101100011100101010011010011010011001000010111111011111
011111001110000010011110001011100110111100100011110100001100000100001000110001000010010110110000
010001011011100010110101111101101100000100110010000110000110000111110010001010011110111111001011
001010111101001110100001100110001100001001110101110010100001111011100111010111001010000000010001
100001010101001110100010011111000101100110011111101100111110011111010000010100100110100100110110
010101001111111000010000111100110000001111110011011100001010100100011011010100000001010010000011
101000101001110011100010110101001110000100001000100110001010011110101100101110001101000011001101
000001100110011000111111001010111111000101000000011111110010000001100010100000001000011110000010
111001000100011110000010001011000100111100101100001111001000001001110011000111001110101101100100
100100000010001100111111000110101011001010000110011111001101000100010111101110110001001111100000
001101111011111011000100101100010100010111001011101011001110101100101001011101001001110000100011
010110001110101100011001110001001101111000001111101001001110111011100000001100110111110001110101
100000110000111111011011010101010001011101000100111011000010111010101101111111000101100000000111
010111010111011111101110000011111000110011110101000101101100111101010110000011100111110001111001
101011101101011001110001000001101111111010101000101110100101110000011110100100100001001001001110
001010011100101101110010001100001001111111111000001001001110001111001100010000000111101010111111
011110010101110111111001001110010011001001100111001000110010100111100010111110000010111111110000
011110000111011001101100101011101010010010010110110001001101000000001010001011010100010001110101
101100000101000010101101001111001110101011111011011001101000001010100111110010000000111010110011
110111101010101111001000001101100000001110001110111000100010010110101001011011100000000111001011
010001100110100101001000011000110010001010010100010100010010001111010011111011001101000101010011
101011110101001011100011100110100010101010011000101000100000110111110101010111001010101101111111
110010000010001000000110010011110100001000010101110101001111010101100001000111001101000110110111
111011101011001011100011110011011101011000011001110100000111001010010000101101011111001010111100
010101001001000011001000101111001010101111001101010010000110011110111001011011010000110000000010
011100011011101001110000110110000111001010000111011101101111100111010001110101101010111100100000
100110100110010100101000111001000101001100011000111111011111100111100100010001100000000111111101
100101000100110110100110000101010010110101010100110100011011111010010110000001111100101111001010
100000010111001001110101101001010100010100100101110000101101101100110100111000001001100111110100
100100011001110011101000111011111010111010001010110101100000011010111110110100010110111111110111
101010010001000001100010010101010011111001101011001101100001110000110010100101101011111000001110
011011110101111001111000101011000000101001111011111110110000010011001100110101001110010000001010
111100110110001100010111010000001000011001001011000000111010010101111100101010001001011110110110
101011100111101111110010101111111010111111101010100110010111110001000011010100010101010101010011
000101001001101000001010111100110000110110110101100000101101000011010100111011000101110010110110
110011111100100101000110011010101100111001101111010100010110001011000100011100001111010110010110
011010110011001011000101100011010100000110110100001111011111011101011110011100001101101001101100
101010101011100011000111000010100100001010110100000110000110110010010110011110101010011001101000
000000010100101000110100100101010000000101010000110101100100111011100110110001001101110110011010
001000001011011101000111011100010111000111100001010111001110001011011110011111001111000111011111
111001101011101000101000001010010011101000000001100111000100111101110100011011000000111110001011
110110111101001110100110111111010000000111000011101001001111101100000010011010100011100011000001
101110000101101000000001111101111110000011000110111010110000001100001011100011011011100110010100
000011111110111010001011111011010111001110101011101101111111010011011101000101001000111110001110
110111011011000111110010001011100000010001110110001100100110001001100011110011011011011010001001
011110000100011111010111000010000111111000000110111110011011001010111110011000001101000000001001
010001011011110100010100111100101100000011111111001001101000110101100000100110111111110011111111
000110001001100110101111000111000111110100010000110000011011101111000100011011001000010101110010
100001000111101000010000111000011100011000011100110111111011010101100100100101111111100011111101
001100010001010101101100010011010110001011011110010010111011001101010000010000001111011111000010
010000011111100101000100111100110010101001010100001111010000111001100101001001110111110101011001
010101000110010100001000010000000001011010010111101101011001101100101101010110101001110101110100
001011010110000111110011010111001100101000000001001100000110101011100010101000100010000111111100
100001101001100110011110111011001001110110101100111010000110001101101000010101000111001111100110
100000011010011111011100100111111111101000011100011011000001101101111001101001001010110000111011
000111010001111010001010010101111111111101101010100101010000100100110001101010110001000110100000
111101000000010010111001100110010000011001100111000001110110001110001011001010110111001101000010
001101010110100001010101110110000000101011111100101001101011011110010110011001100100001001011010
110101111101111111010010011011011000001001110100111101000101001111101000001000100011001111110000
100001110111001110100110101000010100100010111010101100110011101000101111001001100000010000101100
011101100001001111011100100010110001000011010011110000010110111111010100000100100001001011001101
000110101110010010011010000000010100100000010001111000001101100100010111010110010101010011110001
010100010110010001011100111101110010011110111010111110110101001001110101110011101100100001000101
111011010111011010111110001110111000000010110100011010101010111011001101101011000110010000011101
010111111011111000001010011001110101011111110000101110011111100100101110101010001000100001011000
101011100000110100111111010110001111001011001001111000010110101001011011000100101111111111000000
110100100000100000111101110010001110000011110000010110010110111101100110101110001001000111101100
001110001111111001101110100000110101111000001110100001111100000000110000000100111001011001010011
111110001101000000000011100000110100111101000111100101100011100011110010011000000110011110001111
110111110100001101100100001110010100000001001010111011100110111011001101111001110011111001110110
001001101011001001111100100101100000000010000011010100010101100000110010111001110101111110100111
110011001011100101000101001101000110111011111001000011111110101111110010110000001101100100011001
001000000001000000000111101011101010001100001100000110111011110001011111001100010001011001010100
100000110110011000001010100100011000100001111110001000101101111100101110110010000100110100100011
100101101101100100000001011101110001100001110001000101110101001001101110100100010000110110110110
010101010011000011010110100110100101100010101010100100100010101100100100101100101100000010001100
110110111110100010001001101101011011111001111111110100011110001011010001001110000111101011100010
011011000101111111111010101011110101001010001111011101111010111100010110111010101000100100101101
001011111110000010100001001001111011001111000001011101000011100000101110111010000001000111110010
110001010010110100001110111111100101011101110110011011001001101011111111000010001010000011111010
000000011010001101111101000110001100100101111111100000010001001010000111101000101011010001101001
100011100100011101001001000010110011101010000111001101000100110011110100001100011010100110010110
011111011110011100101111011100001000011110000101101010110101100111010000100110001100110010100001
100101001110011001001010001110110101101110110010001101101101110100011000010001111101110000010110
111100110100101110111111100100010111101111010010010001010000011101011110100111011111011011001110
110111000110101100100100101100110101000101000111010111010111100101111010011011100001011011100001
101011111000011100101011101010101100011010001111101111101001100111111111011101100110101111010001
111100010000011110011101100100111000001001111111101100000011110010011010100100110011101100101010
010011010000110000101001101000110010111100000111001000010000011000000110001100011000100010110010
000100111001111100001101101000101011110110100010001001010111101011000110100110000001000001111100
010110100000001101000000111011111000111001000011010110100000011001110010101001100011100000000001
010110011011101010001010011100111000000000000101011111100011110100011101011000001111001000111010
110111010101110100001000001011001110100000111000100110100001101111110100101111001101110001110011
111110010011000111111110000000010010011011110110111011010111000110100100000001101000100101111001
110001010101111110110101100110101001101100110111000010100001110011011100001100100110111111010001
010101111001100100101011101001111011110110010000110000010110011101110110100101000011001111010101
110010101101111000110101101000001010100111001110000111010001100010111111000000010001101010101011
111011000001111100001010101110100100000001111101110100000011101010011110011100011110011110110011
011000101011101001011111111001110101001100000001101000110111110110101010010100011011101101111011
101010010110101100111100110100111100000000111010001100000010010100010111010000010111111010101110
100011110001111111010110010111101011101001010100000010001000110000100000011100111001110010000001
010001001010111100001000000010001111011011011101101001011001011000111010100100010110010000010001
111101010010110000001011100100100011000110111111100001010101111001011000010101100011001011011111
000101110011111011000000000000010011100001011101101100110100001001100111010111111101110101101100
100010000011000011110110010011111010011000100111010111011001110010011011001110010010001111101001
101011000100100111010100100010101000101001010010001001000100110100111111100011100100000010011001
011011010010011101100001000011011110001001110010011000101001101101111110110011100101010010100000
101000001110100101100101110000111011110001010000110010011011110111111011110010110011110100000100
000110101011101100111000100101010111010100010011110111101010110010010011011000110000011111010011
011110000001101000111100110000011101001111011110100110010010011101011100001100001001011001111110
100011011110110011000000010011111101001110100101111111010001011001001111010010011000010111011111
110101000011001111111001101111101001010100100110110000100101111111000110011010100010110110011011
000011101101100110011101001110010000101011111001110100000101101110011101100110011000110000101000
001100100100111110100001111110010001101101100101101110100110110011011111010100111100100100010010
101010111000010000010011011101011100100011011110011001110100001001110000011110111100000110110000
110000011011001111101011010001000011000010001110011101010010000000100000011111110111011001100101
101111010011110001000001000111001110111100001100010011010100010000010101001110110011011110100111
111001000110010111001110010111101001110101010111001000000100001111110101111100100011011111100101
100001000010101011110010101100000001111110111111000010101010011101000101101000111101111000000101
001001101001011110001100100000110111001101100100101111000000101001111011110100101001110001000101
111010001100111110101011000011001111000011011000000011001111010111111001010011110011011100010101
110010000010110101010111000101111011100011000111101000110110100110100101010011000010110000010100
101011010110110101010100111010110101001111110110011110100000001001100101010010100111000100010111
100001010110011111001010011101000011000111110011000011001000101011010101010000000111110101100001
011011100001001000111010100010101011001001110000011010010111100100101011000011011111100011111100
101001000000101011111000001111101010101100110111101110000100011001110100000011110101010010101011
110010000110011110101001101010111000011001011001110000100011001000111101010011100111010000100010
001010011111101101011110000101100110110011101111110111001110110011100011001000100110110001100000
100001000011111111101001000001101101001000010010111110011101100011001011111000001110000110100100
011111101011111001010011111100110011101100111100011111101011001110011011111010010100111110011110
001001101000110011111000000000001100010101101001010000110100110110001100010110101010000100101100
001100101111010011101101011110111001000010111010101000110011011000000011010100010101110001001001
001011110010000011101101100110100011000001010010110011011100011111111111111001110111010011000111
000100111100000000100110001001000110011001000000000110010011001000110001010100011010000100001011
010011111101010000110011100110010101000010000000111111100111111111001000100001001111100101111001
101110111111110101010011001100011100001010001001101010101110010000000000011010101010011011000011
110100000000101100010010001000011010010101101000110110010111000010100001111001001111100111111000
010100110010110010101000010001001101010101100000101000110000111000001100100101000011101100100111
100110011000111101110001110000100100010100111100010110100010100100101011111110000100001101001011
010000100101000001001010010011010111011100101110101111101110011001011011101101011011111100111001
100111111011011111001001000101010101000000111111010100110111011010001111010011001000101010100110
110000010011001000110001001011111000111100100111110001000011011011001001010010000100010001011001
011001110001111000000110110100110111100101000001011110001101011001111010100111011111110110001000
100000100101101100111111010100100010001001011011000110011011010001110001011101011100000101100101
111010011010101000111000110111100110111000001101000001111001101101111100100011101000000001100001
011110100110100001101001101110100010010000100001000100011111100010100011010010000100011011101000
101010011101100010100001010000111011110110001011101011011111100100100011000110001001110010011011
110001010111001101101000110001111111111000000110000101111010101111010011100111001110101110101010
110110011000010000101001000111101110110100100010011011011110101101010111110110001000100111111000
101111000100011110011011001101001000100111000001111011101110010001101110100111100001111000110101
011011111000100101110011001100001010100101110100100101111010011010010110000100101111101101010100
000001111010101100011001000101110001110110100001001000010000101110000110000111100100010010010000
100000100010111111011111101111110110111101010100000011000100001001011111100100001100010011000011
010011111001010001011010100010001000010011111100111000010101101101000000110111110010111101111100
100100011011110100100011111101000100001101101101001100010100111010111111011010001010110111010101
100000101111100000110101000101011111111000001000110111101101010001001100010011110110101101010110
000101010111011111111000001110011001001101111010010100011011001000000101111111111100111010010100
110000001001111010100010011011011011101110000100001001011000111010000011000011111011001010101101
001110100101010000101100001111111111100001001010111000011110000100110010101010001101010100100000
000000000101001111110011101010010010011111111010011110111101011011101100100001100010011000011101
100010100010000101110110101111111011010010000110110110001111101001011100001110010000010011110101
100010111000101111010110101110010001011011010110000001011010100111000011011100010101001111101111
101001010110010110000101100000110011001100000101110001111101101011100110001101110000100000001111
100011111100100011000011001111000001101010011111010100001101100100010100100110010011010000001111
111000011100010111100101010011000010111101111101100010111000101101101010110110010001110101110111
000001101110011000101110100010010101001001111011011100000111000100011100010001110110010001111111
110000011100001010100111101001101010000110001000000010001000011110101111000001101100000011101110
110101101101100110001101010000101010100111111000001011100010011000100010111011100010101100100100
010100101100101101000011101000110000111101000111110001000110001111100001010010001001010101000100
001100011100101100011000000101011011011111011101100111010111010101010000010101101000001100001010
110000001110011111101000110110001010101001000000010101101001010011100011111110100100010000100011
100110100111001100100001111011011011010010110000111001010111110000101100011000000100001111101010
111100101111001101101101110110001001101100000010111101111100110100100010100001001100000010110011
011010000101000100100011001110111101010111011011100001011010101011000111001111001111110010111010
100010000110101010010101010001000111110111000010110011110110110101010110011110000000000011111110
111010001010011110011111100101001001100111111111111001011010010001010011101101011111010111100101
110111011001110111101110101100100001001100110011000001001100010001011100010011000000110001100011
011000010111011000001110100011101101110011011011000001000111000101100111010000110110010110100101
000000111100101100110100101000100011000000000010011100010010001111000011011011110001101000110010
011110001110011001000011011000000110101000001001111000010000110000011010000100101101100010110000
011111001110011110100000011100001101100111101000001110111101111101011100101111001110100001101111
010001001100110010110000011111101110011110001100111100010010000100101100111110101000100101111100
011111001100100101100011011101110100101100111111101001100110111110001010111011011001001100011000
111001110010100100000010101000001110000111000101111001111110100000000110010000100001010000010011
100111111100001000011010100001110000110110111101101100000111100000110000110001001001110001011010
000010000101010011011000011001100011001011010000001101010010000010001100100010100110011100001111
000010011100001000001010010111110000111101111101011011111111010000010011111011001111110110111010
010100010110101000010111001010010001110100100011011110111010111100010010001100100110001111111001
110111101101010010100111111110111100001110110010010001101010001111110001110101101110010100110111
010001001100111101001110111111000000001001000101111000111001111101110010011000000110101110011001
110010100001001001001000011110011010111001001111111111000011000100111110111010010100101010000000
001110011110110001010001101011010001010011100000101101101000001011101011001100110100000110001011
010000010100011010001011001011011101101110110000001000111011100101100101000010011011001010010100
000110100010010001011111000100001000110001011001101110111101010110001010011010101111011001001111
101111001011110100101101101010100111001111100100011100000100010011000110100101110001011011101101
010000110001100100010000010000111101111100100001111011101000110101111111110010001001110011110010
001100011111110100001011111110011101000101100010001110100101001110011011011111010000111101001110
110110110001101101011010011010010100110111111011011011011100010100000010000011111100010011101100
010110001111110110011011000001101010110101011100110011000100011000110001001101100001001011001011
010111100101000111101000100010100111110100010001101100111000111110000100110110000111010100010011
110110001111100111011101010111101011001100011101010110000001010100111010000001110100101111111110
011100010000100111101100010010010010001111000101100101010100011001000001000101101100100101000010
101111110101010100110101111011100101001100000001111100101101100001000000111001110110010101111001
101111001101010001101101101111110111110000111001001001011110110010011010010100010111010001010101
001101010101110101010010010001101100011010110001011111101010011101010010101000111010101010000110
000010110110010010011100011000100001100100000111101101111010100001101011011111010101010010100000
100010010110101111001110001000011111000101010000110000011101000101010100100110000010101011100110
001010110010100111000101001000001101100111100001010111100100000001110111010101101001001001111010
001101110001000110100111110111000100000001100010111110001111111011001101111101001101011001000001
101000000000001011111000100010111000011000001000110001110101110001000000101101001010110011111000
010110000000001011110000111110000110101100101011000111010010110011100010000011100110110101100010
010110011000001110001010011001100001010011101000110110100100100111101001111101011011000110011000
110011011011010011101001000111010101101101111001000011100000111010000000110010100111111010011100
001110011100111010100001011100010000011001001111100111101010000001001100010001101010010001100110
001001011000000010001011010011000011110110110000111110111101100101111101001000101101000010000001
000011000011110001111110010101001010101001001010000100010101111001000111010000100000111001011001
111011110010110001011100101111011100111100010100010001100101110110011000011011110001110111100001
101101000011111001010100100000010110000100110100010001111001101010011111001101010101001100100011
001101000100111001000101001001001101110011001110100001001001010011000100110101110111110111000000
001110101101010110110000001011110011111000001110110111011010111011101110000111011001101111110010
000111010100010000100001001111101000101011110000010001111100111000101000011110101010011111001101
010111000010011010000100000111110111111011000110100110110010100000111000010110011001000001001111
110011100101011001011101011011110100001000001000001100000110111101101100101111010100111000111101
000011011000010000011011000111010100100011000100001010110100101110001000010001001111010101111001
110010000111010110000101101001110001000111000100111101010101101010100110011001001000000101011000
101110110011100000100111000001101010100000110110101101100010100111101010011101101111011111010101
001111001100010110110111111011110101110101000110011101110101110111100110010111101001111001110111
110000110110000100101000000110111110011001001111001000010000011110101110001011110010110000110111
000000011010001100110111001001110000110100101010100100110110100100010000110010101101000000111100
011011010110101011111010100010000100011010011001010100111110100011001000100011001101011101010000
011101111111110001001011100001101000000001110100101100101001010001111010100011110100111111101001
000001011001011101101111111110111100111011101111000111111010111110000111000010110100111101110010
001011000010011100001010001000001101100000101001011101001001101111000101110100111001010000101101
100101110010011001010100100000101110000010000101100010010011110100001110010111000010101001001111
100110111001110000001111000101110111010100001010110101110010110111100100111111011011011110100011
110000011001110001011100001110010011100010011101011001010101000110000011010000011000110000100111
011010100100010110100010000000011011111100011110001000010111111111010011111010001011000010001001
101101001010010111010100110000101111001010001001000000011101011000101111111110111010100111100001
001000001111000001111011101001000011000011100101100100011111010101111001001110001101110101100010
100011000011101000101100001010100110111001101000011001011000001110100011001110010110110111110110
111111001011100110010010110101111111110110001011101001011010111100111000001000101001010000110011
101001011011001011011111011111001101110100000110000000101011001000001101000011101001010100011100
100010010101100111000110010110110111010000010001000100001010111110000011000010100010110101011000
110011000101110000000111100110110111011011111111100101000011101010100100010111011000010000101101
101010101001010100111100000110010101111101011011001110010010111011110100001011010111111101010011
101110111100001110000010010010010000101100111110001110001110111110010000010001110001000110101101
010101111110110000101000001110011101100110000001101011010111110010010000001101001010101110101001
000100110000111110111110011011000000111010101110011010110000011100000101110001000001110011111011
010011011100000000010010101000011011001011010100110110001001100000110000100101101101101100111011
011111001110100111001111001101011101000110011110101111111111000000000101010111101010000110111111
111010110011111001000011000111100011110110010001110111100010011110000101001000111101011111010011
100100110000111001110111111010010000110111101000010001000001001011110101000101111000101000011101
110010000010001010111110001011011101110100100101010111111101110000010110011000110011000100010001
111110001011011000001010100001100110111110100001100100001101011011100001001000001110000010001100
001000000010001111010100101010001001011011000101100010011010110110111101011100100100001010101010
111011010111111110011001110100100100100011000111011001110001101111100100111111111010101010111011
110110110101001000100011010011100011100011011010111111011100010110100011101010010101111100101001
110110000111101111100011100101001110000001011000001101001011000101011110001011000010111011011000
111000011101101110010111001111111011110100111111110101001010001001110111001100010110000011101000
000010110001100010010011011101011001010110101110001111011101011011100010000111001100110011011010
111111001001010100000101000100000110000011000111001001111001111000000000111101100111101110001110
101100101101110100100000101101111010111100101011101100000111111101001011111010110001010110101110
101001010100001000000001110110001001000101100010110110001000110100000111011100000101010101000101
101010010111101001111001101100111011110000101010111010000111000011010111100100110111001101110011
100001010100110111111110110000010000110001111000110101100110001100001110100011100000000010110100
111110100101011100101001100010100110011011010000110011101001001001110101010011001100100100010000
111000010111111100010011001100010001010000011101110100001010010010010110100100111010111111101010
101011011001011111000100001010101110101010111011101100011110101010101010010001100101000110101101
010111000000110011000001010110101100110110101010111100110010010001101001000001000100010101011111
010000001011101010001110101110100111011101100010011111010110100110101111001001111111101101000111
100001110100001000111101001010100111001010111011000011111001000110110101100110010011000000000011
000100010101000011100101000110100011110000111001100000001111001011000010101010100110011000000001
110100001001000000110111111110000010110010101011011111001001101110111010011001110101111111011101
000000010011000001011000000100101110000101000101101011110010111011011000010001101111001110101110
111101011100000111011010011101100110010001101001010001011010111011101000011001001110100100100110
100001000000010001011011001101111110100100101110100010111111101100110011010001111111111101110001
100011000010110001010000010101000111011010110010010010110100001001010001100011100000101100100100
010011010000110101001101101101111101011111100100001011110010111100111001111000101110110101001001
111000100101111110011110010110011100011110111100110111010101100100000100011000100000110111011100
001001011100001010000101100110011110100011101011000011110000111101011111101110011101111010101000
000100011100010100010101011010110100010100111101111111010100111001001000101000000001111101001111
100011101101101100100101111111101110001010011100011101100010011110110011111001110011100100110000
010011110010000011001110101110011000001010110011010111011000000000101001000111010011110100000000
010111100101111101111010100011111011000011000101011111110110011010101110010010100001001110010011
000100011100111101001000101111011100000110110111000110010000000010000011001110010010001111001011
111110000111001100100001100110111101110000000011010100001110100110000001110111000110100111100111
110100011000101110010111111001010011010100111000011000001110001000000100011010101101110010110101
100101001010011010011101010010001111101101110110001000110001010111110110000110100000110111000110
011110010101000101110100001001100001110110011001100101001011110010111010110110010000001001111011
111111010010100111010010001100110111110110110100111000101111000110001001011101111000011001010111
100011101101010000000000001111111101110110110100101011110001100011100000110111010101011101101101
110000001100110101110111001000000100110011001111011101000011101110010000010101010110101000101100
001110101110000000111010000101110110101011101000111100001111011010001110101101110100001011001101
101001110010010010110100111001011101110101000000101011010111001101100101000100010111001110000111
101111111111000011111110011011100110001001110010001110010101101010101010110100110001101101111101
000001111001100111001011011001011010001110100101000000100000101111100111000010111011100110000001
101110101011000110101010101110011011100100001000110101011011010100001101000101001010001101011001
011110011010111001000011101101001000110100011110110111111000110101101100011001111101100011110110
110111001000111111000000001110001011111101100100111111111101000000000000100101001101111100011100
100001111101111000101101010011111111110100011001001000010001011001010111111000011101101110001100
010110011010111011000011100000111111111011111101101100001111000011111110000111111010111110110011
010111101100010010111110000010111011001100011001001001000000111011101001101111100000001000001100
101001111111010001101001111101100100001111011110101010010000001011000011100011000011110011110001
101100110100011111000011000011101001100010110010010100010100010111100011001011101111100101101110
001011100001100101110000101100010000010001111110010110100001011110001011001100000110110001010100
010001000010110111010111111100111010111100100001101101010001000101111001101011001110010111011110
110000010011110011111100010110001011010010000110110111010001100101101011101100100101100101001101
110001001110011110110110000000011010111101011001101000010100110101110111000111100100010011000011
111011010000101101100010000001001000000101111000100010100001101110011100001001101000110010111010
100101000001011110101101111001111000000111011100000101010011100001010111010000000010010010001111
010101100110001001010001010110110111000100110100000100111100000001101001101001111000001101011100
100111000000101001011101010100000101010110011111001110111100011011010001011101010011011111101101
111000100111010111010011111111110010110010111000000010100111100100111001101001110001101111111111
101110000000111011000101000000110011111001001111101111001100000101010010101110111011000011011111
111010110011100101101001010010111010000110011101101000000110101100000100011101000011011000011001
101000111111111011111011010100000111101110001000100011110111000110001111101101010011011111111101
011001111001110101111010110111100010111111010011111010110011010111101001110100101100110011110111
100011010110000100111011100100000011010110100001010011001000000111100010011010011101110111110000
001110101101110011101110111000010100001111011000100110110101011010101010100111101100011001101011
111100111000110100000010000011101010000110011010111000111101111101010100110010111101100000100000
001110111111001111011011111000100100001101001111000010110111011110100111111001111100010010010000
000010100100100100000101110010000110100100110110101101011001000100010010001011111011011001100110
001011010001001111100111110101101011101001100110010010001101111101001000111011001101011100001000
111010100011101101110100101101101111011101000111001011101110110001011101001111111111010110110000
110111011111010010000011001000001010001001100011001100110001110011111101110110011000101101010111
110011000000110000110110100011001111001110001101000100000001001001010101100110011011100100111110
110010001101110111001100111000110100100111000110101001010101000110111010010001101101000010001111
011000101101101001111100000010111001010101011001011001100111111001000110011101111000001011000000
011011000111110010001110010010010001000101101100111110111101110000000101100111110010111100000001
011001111000010000010101000011111000001001100001000000001111001011011101001111110010000110010101
010001101010010011101100001010111101111001011011101010000100110111111000111110111011111010001110
110001011101010011001010001010101101111000001000011010100101101000111011101011001001010111111010
001100111110001110001110001100111001100011010001011010001010000111111100110010111001101001000011
101110010000100011110111010110001000001011111110100111101011110001101011010100011101101100011100
101000110001011111101011011010101001010100000010101000100100001001101101011000000000010111001101
011010011100110111000110010101100010100111000110110011101010111000100001111010111100010001100100
010111010110010001111100000101111110110110010001101001100000101010110100110101101101011100100000
101010000110010110000000010000000000000001110001001011100101011010111110010010111010001110000010
000010011000110111011000100111110011000001001000111000011001010010100100100110000010110001001110
101111011010010101010011101011101111110001110001111011110110101111010010011110111111011111001110
100011101001011001000110001100000100101100101001010000010110011100011010011110001001001101110000
101010000110101001111011101010101110110101111000101011001101101110110100111110100010000110001000
011000001011011011011001000011100010000011010011100010111011000110100011000111110010001010011101
111011101110101000111011110101100011010111111100001001011011101110110000111001000110110110000000
110010100000111000011101110111110010100100101110110110001110100001100000010111001000010110011001
110100000010001010000011000100110111111100101100010111110100011010100001001010100011111110110101
001011110111001010111110011110001011011000100111010001001011011111010111111101100000101100011110
001001100001001000010001111111111011110000111110110100001101100101010110001110101010100100001001
111001101001111001110000000101001111101101110101111010011110100110001000011001110111001110111001
011000101110000110000110101011010100101100001101011100100111111010110001101100011011010101100111
010010110110110011111011101011110100110000001111011110010001010100101110110010000011011011010111
010101001110001000010111010001000111000100011110011001001000100011111000100000001100111000011010
001010000000111000101101110101001110000011000010111011000110110010011101010101010111111011011111
100111111110001001010010100000111000000111110010001010011100111100110101010100010100001110011101
101001010100001001110001000011001011011011101110010111100001001000110001100100110100000101001111
110001001111101100010000001101000011100101100110101110010000100101011001000100110010100011000101
001001001001010110111111010110010100100111110100000101101111001110011000100111100011001001010000
100110110110110001011001100101010101010001110100001010111111100101111010010111001000000010000000
011001101000001011011100011100101011011010001010011000101011011101001011101001100010000110101101
011001011111011110110101111001000000010100110001100100010110110101111101110100101011111001000011
001110111001010010111001010110100010001110011101011000101110011000111101001011101010111101000011
011100110100111110101000011100011001100010111001111101100110110101100000100111001110001100101000
010000000101000000011100001010110101011100000011110110011010111101000010111110110010001010101101
110110010011011110111111101101000010010011000000111100011100110100111001001001101100001000000001
111010010000110001100001011001011000110000010000110111100111110110101100110111100001100010011111
110101101000011101111101111000001001011001111101100010001100000010101011000101111101011000010011
101011110001011100111011110010110110001011110110010011011101001100101100010110011100011101110111
011001111010100010100111001010101001000011101000000101000000111000010011111010101000110011111100
010011001010101001110110101011110010011100001101101110111101111010100100001000110000111101101110
010100010110000101101001100101110000110000101101110111110000000001111101100001000000000011000100
010111011000011110010101010001110000011001101010111110101010000010011000100011101101001110110111
110101010010010111111110101100101000001010011100000111101101000011011001001010101110000001010110
111010000000110110000110001100011100000111111000110100101011000100010000000001011111001111111110
011101111001111000111111100011110001001111000001110000111111011100111011111101100000001100100100
101111101011111011010101011100011100001101000001010001111010100101001011011011011100011101101111
011111110110011010101011111110101000000001110000001010101001101011110110000111001001011111010110
110000001010011010111011001001100101000000101000101111111010110001011000110011101000100110100110
001011001011000100010101011000111111000100101011010000011101101000010001010001110011100111010010
110100111100100001011001001100010001000110111000111101010101011001001001100011100001100001011010
111010011000000110110011010111100110110010011011101110010011101010000011101111000000101011010000
100001110001101011001111110000000010011010001100010011101010001000000111000000110000101011110101
001111011001100110001111111101110000001001000011111100101001010001111010111000111110110011101110
010110010110011111110000001100010100101111111101011001001010000000001010111110101111101101101100
110110111100101001101101101001100011000010000101010000111110100101111111010100011000011010001111
001000000101010001010110000000110101111010101101101100011110000100110010001101101110001100101001
011111101010101010011101110011001111001110100111010000000010010000011101101110000101010000010110
100001000011101101100001011010100001000011001110011001011101100111101100011100011101011110111001
101110010101001111010110111001111011111111010001000100110000100100001000100111110110001101111001
100010000111100100000111110101000010100001001101001011011100000000111000011000010100011000000001
101110110101110010001000010100111111011101001001101101110000011101110101101100000111011001101111
100011000011100101001111101000010111011000000000111111010001111111011111010110010111110011011111
110001000100000000010001010011001111001110111000110101110100101001011101011000011000100001011000
010101001000111011011011111001000000101001001110100111001110000110101000001000011110101011001000
111110000011000001001011011111111110001000000111111100101000111110110000100100100011101001100001
110000110000010000011101101010101010101011001110110100011101000100000000001000000111111110110010
011111110001000111111010001100011111001110101010010000000010011001001010011101101001110011111000
100111111111100011110001100110010000000010111100100000011000000001011101110001001011010110100000
110010001000001100110010101111001010001111101000000010101010011010100001100101111100100000111111
110110010010011100001100101010011110000100111100001110110111011010101010001110101010111101101000
111111011100110100101011001000110000100000010001110101011101000110010011111000110101000110111100
010001100111100010100110111100110010101111111011111000010000111111101001011110111001100100011011
111110110101001000010000110010110100111000011100101100011001010000110010001011111011100110010110
101010001111010011001000000100000100000011011001100111100101110111100110111010001101101000010100
111000011000111010110110010011111010011111111111000001010001110001000110001100010100101100001011
101111010100111010111010010001111111111101011100110110101111001010001000110101000100010010010101
110110010100010111011101011111101011010110111000110110100010000001011100110100000000111111100101
010010110100111110100010001000001100010100001011101000100001001010000011010110100110101010001111
001001101110010100000101000101100101110001001000110100000010101100010001111101110001000010111001
100110100111000011101100101000101110010101101100100011000110110110101001000001010100001100001011
101110011011100011111000010011010110101101100111100011111000101001010010000011110001010011100011
011100001101100100101101110010011111101110101010101001010100101011000101101001101110011110010111
001010110100111100100110101111011110001010101111110011001001111001000100111100010111011101110000
100001100111001001110000100010101001010110101001111001011101010010010011000010011000110011001111
110010001110001001011110011110011010011000001001111100101101011100011001000111111001010000101100
001100100010111110000110100000111100001111001101001100010100010110110000100101101001100101111001
011111110100011001110111100000011110110000001110101001101010010111000101001110010000000100100100
011011011100111001001111101010110111111100100111011001100011001101100111010101001011100000010100
100010101010001101101000111101011011101111011110100001101111111000101011101100101001001100101111
111100111111110101001011001010101001010110011110110001101111100101000000011011111001000101010101
111101011000110100111010101110111100010001001000111101011101101001100101001101110111000100000101
110111010010101110010010000100011101010001110111101101110010010101011101100011101110001010010101
110001100101100111010101110110010110000110110010111010010010000101010111100011110101000101000010
101000010101111111001101111101110000010111110010100010000101010010111101010001100101111101011001
100001001011111110011001110001101000100000111110111100110111001011001100111000001111011101110010
000000101110001011101001111011101100010011100001010110000100111010111111010000011010110101100101
111111000001111100011010111010100110011011101110001101111101000000000111110100101101011011001100
011010110101001111000000101100111101111011111010001010100110110000010000010001010000010000000011
010010010101010010100001001000001000000101001010000111001111010110001110101110100001001011011101
011111001111000011110111001010010001111001010010101101001010000100011011000011010101001001111000
010000110101011000110111010001101010010000011110011000101000001111111011110011110101011100011001
000010001001100010001100111111111011111100001110101000000010110110011111010010111010000010001001
000001000111101001101011000111001111110111010011000001110101010111000110010111111100101100010000
110011110001001100101000100110011100101010000110101111011100101111101101111100011011110111100100
010100110001110111010010111011100011100001000011001101001000111000101100111000000101001101101100
000101001000001000001100010111100101110010000000110000011111000001011110010011111110000101001011
111000001011001010110010100000101100000010001000010110111010010000111000001100110000000011101101
011111011110100001000110101111110100110101101011011000010011000011000110000111000101010111010001
001100111111101000001110111110100010001111010101001110100001010010110110000010100010010100100010
111111101010011110111001000110110001101111001000010010101010100101111111111011001000100100011101
001111011101101000111000110011011100011100011111010101010011110100011001111100010010011100010001
100011000010001011101111011010100101001101010011000010001111001000011001011110001010101000000101
000111010100101010000101111010110111011101001001101010001000101100110001001000001111100011001100
010111101010111001000010111100011101010101100111111001111101001110101010110010111111100011010110
111011010010000001001001100010101101001110100100101111011010110100110101001110001100011110000101
101110010100001110000100110110010000010010100100110100011111001010110010011000000110010110100000
100101101010100001000011100101011110110000010010000100100011110100100101111011110000001111111100
000011101101011011001111100100001100001100111101100100000010011010000001101011100100000001000100
110110011010000111100111110001100110001110111111100011010111111010011001100101111111101111011101
011000101101011101010101001001110000011000100011111011001101100000010110100101101101111101011110
010000110001001100010011110000001010011001110111011110000101000111011011000010011000000011000111
010000011101000110111101000101000001010001001101111001000111000011101111111101100010101111111101
001111101000011100110110100000001010011100001100110011110100010110001010011101101001010000011100
000010110111100110000000111100011101010010101100001100010111101000000111001111001101111100100000
010000111010001111010011011011101100001011100110011001100000111110110111010010110001110100010111
110000011110101100100111001100000011010101110101000011110000111011111001101100001010010111000110
110110100101111001010010011100111010010111010101101101011101000010101000110000001000010000100000
011100001010011100011100000110100100110100110011110000010110011110010101001001110010111001111100
110001000100100110000011000101011001000001101011010010110111110001101111111111110011010110011110
111010100100010010101100010001101011011001010010101000100010100010010011110110111100100010100011
010010001001111110000110101001101001110101000110100110101110101000010000001100000010100001110010
100111000111111000011100110100111011111010001100001101010010110110111011110111100011111011100101
101001010100110110100111010000010010010011110000111011011111101111000010011011111010111101100001
110111010000001000100000101111101001010101111010000101001101111110001011010010111101000111101011
010000101110110100001010001010000110001011001011111000101010111100110011000010101111111110101100
100000010110011100000110000111011001100011010011011011001111001110010110011100000000111000101111
111111100001100011110111000101010010101111000001001000001010000001001101100100011000011111101101
000000100101111010000100011101101011000001110011011011100110010000101110100001000001110101010011
100101010100000001101000000100011011111101010110001010011111110001001010000100001110001001110100
001001011110111001101101011001110010101100011010001010010010101110000010101110111011001010011100
000010101000100000100000010110101010111011101100101011100010111111110100000001111001000010110111
110101001110011010011100010101111010111110110101111101101100000101000001111010001000000111000101
100001001010010010111011011001111111110001011101100010110110111111001010110010010001011011010111
010111001111100111001110110000101001000101010000001011000001101111100100101101010010010111000010
011101100101010111010111110011100111101100111000011000001010000010111011110001011010001101010100
110101011010010000110010011000110101100111111100010011101100001011110001001000110111110111011100
000011101010000100011101100010001110101100100001000001101001011111100100101000010111000010001100
000011011100001100000010010010000010110110110101011010111100011100101001010011101010101100010110
100110001111011110110111010011011100110111101101110000001000011000111010001010000100000111101111
111101100110110101010100000011111010001000001000110001110010101100000000001111011011000111011110
111001011111110010000001010110111100100101100000011001111101000100101111111001101110011010101101
100000010001010111000111001011101101001001001110011011100010100000101110001101000101010100100001
001000001000111010010110010101100000101010011100010001110110000111011000111101110110010100010011
111100011011110010001000000011010100001110001100001010101010110110011110100110011010100011111100
100010111111101111010101110000001101010011011011110111010111000000001001011101011100110010010001
001111000011001001110101001001000010110110000100011101001000001101110101000110011111000101001100
001111100111111011110101111110111100111111111110011101111000001011101000110111011010011100101010
011000100000011100110010010011011010111111111011000110111001110001111001111010101010011111010101
001110101101100000110000111111001101110100100100110111001010111000010110010000011101111100110011
111110001110111000001101110100101010000110100111001100110011011000110111101011001001100100010000
110110010011110010011011001011101100010100101010000001100101111111101110110110010100001010101101
111011011101000001001001011101001110100100101000010010100001100000011010100011110010110101001100
011001010111001100011100101101000111001001100111101001001001110111100110101001100010011001111101
100100010100010101010101100010111110101001110101100001011011111011110000000011110010111011110111
000010110010001000011101000110101101101000111101111111000110110100111110111100001101100110001111
011110001011000000010101000001101000010100001010000010101010011010111010010001110110010111000111
