101011000111110011110001011010000000000000000101100001100001010001001010000000101001110010011001
000010010011010110010011101011111111111010111011011000001100111001101110110100010111000100010101
010011001010000010010111011110100111101001010101101001110110001001010001100001100010011101010110
000011110010110110011100000000010010101011000010010001111110010111011111010101100011111100010111
111110011111010000001110010011110001000010101001000111110001010011010000000100111101000010000001
110010110111101001001001010001100111000111000101110100000110000111000011001110011011010101011100
000001111001010001011011000101000111010111101010100100101100001010111000100010101010110011001000
001100110000101110100011111011001011011110011101000101000101010110001011100011001011101100100000
110010101100001010000000100100100101011101111101101111100110110101001000001010010111111010111001
101100110100110001101101101000011000011000110100010011011111100100001010011111011010001010100111
101100011100000000100111010011010011101001000101110011001111101111101100100011001101110000001011
010111010011111001111100011110010100001111011010101010011111101001000100011110011011111000101101
111001011110011111101000110010110101001011010101111011001000110110110111011010000000000111010001
010101111110001101110011100010101100110110111111010111101011000001010110000111101101001111110000
110111001111000011011010110001100111110101011011101111100000001100011100010001010011001111101111
110110100101010100000110011110010111011111011110101101010111110101000110110010110001101000011010
001010010010101110110110001010111110011001111011100110100011110110100111010101100110101101100011
000100001001010100100100000010001010111101111101111100000011101101101000110010100110000010010010
000111010000110110100101111111111111100011000001010011101010000111101101110000111010001111011010
010010000001111101101110100001100010111110100100100100011010000110110111011110010101011110000000
001011110010100101001111110010111000111110110111111100001111100011001001010110010000010100110000
010011000100111001110010010100011101010011101110101101011010111000011100010000111100101110001000
111100000101100001101010110011011011111110010101000001000011010000010000101010110111110111000011
001001111110110101010111111010001111111000001100010100010110001110111100000010100111010101101001
111110001101000000001101100010100100001100010110011001011100011100011111000011001110000000111101
111111001010101001000011001110000000101100001001100111010101001111100000011101110001110101110101
001111011110010101010110001111000100010110111100110111101100000011001101000001110111101011100110
000010000110000110001101011110110101101101010101101111101111010111110101110110010111101000000111
000100010011100001000000000000011100001101010001010101110110010000110011110110010000100011111011
101001111001101001100111000100100011011000011111110011111100001000001110111111111111001111000110
100101000000111000010001111111011101001110010001110010100101001001100000111110001110001010101010
010001100011001000000010001011000001111100010111001011101110000101111100110100101011000110011000
001100101110010100001001001101001111110111000111000000101000111011011101001010110011101010010111
111000001001110111000010010100100111111110000000011000001111010110001111001110000001001110010010
000011101110111110011110010100000101110010111101101111001000010101101101000111010110101100110110
010000000011001101110011100001000110110010011111100000010100100110110101011010111011001111010100
110000100101101011001001011000110100001111010000011001001101001010110110111111111001010111010100
100100110010010001111011101100111000101101110001100000111100100100100010000011110011101010101010
111011001000001111100111001001100100010110111110110000111011101101111111100000100011101000101010
000101110001101010010100000111011100100010000110100111011000010110110000010000110101010101000110
110011001111100100100111110000100111101010100100100010111010101110010010001111011111110101100001
011011011110101010101100101101011000111011010010001111000100001010010110111001010110101001001101
110101000010001101100000001110111111111101110110110100101011111011101010110111110010011111111111
000111001110110101101001111101111010100010011001010101000010001101100010010010101011011000011010
000000110011100110101001100101011101011011100000101010000010001111001001011011000101001111010110
001110101101010000000111101111110100111011011010110010010000010011110101110010010011101000011011
000011111111100010100001010100101111001111000001010010000111010010100101010110101010001101000010
101001100000010110001100111101100111101110000101011001011100000010011110100111110110000111010101
011011111110110100111100110100100011011011101110111101001001011010001111001010100000111111011001
101010010101100000111110101110110010100001100100100001110101000101011111100001011010111010011110
110110101010101011001000010000101111110100011101000111011101101000011001011110111011110101110100
000000000100101111111010101111011111010011101101100111100111011100011000111111011101010010110000
001100010110001011010110010001000111110001011000101111011101111011100110010101001111110001111010
110101110011010101001011011000100011000111110110111111011101001111110001000010111110100100010100
010001110111000100011101001101100111110001101111001010011100101101010001100000100011000011011111
101000100010100111100000110001110110100100011111101000010010011100101101010010110011001000101010
011011111010001001011001110100100100111100000100001110000001001111100010111000101010001111111000
001001111111010000000110011000101111001011001110110101111110110001111101101010110110100011110010
110000001111110011010011111011110010011101011100010000001101001000001010001101001111101110000010
010111110011101010101000000010010001010101100110110101010100101010010010100011111011100011010001
110101001101000101011101110101100101010111001101001001010001110101110000010101111001000010001111
101100100111111100010100010000000100111011010000011011011010110100110000001100011000011101011001
100111011000110001000100100100101100000010101000010110101011101000011001011101101001000111011011
011111000111100110111110010111110000101010111101010010110110101111001011011000101101001101111011
110110000111000101011010111111101001000011110110101110001000000110011110011001100000001100010011
000011001100010001110101111011000111101100111101101100010010110000001111001001111100001001100100
000010101100010111011101000110010000000101101100010011100100010010011110111000110110110100011111
000110001100010101111101001001110010101110010000100100010011110110010100011000111100010100110001
011001000100011000011001000010101100111100100100110010100110110000101010110010010100101001001000
001011110110100010111111111110111101010010011000100110011011110011000101010010101101100111111100
101101110110010100010011111110010011011001001111011010111011011011010001100010000010111110101111
101010001010001110001010100000100111100110000100110001010110010111110101100111100111001101011101
001101111011010011000001010001111000010100000000001111100010101010011101011000101001110001011011
000001111110110000001111001100110000010011011110011100110001011101101101000101100000111111100000
011101011101001101100101111100110101000111000100111100101100100110011110001110000110010111101000
101010010001101001001011000111011010100011101111000110100000100110011000000110010110000011001111
010110100101001001111010011010100010100011001001111011001000111001011011111011001011000101010001
100000101111001100100010000100100000000111111010011100001111000010100100110110001101001100010110
101111101000001110001111101101100111101001111110111111001100110111101111011001100101000001111111
101001011110001100011000100110100111000000001010110100000011001001011000010101101101000000111000
001011111001011000101100000001111110100011111011110000101111111001100101111101011111110111010110
000010010001101001100000110001101111111001110001011110111101001111110001111111111100111101101110
000000111010111001000011000000111000010010100010001101011100010111011111111101111100010111011011
101001001101000010110000111111000111101001010110101110011100111001010110111101000111000001100001
110011000101111100000010010001110111011010111010001010010101010000101100011100110111010000100000
111101101010101001111101100000111110011001011011110001010010010000110010011100111010001010001011
000101111110000101011111011111011001101001110111011111100110110011010111001100101101010111110001
100000110001101110001011000010000111000000110110101011110010011100111100101101100101101100101101
101110001100001101101011101111110000000000000011100010101101110100100111011110110100111011111101
100101101101101010100100001111101110011111000101111011110001001110110010111101010101000111101000
001001111010000101101110000001010111101001001110111111000100111110100000110100100101000011010110
101111011011000001100111000001011010100100110111111111111000000101100100110011110001100000010000
011110101110010001011100100110111110000011110001010100100000101111000000100110010001000101000111
101100101111110100001001110100001001111000001101110001011001100111000100100101000000001100111111
000101100100101001001100110011101100010001000011000011101101110001010010011011001101001011110100
010000010011110100011111011001011101110001110010100010010011010000111101011111001011100101100100
111110110000101001101100110101000110011111101010001001001010111101001100100111011000110100000010
001001011100000000100101010000111111110010000011001000010010001111111000001101101110010110001110
101001110001000010011000100111000000000101001101010101110001001111111101001010000110111000101010
000110010000111011111011100001010011011110010000100000011001101101110100110011101001111101011011
000000110101110110111110010010001111110110111100110000000111000110111111110101101111111111110111
110110110010111110110001011011001000010100110011010100101001110111001101000111000011100100101101
001001001111011001011001000011011110011110110010001011110111111100011010000101011100111110010101
010111100010101001010011010111010100110100100101001000000000101100101001001001010100100001011001
100010100110010111101000110111110110110101100011001010001010011000101111101111001110100011100100
111111111111011000010111100001011001001101001001110000111110111011101100110110110010110000100011
111110000010011011011101111010000110100111101111110110011101000110011101000100100111111100001010
000100101101010011110010011101010101101111100101011101000110000011000010000000101000110000000001
111001110000001101100111010101011101110001000001101001001110011001101110011001111100111101000100
110010000000101100010110100001101011011110110101010000111011110110101101001101001110110001100011
001101101111111101111111111010111100110011011111111000010000110001011011100010110010010010011001
001011000111000000011111111101000000001100011110000011001101111110000000011101101110000000101110
011100100000000001010100010000110000010100110011111011101111001011100010011100011011000111100011
011000100100000001000011001001000100111011010111010101110001110111110000100000001101001010000000
101110100110111100101000111100111110100000101001111100001000100011010010001100010011101001001001
000001010011001011100100001100111010101110100110001110101011000111111110100010100010111001011101
010100110001001111110010111010101100010001100100100100101000011100101101000010100010100110001101
111110101010000101100110010000111110100111110101011110000000000101011000100111111000111110000000
111000001011011010111000001100111011001011010011010100111000100101100000100000000101100101000111
011101011011100101111100001110000110001101100101010100111000101010001000101011110011001111001101
000011010110001100111001000010101111110011110011010111010000001100010001100010110001010100001100
000011011101011111101111011101010010001001011101110100101011010100100110100110100000010001111001
000010010001100110010100110000101111110110110101111100111110001001001011110001010101110101001001
111011100110010001000000010111100001111111101010111110011010010101101111100011000110001000110101
011001000101111110011011001001011101110010000001011110101001100010000111001101111011001000100110
010101001110001111011100001011010010110110011110011110100110110101101000011001110100101000101111
010000000011111100000000110011011000110101101110100111101001010100101101110000011101001011011000
000111001100110000100000111110010101110110110000010101101100101011111110010110110000000000110111
111101011110001000001110111101110010011101001011010101001000010111111001111011000101100000100110
101100111100000110111100100001101011100100100000100111110100101000001110111000101100101000000010
011110000000010000110111111111111011011011011000110000011010011000010010111010100011101010011011
110111100101001001000101101111010000001100010101001010010111010111001001010011100011011110111101
100010100000100100111011000110000000000101111001001011000001010001111010111001100111001000101010
110000100100000011100010111010101100001000011100001110011001110000011001001110100101001000011000
010010111000101001100111011000000010000101000011000001000101101011011111101010010001101000000001
011010110011011010101001010000000110100001100111010000011101100011101010000000110000010001000101
110110111101010011000000111111110111001010011001000101011101101010011010110110110101011000010010
111100001101110011010110111110010111111001010101110101011010100111011110001011010000101001001110
010000111100100000010100000101011110010111110110101110001011011011010111110100111111001111011011
110111101010110000011111110111111100110101001011110001000011010011011010000101011101001110000100
000111011110111101001001000101111100000110101101101101011001110101111000000000111100011001010011
111110000111011111000110111110111000111000111110111101101110110110111001101110101110001000010011
011010101001000100100100110001100111011010001000011000000110101101000010000101010000111000101011
011110100001001011111010010110100110001110000101110010011010001000100000000100110100100101000000
110001111011000010000000001001100101100010110000101110111100011111001000011010010010111111110101
011101101101111001011101011110111101111010100001100110101111000011011101000001111001011011101011
001100001101011011011001011111110011100011100100101001100001101100011101000000000011100001010110
000100111101011100110111010001010111011000101001101100000111011100011111001110111000001100001010
001100000000000100011001000100110101101101110110101000110011100001010111000101100011010001101000
010100000000100010001100000000100000011000111000111010000001011011101011111000101101010011000001
010110011111010001001010001011111001011000011000011100000001110010100100100000010001101001111010
010100011100110010001011000110011111011110110101111101011111011110100110001010010011101010110110
111011100101110000101101001001110111001101011111000011000010111110000101110111000101101111101010
110100011100001011010110111101101110110100001010000100011100010111000001010110101000000111101001
111101000010110001110100100100111011010010000100000110111101100111001101011100110011010011010100
101000111010010000110101100111111000011100110011000110001001100101111110110010001011111111100100
010010110101011110100001100000010000001011001101011000011010011000010011101100011011001111101110
111101110001010011011011100110111001100011100111001000000011011001000010000011100101100110100001
110001010111111110000110110101101000010110010000011100100000100101101001001010100011001001000000
100111100000101010101100100101111110001111100101101011100010010011011000000101001001101001101000
101100101000000000110010111010100101011101011010001101001000101111101111000110111100101111101100
111000010100110011111000010100101100100110110100000111110101000010111010101110001010100010001100
011010111000011111111100000000110000100111001111110000010001001000101001010110101111110011101001
001001011100000000110010001101111111001111101100101000010010100010100101111100011000001101000111
010001100011011010011101011111110101101110011010001101011011100110000000100001111011101000110011
100011001001001111000111100000000011101000100100000110100110000011011011110100011000000100110111
000010111101110110011111111111010010100001000111000111110000100010101010011001010101001110100110
111100111011010110011100100101001000111010000111110011011001111001100011011010011010000101110101
010011011000100101110110110011111000011101011101001011101000110100111001110011111100101000010011
101110000000001001000001011111000101101110001010011101011101100000011000100001001001011100110111
111110100111000011100100010001010011110010110110110001001001000101011111001111000101101100111101
011010111011111100011011100000110100000011100011111011111011100011101011001001111100101011011101
000001110000000001011101000000000111100001001100110000001001100011000111010101001011110001011001
010000111011100010000001001010110111000110111010001010111110101111001101010011111111000011100000
101111001101101010001010011111100100111000111100101111000101111001000010000011001010011100110111
100010001000010110110001001100010011111101100011011000001010100010011001000001010100111101111110
010100000101100110100111000110111110001010011000110111011101011001011011001010000101100001101001
100101100000110001010101011111011100010100000100000100000111100001111111001000001111100100010001
100000100011100111100111100001001010001011010001010100100111111100110110101110110001101010110001
011110010100110011000001101001000110011001101001100001110011111010001001111000111110110010100001
011001111110011000111110010011100011010110010010000010111100001011111011110011111001000100110000
100111110001011010111101110101101011100100101011101010001111100100011010110010110100110101110001
011101101010010001110111001101010111011101000100101000001111100100111001010110000001110111111011
100011110000111000000110111010001100101101110011010101100001100011001110100110111101110000001010
110010100000111000100001011001101010100101100111011001110100110001110110011110111010010111001010
111110100011010000010011010010111011100100110010001111101110101001101000110001000011011100110101
111100001011000011011110001001001101100110101100111000101100000101100101011110011111100101110000
111100001111101000100011010011000011000100001100000010100101100000000111101011010001110100110001
000001100110000100011100101101101010001101001110001110110100001111010101100100011111100100100000
011110110101010010110000110011011010000010010100111000111100101000110111001100010100111111001101
001101011101010101111011101001011000010111000111111000000011110111001101111010101010011111100101
010110000010011001111110100110101110010011111101001010001111100000000101000110101011101000001010
001111011011111000100000110000001011001001001101101000011010010001010000101010111000000011111011
101001100010100101011001010010011010110110111000100110010100110000101000101000101100000110111100
101000000111100100110000011101111111000100011101110001000010101001101001110010101101100010100001
100101100101111010100000000001110010000110000101011101011010111000110110100001100000001110000100
111001101101100010111001110011000001100000101001001100011111110011100110110011011110111101010101
001111110000101010110010000000111010101011001101101110001111011011111111000000101101000011010000
011000000111001101100011100010110100000000101100001110101011001000101000111100001101010010001011
101010011001011010111001010111101101010001010011011001111001000111111000100010011000111011110010
110000000100100010110010110101111000011010010010010101110000010110111110101111010111101001111111
110101100100000111000110010001010101111000011110001000010001001111101011011101010000001111011010
101000011000111111111000010001000111011101100001111100010000011111111001000100010010010100010000
100101001000111101101101101000001101101010110100010110100000100101101000111011101010110110001001
101010001101110001000110111111110101011011100110100011111111111000001101000111001010100010011011
111000011011101110010100010110111110000001011100100011101111101101001110111100101010000011000111
000011101100000111111001101101110100010111000110001110001101101101100011000011101010100110110010
111110110111101110001001110000101011111101011101110000001111000011011001000111011010100110110111
100001001011001001010111111000001111111011101101010111001110001111101110110001100001100001000001
111010000111101100111000000011100110000111010011011010110100111000010010010111000001001100000011
110110100111011111001001001101111000100111110001010011110001100000101111110110000101100110000000
011000010101110001111110011001110011100000000100101111001011010100000101100110101001110001100010
010101010011000111111001110110011101000010011011010010010000101100100000001010111111111101110000
100101100011011100000110110101111101001001001011000101110101001100110101011010110001101110100010
110111111000100011011011111001011010101000101000111111111101001101011001100110100111101011111010
101000000011100110110111001111101100100110011101011100011010100000001011101110101111010101011110
011000001101001001000000110001010011110011100111111010111111101010101101110011110101101011001011
100110011101110010001111110010101110000111010010010011100100001000010010001010000000000111000011
101010011000011110011101101011001000010101000010111101001000010001111100011010001001001000011100
111110001000110010001101000011001100100101101110001001111111111100000001110010000100100100110101
000011110101101010111110000001101110110111100101100011011100010010001111100001001011010111000000
011001011001011010000111110000010101100100011010110000001011001111101110010001000011001110010010
001100111001011110001010010110010001110001000000100000110010011111011101000000001110110101101111
110000101001111000000111000111001101010111111100110000010010101100001111000111011100101111001101
010001011001100100010101101100011111010101010010001011110110001101100100011011110000100111010001
011000001010011000010011000011100010011100000101100111111010111100000010111011111000110011010000
000110011010111011111110010110111100101001111011110001000001101010011111001101100101100000001001
111011110011100000111110110101101010100000010100100010011111101100111100111100010111110101101110
010000110001010100110000110111101010010011100001001101001011101010010101101010001110000101010001
101100110101100011110110011001010001100110010110010001111001101011101010010101100101011101111000
011111100001001001001100000100011110001011000000110101000010001001101000110010011000101100111110
100001100111111111101110010111100001011011100010110110110100101101111010011101010101000100101011
011011010010001011111010110011110111010011100010011110100000001110111011101110101010101000100111
010001100100011111101010101100000000110001110000010111001101110100111110010100001100111001001011
101110000111011010010010001000000010111101101111010011001011111011001000110011000010011100001010
101110110000001000011110101010000011101000101111011000101001111101110000111000000101000101100010
101010010100011001000100100110001001010010011001010011110001010010100101100101010100110101011011
101101111100101111110001001111101001000101101001111000000011000011001010000100010000100011111011
001011001000100101111000110110010100101001010000011010101101010111000001000110011110111000010010
000100000101010000011001110011000000101010101000011001001101000000010100111010100011111110000001
110011111000100001010100101100001101101001001101111000000100111101011000111001110011110100111100
110100010111000001110101000100111111011100111011100001111111010110100110010011110100000000111111
000001100010010101100110101010000000101011010000110101100001010100010110011110110010000010101010
111110110101100001111111111001101010101111111010010011100100000010101101001110110101001111010101
010010101001000001000010110111010110101110100011111000110010010111010010010000001101101101011110
010100100101001111011101100111111111001101111110101010100110010000111000000110101100000000011111
110101110100001101000010001100100010111111111000111111011110000101011010100100110001100100011000
100110010001010100111111111000110100100011000111000100010010001110001100011000010000001100010110
101111101111011100110111101010001010001111101110001100100101111000111001101010110001011001101110
101000011111111111111001111001001010110001010010001010001001111011000000001100101011100100011100
000000110100011100000000111001101001110001010101110010011100010001011111110001000100011001010010
000011110011001100101100011001101001000010100001000110100100111100010000001110111101001110101110
010110100100000011100010100110100101000001010001111100100010111000111011100101111010101011010000
110000101011011110000111110011001100101001100100111111000101101111000001001110011110101101111101
111100101110010101110001101000011101110100101011001110100101010110000100110011010011001001101010
110001100000110110010101111111110100100111111011001001111011100011101101110001010111010010101001
010101001111101011000011110010100001101101001000011100001011000011110101011101110111011011000011
111101100011101000011010011111000011111011100000010010110011101011101111101011110010111010100111
101111010010001001010011010011000011101000011100100000010110110110010111000110001111110100111101
001111011010011111010111010100100111110101101011010111101101010011010001111011010010011000111001
011101101111000100101000000000100000110100101110110000111100111010101111010111100010111001001011
001010000100011010110100000110101111010111111100100100110111101100001000000011111110110000000010
100001000011101110011011111111110011101110001000110001111001111110011000010011111100010010111101
110010010100001110010001101000100110100010100001000001001000110100000100010101000111101111101010
110100010110000000011100111111001101110000111100111001111001111100001100001100111100000101101010
110000100001010111011011100110100100001000001100011101011000110111111110110111100100010110101100
011000100110110110101010110010111001010010100110100011100110001011000000000100001011001010111100
011010000110010100011011110110100111010101101000110111001111011001010110000100000110010000111000
011110001011110000011011100010010110101110111010101000111010001101011101001111110000110101001011
011110111001100011111010000000110011101111111100101110001101000011010100101100100001100111001010
011010000000011111101101101000110001101110111010111100000101011011001101100101000110111101111011
110001000100001010000110000011111110000101011110011011001001010010111010000111110001010010001110
011101011010111101010000001101000100101101101101000011100000101111011100110100011111001010101000
011101000011101011010011100010101010111000100001010101101011001100001100100010001100100101101010
110110011110010100111001001100011000101011011110111110111010100010001110111000000011011011011110
101101001000110001001110011000111101110110111101011010001010101110110110100010101111001111000110
111101000101000110111100111101101011101001010101010100110111010111000101110100110010111100100010
100000010011001101001111111110010101111001111001011011000001101010101010001110101101001010101111
000000110000001100001100011110110101110010101111111001110010000000101000111011101110110000100101
010101111111100001101100111011111000010001100011100000111010111110110100100111101111001101000101
011011001001001001010001111110010000111111111100000001010000111000111000011001101110011111110010
001111100001010011001001011001010010000101010101100011111100101011100100111010010011010010100011
111010110111000010111101110011000111011100011000001111111010110001010001101100100100011000010111
000110101110111000111110010011110111010111000101111001001011011111010100011000110010111011110001
010110010100011100111011000110011100000000111010110001101000000111000101111100101111110101111011
101001101111000100000111100100010001001010100100011011000010000011100101010101010110111101110100
010110011111000000010110101111001010101010101000001100010110100101110010000100111011001010111111
000101110011100010110110110110010101011001110100101110010110010101000001110100000100000110001101
111001011100100110110000011010111111100110101101111100110101000100110110100111101011000110110011
001100101000111100010111100111000001101001100101101110111001011001001001100011111000111001011001
000011000000000111101100111011000011001011101110100100100101010111010011111001110100100011110110
010000010000110100101111010001000011111000111001111110110101011001111110000001111110100010000000
001111001110111111100010100101010100100100000100000010011110010110011001000101100001111111111110
001100010101000100011011010110001101101101001111010010000111110111111001101110011010110011101100
100110011110110110110000011111001001000001010111001101100001000010111101111101111001000111101101
110111001101010010010010111110100101110110100100001010011110110010101010011111111010001101111110
001011110111100001110110100101110110110010101111100101011010100100011110000001100011101111100001
001111001101010100000101101000100000011010101100101111010010001000101001010010010100010010010110
100110001011110111001001110000011111001101110110110001000101010000100011101011100010111101100000
100010110001011010001011000111010111011001100100111100111011001111001010100101100101011000011111
111100110001011101001000101000100010000011010010001000000111011101101101010010011000110110010011
001111010011110100011011000110111001100111101011111110011101100110000001111110010000001100000110
110100001001101111011100001011111101101001010100001111001010010101111100101100110110011110011110
001100100000011100011110011110111110001110101001001110000101101001100000000000100110000011000010
111110101100100110000100101110001111000000100111011101011110101101001100101011001001101101101011
111111010110000101101100011101100101011010000010011010001001000000000000101110101010010110100010
110101110011000000100111000010110010111010110001001111101011111000011100010111001111000111100011
110100010101000110010110101101100000110110000000010000111111111010101110101110010010011101101101
101101011010100000100100110101010111111001100110010011010011001100010000110011000000101110011001
100111011001010111000101010100011011001110000110111111000111000111111011001011000110001010000011
101101010000110011000000101101001101001100011101111101000110110010000011000000011010111101011100
011001111111001010010000000100000101111000011001000100011111011101011000010010101000000001110011
110110010000011001001000100011100100111010101010010000101000001010100010011010100011010100000001
001101010101001110011010000001010011001000000101010000100100100010010001100111000100010011000110
001001011110111110111000000010100001100011100001100011011100011110001111101010111101011100110011
000001011111110100001011010100010001010101000111000011111100010101111011010010111000010100100000
010110111011001011000011000011111101000110101100111110000110001000101000101001010011011001010000
011000000011100111100000011110001011011110011111000010000110001110100011111101010110000100000010
110111111000101101101001011010110111011111011111110011001001100000001100011101011100101001011110
111011110111000100110011111100111101011111111000110001011110011101011000000100100111001101111000
110101100010100100100100001000100100101010111010110111001111000100100111100000101111111010101100
110110010111001010101000010011101001101101101100111010000000110001101100110011001111100011011001
000100001001100101010010110001011011111110011110001011101111001101001110010111011000011010001011
100001010100001001011110100011011100010100110100011000110001011001101100111000111000110000001010
000101110100111101001000000110100100000001111100110100001001000011110000101000001110010001100010
010010011100000100110100101101001100010100101001000010100111010111100000101010011001110011011001
110100000010101010000101101100011100011101110010000100010111011000010111000001101010010010000011
100110111001011111010001010001001100001000010110001110110111000001001010110000100110011101001101
001000101100000100101101111001010111101010111000111100011011110011101011100010111111000000000111
010011110011110011011110011110000111100000101011101101111010101000001100110100010000111110001111
110010100001001100100101010000010010000010111101011110111110101110111010101010011001110001010011
000010101011110101101111000100001000110011110010010010100110111101100011101101011101000111101001
001101101101010001011100110001110110001000011110111000110000101110000001101000101111011100000010
001111000110000101110010111010010011110010000110000011111101110100100110100011111101000111000110
010110101111001101010011011110110100111111000110011000101100100111111000010011101010100101001101
000110000010100101001100010111011010010101101011110111001100111100000011000000101000110001100111
001011001011001100100101110001001100101111000000010000110101100100110000000111100000000101101101
011101001001110001100011001011110011111100111111110011100111011000000101111110110101010101001010
010101010110001110100100110001111011110001001001011111101001101010011100110001000101000011101101
111101110011011101101110100111000101000101110111110011100100000010011110010111100110001100010010
001001101001101011110011110110101011101011001010100001000000010001000000100100010001011000111010
001110101100001010101100001110011011101110100110101001111101110001010001101100100011011101010100
101001111011010111111101110101001110010001100011001000000000000010101001110101000011111011100001
111010111111000101010111000001011110100000110001101111001101111110101100000100110010011000011011
011010001011110001000101011111111110011111011100110000110101000111001011100011110000111000100010
010110101010101010001101001010011001110011111111010010000101110000010111100101010110110111011001
101000000000011001100010011111011011000101000111110011101111110001110111011111011010001101100101
110110110110000100110001011110011101111000100111000000111001111000010111011110111110010000010011
111000001110000000111110110101011001001101100011100101000000111110011100110101110101110000001100
110100001000000001100100011101001100101100000001010001111101110101110101010010100010101111010011
111111100011101111100010100000000000011001111101010110110000101010111111100110110001000101001101
111111010111100000011101001110111110010011110110000000111011011101100111100110101110001000001100
111101100011110101110111111100001111001101110010110001100100101101101111001111100010101111010111
010100011110100001111001101101001000000101100001111001100001101001011111000100000001101111101101
011100010010100111111000101101001011111100000000110111001100100010101110001001101010101000001111
100011110010111101011111100011000011001111000100111110011001101010111010100001001111001111101110
100001010011111000101100010010101111101110101000100101011010000011000111010110000011001010001101
100111110111000100101000001010111011100011011100100001011111110010100101010011101010111010110001
001011010111000101110001101111110111001110111001101110001111011000001011100111011000011000100110
110000011110010000111110011000001010111110011010011001100011010001110101100100100100000100011111
111100101000101101010000010001100101011001001000001011100010001011100100110111000110011011010101
010111101101011111111010010000100010011000100101111000010011111101010000100101111001011000011010
111001111001110101111111111001010011110111111110110101001110101011010001111110101000110100010111
000001011010100101000101010001111001010010110000100010001101001011110010010100000111011110100100
000111001101000010010000001001010011001011001000010001101100111101010001000110110001011110110101
101000110101010001101101111011111100000110001101101110010101011101110111011101000000111011010000
100010001101010010110110001011110001001010111000100100001000011101100101101000011111001010101000
111011011011100101100100011110111000101111110010101100010100001010111000100110000010101101111001
110100011001100010111010010110100011111100000110100011001001101001010100000001000000111000011110
000111101101111000100111001010010010010001000110111011001001111111000110111010001111110001110001
100110101101111101111011100100110010011011101011001110100010010100001101010001111100011001011000
001010111010101001110101001111111100010000000001001001110001011110010100110001111110010110101110
101011000101100010111111011001111010110011110010010100010110001111010100010000010101001011101011
101110110011101001011111101011010011111111101101000011010101100111110111000100100110010000111111
001111001110110101110111000101101001010000000110000001101101111011101010011111010001100101100010
100111010001111011110001000000000100010001001101101001011110111011111101110001111100001110110010
011010010001110110100011110111111100100011101101101100010100110000010011111000001101010100010100
100110011001011101111011010110111101011100011111111000111001010011111001110010010101011110111110
010101101000110101101110100001001111011101011111001011001111010101101100100010110101001100011100
101101010101101110010101010000000000101111110101100000011010000111001110000001001001010101101100
111101101010101100100110000100100111011110000010110001101101111110001000000010111111111001100110
001000001011000010011000010001111110111011011111001111100000000000100001000001111000101010011011
011101011100100101001100010011011111010001001000010101101111000111011111101101111101110100111010
100000100011001111000011001010110101111111100010001010111011000101100100001110000100101100011111
001011101111110000001011101110101100111101101100110100000001011011110010111100100011000100110100
000001011001101100010101101111001001010111011001101100000111101011101110111011111110101000101011
000011001101111011001001111000101011100110110101010001101101001000111011010000001010110100001001
111100111111011011000101110100011000000011100011100111101100101000111010000001010001010110101010
111100000101011010001111110000000110110010000001101001001111001010110110001110111001000000010001
101010000000011101000111000011011000000000011101110000010010101010010110100100110110011111101100
011001011010110100100010111001110111000111010000000000111111101100111000111110110001000110001001
110100010011000100001001100111110110000011110010001101111111111001011100100011001111110110001010
101110110110100110111100001100000000010010010110000001100011001000101110101001111000101010111000
011001010111011001101011000100011000010111000101110101100110011100101010001010010010010111001001
111100111001100100111110001110000010100000001111001011100111101110100101100110110010101110010101
101111011111010001101001110100111010011100010001010110011101001100010111101000010100010001110011
110011110101110101000000111011111010000011111110111100001110110111111101011010101011100010011011
000101101101000101010010101000101100101011111110110000001011100101010001000010101101111110111110
001111010100101010010100010001001111000000101001111101111000111110000110100010110101000110001010
100110011001111010011011000001001100011101000011111000111111011011111100101010011100110110010111
100011000000100010011100001100000000000101011110001100111100111010110000011101100000010011101101
010110010001110001101001000010011000110111011010101001111010011001101001010111011110110100111110
001001011101011101011011111100000000001101011110110011100110011010111010010100110011101000100100
010001110101000010101011111100001000101101000101110110001001100101101000111111010100111011011011
111010110010011011111101000100110000010111001111101110110001001101010111011000111011100101110000
000100100001101111110111100111000101000010001101010010110001110011011110001000100111010100000111
100000110111010100110111101101000101000000000100101101101000011101100010111000110001000101100001
010000110100110001000000100011111101111100110111110110111100111111011011011101000111101100110000
010000001010001010010000100111100111010101001110100011111010100100010100001011111011000000100011
111010101111010000010001101100001110001100011101101100101000100001000010111000111101010010011001
100111010100110111011000000110001010001011011110000000001111010001000000111010101111111000111100
000000100010101001000100001011101110011001000111111011100000101110101000001100100011100010101010
011101000110001101000001100110010000110000110100011101011010000101000110011100101000101110011110
000011110111000001011110100011110101101100010001001001011111010110010000000111101100000010011000
111101111011101001100111000101010010100011111001011100111101011101010101101100010011101111110001
110000111110100011000010101000001011100111110100111001011000001111011001000010101101111001011110
110001111111000101101001010011011110001110101100100111111001011010100111101011011100110110011110
001110101111100001000100000111100000011000001100100001100100010001010011001111010110101110011010
000011001000011001111110100111011000011111101111010010011000010000111110000110110010111101010111
011000111100101100001000011001101101110110100001000101110001111001100011111110111111111101011101
001101110001001001110101000100001100010010101010010010110001101001100101101100001101010111101001
011000110011101000110000100111110100100011000001100001000101101101100111011000000110010101001001
001000001001101010101010100011001110101000011100010110010100101001001100100110000001111011100000
111111101001111111111101100011111011110010110000101100101010010000101010011100001001101101111010
010001100101001000100101011001010011000001011101100010000001001110001001101100011000011111010100
100001011011110010010100101000101101000010110011100010011010111101101011011000100110011001100011
100111110100110110101110111000100011111111001100001000001010011011010001100100110111001100000000
101011111010011111010011011100001101010100000111001101100000010000001110001010000110101001111010
001111100111111110001001100001110001000001001110011111100011110001101110011111101011000111100111
000100101111111001001110000101101010000111011001010101101111111001000010110110011110111000010010
001110101100010011011111101000000011100110111000011001010000110101001001011001110011001011100101
110000011111111110010001011001010111100000011001011000111010111011111100101100110110011011100101
011100001010011000001111010001100010001001000011101110110101100101011110010011001000011100110111
011101111101010100001001011100110100111111101001001000011111100110110000101110110010010011111001
110110111010000000010110100100010011000001011110010001110101100110110100001000101111000101111100
111110001101001011011100101110101000101000100011111100111011010111001011101100100111001010011100
110001001011110110100010001010100010101101011000111001111011011000011011010010111010010101001110
101110001111101010111010101111000000100101101111001001100111110101001100111111001100101001000001
111111000110001101100101101101111100010100001110001000000110101111110100001111001010110111101100
110101101100000001100010000000110101100100100101001110101100000010000101100111100001010100111010
111001111110100000110010000111110000101010110010011000110000111100101111001001100010100010111110
100011110111110110010000011011111001101001000100010000100111110000101000001010100110101000100010
001000011010110001001000101011011001001001010100111011000110000111011111111000111011100111101011
110110100101100111010101011100101000100111111010111010000101011000101010101110101000110101011011
001001000001010101110111111001100000111101000111000110001110110001100010100000101010111101111010
111111111001000100100100100000010001011011100000111101000001011010111010011100001010101110010001
111101110110111101101110110001000011110101101111111011010000101101001101101001011111101000100000
100010111101111010000101100111100011000100001010010100110101000000011111100001010110110010001110
110010000000001000110000111000111011010110011000010010010101000001001010001110000000011111000101
111000100111010001110100001110110110000110001101010111001100010010010111000000001010000101001010
010001001011100101011110010011001101001011110111101000010001001110101111110001010001011011111011
110011011011101110111010010010000010000011000010001110011100111010010011111111010010111000100101
001010010000111111101000010111101010101111111101001001000000111100110111110011010010100110100011
111010111100011110000111101010000100011101001100000110111010110010010110001101111000011110101110
111010001001001111100110110010010010010110010011100000110000100010011101010000101100000011111011
110011001011000010110010000011111000111001111000111000001110011001100100111100011101111100011000
111111101001000000100111010001101100110000011001111111011011011000001001001110101111111111100011
000101100011000101011100000010101001001000011111111010010110111000100101111000100011111111100100
010010011101011001011100011011000110010001111000011000000010001010010111010100001010110111001100
010100100111100000000011000011110100010101001101001000011110101110011101110000111100101001010001
000101110000011011010111001100111110000100000000010100001001101011010011111110101101011101100100
000101000001011100011100110011111100110011010001100001001010010000110100000111111000111101000110
101111011110000011110000100011011110111110010111001011000110100111100111001010100101010110000111
000001000000010000100110001000100100111100011110110111001001101011000000101011010100111110110001
111111011011000100101111010001011000100111100011111111001000111100010001010000001110101110100110
110110011010100010111011011100010111001011101011110111110110101101000001101011111101100001111110
011101001101100011111111101010101011010011100100111001010110000100111111101000101111101111011111
110111111000110101111000000101100011011100101101101100001110001100011011001111101011011010110001
101110100001111100111110011110110101011001001100001100101001100100010000011010001101100000010011
000001000110010000100000010010001110011011110010100011011011000110110101100100000110011111001101
110010011111100001010000001100110010110101001111110010000110000101101100111010001110001100010101
101111001000111000101010001010001011010010001011101100101101101110100000101011010011010011111111
101101000110011001111101010100010001111011000001111011110001100010111001111100011011101101010010
100100101001011111010001010100100011111100001111111101110110011111000010101101110000100010110101
101111010000111111011110100000101110000111111110000011010010111000101000011011110101111010010110
011010111100110101100101101010111111000110100111011011000000001110010100110110101011111010010010
000010010011101011011000000000100000011010101101111111101010001111101100001100011101011001010100
001000111111010011010110110111110001110010000110101100010110101010111000100110000001000100100010
001001010010011111100100100111011100110111110101100000000010011010000111101011100010111100010011
011011010001001000000001101010001011101001111101100011010111111011000100011100001101010000001011
101010110010011111110010011111110100000000110111011111110001001000000100011110010010001110010001
011101001110001111011100111001010010000111111001100011111010000110111111011001011001000001011000
100010001100000101101111110010100111111110111011010101001101011011110110000010010100110100111101
011000100101111001010100000011001010001011110011011110011001110111001110010001100001000001010110
001010111000010110110010000010101100011110111100001101001011111111101011110110101110101011111111
000010110111001110010011101001110100001101101111101000001010001100001111111010010110101111001010
110110000010110011100011111011110010001110111011011011011000101000010010000111010000001010010000
100111010001100100101001101011000100011010000000011011101101001001001010001101100000100101110010
010100110100110110011010111011011110111000100011011111110101000001000110011110101000100011001111
110011111100101010010100100101110100000100101101100100001100101101001010110101110110110011001011
000100010100110111001111010001010110011010100110100010000010110100010000101011001100001110001100
111110110001011011001100100111110101011000011100011000011000111110001111101000010011010011110000
110101001111000110010110010011100100100010100001000101100001100000110011110001001101100010100111
011101111100001101101011100100101001011011110011111001111100010111011110000010000101110100000001
001111110101000011110010000011110100010011000010110100010011110100011010000101010010010110010010
001111101110111001111000001101111111111011101111110000101111010100101010011010111010000110011001
011001011110011000101011001110011101011100110110111111100110101011001010100001111000101110100001
110110110010101101011100111101001111001011000100010010011110001000111010100110011110101100000010
101000010011101001110100110101100111101011110101100001011111000000000111011100111100010011111000
000011110001000100000000111000001110010010000101000111100000010111110011010001011010010100110000
111010010000010010111101111011010110000101100100101010010000110110101001101011101010000010011011
110011010001001011101110000000101011000000000101101011001110110110000111011110100010100010011101
001110011000000000110001011111010010101110000101001101111010011110100000100101011011111111101111
101111100100110110101110101010100011010011101101010001101110110001011101010010101101011011011101
010101110010100011011101000000111100111100111101111010011010101001101001010000111100001110110111
101110010010010111111110011000010011100100110100111001100111000111111100101101110000001000000011
011011010000100001011101111110000000100000001100110001010110010001010110010110110010101111111110
100100000100100111011011000001110011100100000101100100111111100110011110101010010101010011100001
000000101000100000010100001000001110111110011111001000001111011010100011101000101000010010001111
110101100110110001001111101000101001101101110110111011001101101001101000101000100000111100100000
110110011101011010011101101011000010001000100001100010110000101110101011000001001111110110000000
110010001001110100101010011110010001110100001110101100100000100110100110011010100100110100111110
110010101011111111110001000111110000101011100111101011110101011000101000111100011011100001100101
010111010111111000101110011000000101101011001100110110001110100111111011011010001111011100110010
000101000111100110111101111011111101010100111110001110100110101110111010110001100000000000000101
111101000110101000011111011000100011111110011101001011000110010101100000011000010001000100111100
110110100010100001001000000101011001000000110101011001000100100010110001011100100101111101000100
010001011001111111010011000011010111000011100101010100010110000000000111110101000011101010110010
100111101011001010011010100101000100011110101000110111101101100111000110001001110000110101110000
011000101001011001111010110001100010110111000000100001101110100001100001011001010111001100110100
001111110101010000000001010111100011011100100110010101110010111010101011101001110010100000110011
110001100000100001010011011111101100110001101011111011010110110110100111110000000110000000000100
000010111000001100110111001111000000101111001001011001000101001111010100001000000111001101100010
010001111011110000111111101010000001000011000011001111001001001111010100110000100111000111100100
001111001011010100010001010010100001100110111110010011011011000011100101011101001001100011101110
010110001100100001000101000100110001110011101010101100000101010000100111101001101111010110011011
010011001000001000000111000001110101000001100100010110100011001001111000111101001100101101000000
101101001001110101110110011100011101010111101101000000100101111011111010000001100000100111000100
000100111101011000111100101011110110010101010100110101000110010001000011010001100010101111110101
001010110011011001101111101001101111101000000101101101110000110011010000000001001010101000010010
101100001110101000010000010100000001111010011000100011100100001110011001001110011001011000111011
001001010101001101000011111001010011100011100011110001101000101110011000001110001000100110001101
101111001010100100110101010000011111110101000110011111011011111010111010101100010000110010010110
010100011000011101101010110100000000111110111001111110100111001111001000101011001111010011110101
010110111010000110010111110000110110111000110000010011101110100100110101101101111101010110110000
000100000101100010001111101101000000110100001100101100000001010011001001011110111100000101100010
000110111010100000010000110001011111101110001011101010111000011011111110101110011001101011100000
010001000100111111101101101001011111000000111011011101110000000001001111001100100001000110100001
101011011001000111011100011010110110001011001000111011111010111000001011001111111101111111111111
010010111100111111100111101010100001101001001111000011101001001101001110011100110101000001101110
101011010110000011110111010001000011100110001101010001110111111001011010000010011011001000101110
100101100101110110001101110000001011101110011110011101111010110001011100100110101111000111110011
010011000000111111001000111100110000000100101001101100110100111010010101101110110001010001111100
011111110100010000111101101111010000011110111001111000101000000111000111110100111101110111101011
011011111110101011101101011010001111111010101011111001111111011111001000001011000101101000110010
000100100011111010001100101101000101001010101110110000100000110101111011100000100100111001010101
011111010100011011100101001111011101101011000110000000110011111011111110101101001010100101011011
010011000001000100010101110000010010000000000000101001101100111001101000110101000010000100110010
101101010110000100111101000111001101101011000111001010011101011111101010111100001001110111111100
011100000110011111010111110101100110001000001010000100100011001101110111011111001110111010010001
111111101100110111100000000100100011000010011011101010100000000001110011001110011010000100010111
001000011100100010000101001110001111000011010001100011100100101011011001101111100101110110001000
111101010001001011000101101000000110101000100010010001110100110010010011100100100110011011110010
110110010101101111100111111010101001001100111100100000101100011001111110010100111001011111001011
010111111011000100011111100011111001110111100111000011101101011100101111100000101101100110010010
000111100110000111101100010000010101101010000011100010010111001011001000110000011101000100001110
111100000100011111000010001111010010110000110101100001101110111100010010001111000010000001011001
110101111101110011101000100000110110000111100101101000010001110010011011010000111001111000001101
000001010001110001011111100001010101101000000110100010100011100001111001001101101011110000001101
000001100001110000010111001000110001101001011111111000010000101000001000010110001110110101010001
111110010011011000001101111101110100001101101111011001111001010001100000110010011000011010000100
100000110101110101010000111111111110110001111110111001111111110010100111011011110111110111001101
001001000100100011100101100011100010101011011001010000000110011010001010101010111110101110000101
001101010101101100100100111110011111011101100001000000101101000011011000110111111011000001110111
100100001000101100110111101000101010100001000000100100001001011111100001101001001001101000111100
011111011000011000010000110111110011001001111110000110111001011110111110001110101010011100101010
011001011111010101000101000000100111101110101010001011000011100001110000100110011110001010011010
001100100101101011101010111011100001110001011110101101101001101001000001111001100001010111111001
010000001011000000011110000110110111000101011110101100101000010101000010111010001111011000100010
000011011110000010111100010011101011000001010100010110010011001001010010100111101110110010010010
110001011111000010000110100000001111111000111010011101001000011011111110011111100001011011010001
101110001000001001011101111101101001111011001011011101110011011011110001101101011001111011110011
100011110101011100111101100111000110101011111001011001011001101001111000011111110110101111000001
010110101100011111010011101111101110111101100011010101000001000110100101111110111010011100010010
010110111011001001010000111001011000010001000001110000100011011101011100001011111110011010100000
101101100010010100010100110110000010011010110011010101101111000001100010010101011010001100110010
000100011100001101010100000001010000111001101110010100011011000010110110001011110101000111011010
101010100110010010110101100101100101101110100001000000011101110111001101011101010100100111010101
011111010001010000110010010101100110111100110110010101111010010001010001100101110000001011000100
011110001100100000111100000101100110101011100001100010110010110110010100101011000000100011011100
001010010010000101101000001110011011100111111010111100000110001110010100100110000100101100001111
110010110100001011111100110100111001101111110101110110111000111100101101101101101011110110110000
110110100110001100100110101100011100110110110111101100100111111111101101011110000100011010000000
110000000000000000010111110111100110111000100010111000011001111100001000100111000111011001011100
001100010111100100100001101111000101101010101001010101011000010010110111100101101000011010100100
101101100001000101100111010111001100100001101010000101111100111011101010111101110111100101101001
101010000000010001011100101001111010100010110101011100110110010101010010011101011000010010001011
001000010000011111000010100101111110010111010111001001010111100011010110001010001111010010111011
100000000101010011101100101101010100101100011111000111100011011101011100101010110000000000101101
010111101000111010010001010000010100011111100010100101111000001111110111110011100100110110000111
100111110001010111001100001111110111011010100001111001010000100100010000100010000111011111001001
010001011010001010101000101000100001000110000000101110000001011011100100101110110000101111111011
110110110101101110110100000001001100111001110100011001010111010100011101100101101010111110010101
110001100010000010000110010101111111000011110111101101101100111000011010101100101110111001101101
001011110001010001100010110010010000101110110111001001101100011101100000110010111101000010100101
001100101011010000101010111000001100011011000101001100010001110010000101011010011000110100010000
000010011011010100001010000111001001010010111111100000010000001110111100000001110110010000001101
110100010001000100011110101011110100000011111101010111111010101100101100010010001100101000010100
011010011101110110111001100101000110000000110110010110111011010111000100101000110010001011100101
010000101110110011010100000111010110111100101111100101011011100010110110000100011001011111111001
