011011101101101011100100011100101000110000101100011110001001011001001000011110110001001010011010
100011011100101100010011101010100010000001101010000100100001001000110000110011100100010001010010
100101001000111101001000001101000010100111001010001101100100010000011110100111101110111010111110
110111111010111110101110010000101100000111111001111010001101001101110111110011110001000110110010
000011101010101011011011000001010011101100101100010111011100110111010100010000110110101010000011
100101100101110111011011100100111010101011010101111011110100000110101111101101111111110110101011
100001100101011010100111110001100001101000011000100000010000111011000010011001110110100101100001
011111001101100000011101011011010110000111111010001011101111000001011110100100011111001010101011
000100111101100111001101101111111101001011010100001011101010010010101110010001111011111101110011
110100001100000000111000110011111001111011000011111001000111110000001111010100101000001111011111
001100111101110010001100001001010001100001001001001101011001000011000011100010111100011001000010
000000110011001110011100010001111111110100111110111110010101011111101010110000001101010010100000
101001111110011000010011101101110001101111111111000101011111010111011110001011010011011101100101
111111111010001000110110101001100111001111001110100000110011001010010011001111111000010100110110
001001001101000110011111101001100111011000110010001000110100101100001111110010111110011011001111
010101011110011010101111100010010010101110000001000111011111000100000110110010110010100111010010
011000110110101101110001011001011101111101101010001101000110111011001110111001011001100110110100
000111100001111111000011101111111101101100011111000001011001100111010110011100000110010110101011
010110011110110001011001111100101101000101011110111000001010000010010100000001101101100100111001
100111001101000100101101000100001010110100000001111101000100000011100101011001101100110111001110
010001010010101011010000011001001011000100010011111111110001000011011111100001100101000011001100
110110010011101101001010101011111101011110000100101010100000101010101111100011010010010100011001
010111111110010111101010010110011001101000110000101100001110110110011011100001011111100010111001
100100010001010011000010000100011010001010111000111100110000010111000011101100000011101011100100
111110100111010011100110101111001000000011111011011001110101101000101111110111110100110101001010
111010010011001010010011011010010001101111110111100110101100011101000000100010101100011000010101
011010101111011001011100111011011000011100101111011010010001000010101110010100001100100101001111
001101110010100111101101011111000110111010011011011011001010010110010111100010111001000011010001
011011010000101101110110101111000010110011010101001000011000111110110110011000011001000001111100
000001110010010001011110100011000101000110101001110101101101001011010011010110100111111001001100
001110110100000100101101111110010001000100111110110011111011000101111101011101100110111011010000
000100111101010100000001101001010000101011110001100100100111000011010011110100100101010111101010
011101110001000101000000100011000011010010000101010000000101000011110100110101101100001101101001
010000111101111011111100110010111111011111001010011000110110101111110001111010000010001111011110
011011101101100100101110100101110101001111000011000000100011111111110010010010111001110110100011
100101110111010011110010110111110011110000100100110000011000000011100111101010101011011110010110
001010011101001101010000010000011001101111010111110110110001101010100011111101010010001010010010
001000011100111110111111101001001100110001101100100011100000001000110001000101010100010001010010
100000000110011000111101000110010100101110011111011011000011010010001111100011111101110101010110
100100011101011111110011110001001011111010110110010000010011110000101110010100010000100110110111
010111000011001011101101111000010110110100111111011100010011110101010011011101000010000010111010
000111000100010110101111111110011101000101101000101010011010110101010010010111100011000101010111
100111011001110110101011100010011000111010100010111010010111000000000110011110011101110000111110
111001110000110111011001001010100001111011101111111011000011001011111011101001111110101101110101
111000100010101100001111110111100111011010110101011101101111001010111011100111100111001101110001
010100001011101111111010001011000111111101001101001001111011110010101100111010100111011000010101
000010101001001111101101000001101110110100000100000001010011110110011010000010011100101101101110
101001111010000110010000100101110111011111111001101110111011010110001001101001110011011110110100
001000011110001101010001100100111010010010000101011010000001011001100110100010111100111111000110
111111101100111110110011000100000001010011110000110110101110110001111000001010100111010000011101
101011100111111010010101010011101011100110011010110100111110000101110110001010000100011111010111
000100111101101101011010100000110111101111110011000111110110001111101001000111111100011001001110
010010101111001101000111000100101101111001111101100011011001010000001101100111101111001010011111
111101101101010101111010011011111111011001100101001010100100100001111001011000000001111100110100
111000110111101011010010010101011100111100111000110101101111011110111111110100100100010001011110
100111110111111111011011001101010010000000110100111110001111100111001111001111110101101101011001
011001010101010011010100000110000100100101010000011001001011100000011011000001100100100110001000
100100001110101000000100011101111111000000101111101111011100000000001010101000111110011111100011
110110101001011110110000110010101010110100101101010010111110111110011001011000000011010100101100
101111111011011010001011010000100111110000000000100011010111100001001100000011001010110101111000
010011101100010100111000111010101100101001110011000111101010110000011001000001000100001000100001
101100110111100100000111010110100110001010001110010010101001011000010101011101001110001001110010
001001011101110110001110010101111110100111000010101101101111111010111101001011110111100101111101
011011100011110000011111001101011010010000110010110111011011000010011111000000110010010111000001
010010101101011101111001011001000001001011000101101001000101111000000111001110111100000010111100
000110111010000100000010110000100011100011001011011101110100010101001101000110010001001000011100
101110001010011101111111111110001111011010010101100010011001011110100101101011111110011100010110
010111100100111010000100001010001110111011011100001011001111011100111111111010110100110110000111
011100111110001101001100110011000011111100010000110110001000101101101001101010010101011110110110
010110000101111101100111110010101111100110001111000100110101110000001011001000110011011100000001
000100010100000011011111000001001001000110111100110001100111000111010010100100100101100111011001
001010000100010101100010101001111101111111010111000100000101000100010011111010011110010101110100
110100101111011110001100000100110100111001100001101001110010111010001011110100111110111010101001
110111110110101110011011101100011011100101101100110000111111110000000001011010101000111111101001
101000010100101000110111111111100011100101000001111010111100100000001111010111000010101011011001
100111100110000010001001001101110111011000111010100110001111101010001100000001001001000111010001
011001101110000001011010101111001010010111000001111110011110010100001101100110110001011000101100
010110000110100101010100011111001010001100000110011111110000000010000000111111100110001010000000
111000110100010101100110010111011001111101100011111111101001110100111011001111001111100011101001
000001111000011111100010111011100000001111010001010010101100001001101010100000000011100010110111
010111010111001101100111100010000110111001101111111000001110111010101110001100110111100010001100
100110010100000010011100110010000101000100101100111110001111101010000011000110101000010010100110
111110111101011010101110110010011000011100111010000110100110010111110011111000110101111100001111
111110011110000111000101111011100101101100100001010000101111101100001010010110111100100111100110
111010111101111011100001101110101011011011010101111111110110000101000010100111011001101100000001
000101010101000110110110111110111010101100110010011110111111111101101010010111111111110010001001
100111011100001111001100010001010101011010001010011110010110111000101111100011101010111100111101
001111011110010111011101100111011111000100010111111100010010111110001000101010000100101110000010
111111101111100001010001001000100110111111011100111110011101011100011000010111101110100011110001
000110101011111111101100010111010011001001011110110110011110110101100110000001111111100100000011
000011011110010001100110001111111100110000010000110111001111101101010000000000100011100010110101
100001101110100110001110001011001010101100010001000100111100011101010100101010100110101111101011
001011110101010100110000111001001111110100000100000110011100010101001001101101011100010010100110
110111110110010001101000011111001001000110101101100100110100110100010011000101000000001111010111
100001100000000000101001110111110001101101111000101110010001000101110000001000101100110010100001
010011111110111011110000111111010000100010111101001111001111010111010000111110000010101100000000
000100111001100010011111010100111100001010100100111001111011100010110000010011010111000011110010
010101011110101110000000100001010101101111001000100110010100010010111110100001111010100011110001
001000110011100101001101110111010100001111001010000011110110101000100000110001011010000001010010
110011110000100100010000000111000101000011011110111011111111110111101111001100100011110011001000
010010100101100001011011011111110010101010111100111100100110000111000111001100001011110101000101
100101100010110001000101111001101001010101101011100110110110111001010000110100011101110010001000
000011100101101001110011010110011001000111101101110111100101101100010000110110101101111000011000
001010010101110100010010111110111110010001101101001001010100001111000100010110011110100101100111
001001110011111111101111000010000000101010101011100001011101101111111000010101001010011010111011
010110001000100011101000011000000000101000010101001001100111101011001001011110010111111011101100
001110110000101110111000001100111011111000011001110011000100011111001001111010110011110001001001
101110101011011110100010100100010011001111011011000000011100100001000100001111010010000000100000
100111010001010001000010000111100011100000101100100110011010111110110110100100111010011110110101
010001111011010011100001000010101101011000111000110110010011100110011000110111010100110110001000
111111101011111000100000110000111010110110010100000110011001010100011010011110110111010001010110
011010110001100010101111010001111111011001110000110111100101100101101001110110111100110110110000
110100111111010110101000101100100111100010010100011000001110011011110100010100001101100101101101
110101000110001101010110011111110000010110110001011101101111101010001011001001100001011110110010
110010110001000111101111010111110111000110011111010000001100110010110010010111111101001010011010
010011111010100011011110111011000000100010111110110000111100010011110111111011100000101010101111
101001001000000010001010001101110111101111100010010010101011000001101100011110010100111110100010
000100011001010100111000111011101000111000100100100011000101100001111010111011001000000001111110
000100010100111101100110101011000001001010111011110100101000100111111010010000111111011000110011
010011011110011111000010100000111000011101000100110010010110111001100100101010111001101111000110
001110101001110110110001011100000110010010011001010010011000001101101010111010000100011110110111
011110011111111111111110011011001001111011111101100111001000011100010111000110011110111011110110
010110010111001100000010110001011101000101111010011110000001111110110001101101101010011111111000
101011111000001111111111000100110111111111001100110011100101001001001101100100011110000100011101
010100110100000001000111110111010100101010001111000001000101011011101110100111011111101010110110
111001110010010101011100100101010010110011100011010000010110000111100001000110001010100001000111
010100110110010010101110111111110001111110100011100001111110011101101110000000000010011010100001
000110111001001110001001001011111111001001101011011111010001110101000001000000111010001011011010
011100011011010011010010000011101010000110010111011111111011001011011110101101101110111011010111
111110111111011000110101111010100001101110001111010001100101110101011001101110001010010001101110
010111111110100101111011101100111111011110100110011011110111111001011000000111100011110101011011
010101100101010011011000101000011110001101100100001001001001010111011000100101101111001010011001
001111110100001000000100110110001001100101111011001010011011011011110100000101010000011101111101
000010100011011011010100100010101001111010100010100011110110110110101000011000001101011100101110
000111100110011101010100001001100011110100000101010110001101010010001110000011100000110101001100
001001100100011111100001010111000100110110100110000111100110101100001011001000101010100010100011
110010010111111111011110001111101000100100001110100100110110000100110110111110101100100110100110
110000100000001010100011111110010000000111100000000100111110011001100101010100001111001010100110
000001001011100110011010010110011111111010010100010110111011000001110111001110010010100010111110
110000100100011010000100000011111000110001001011110111000100000100001010111100100000101101111011
011101111110010110110010110010001100000111110011111101000100101011110101001000100000111101100000
001000110001111101101100101111100111110001011010000111001100001101111011100100000111110001011000
011000110100100100001011011000110110111100100101101000011001110111010000010100101100111111011011
101100110001101000010111100101011101010010110011111100111100101100111100100010010100110101101101
001100001111011110110001111010111101111000000100110101000100011000110000011101100011011011011101
101001101001001001111111001001001110110011000111000001100000101110011011110000110111100010001111
001001010111101101111110110010000100011100110100011011000011001100001011110111000010010100111001
010011000010111100010001111111100011111100011101111011110111101000010001100111010111000101110101
101001101110111011110101010010001101101011101110010000110000111010000101011001000000010010111110
011100000001001100010010010000111101101110010010000010010010101010000010110111110110100011100001
101000011010110000011001101111000010111100011111110110001110101100000110010110100100000000110101
001011110000111110000010100111001110000010001111110110101101010111110111010111110010111101101000
000110010101000100110001101001100100101010001101100111110011000000101001100000111111101001100011
010000100010000110001000111000110000000110001010110101111110011000001001110001010101001011011110
001101001001111100110111000110100011111111010101001000001111101011110001000011100010011000100101
110000111100110000000011110101011001111010111111100101001110010101101111110001111010001100000010
111000000000010111000111100101111110010010100011000110111100001101101100101100110110000111011111
110001011001111101100000001101010011011000000011100000001101110101100000101111010010110001100111
111011000000110000011001100000111101111000100111001010100110000111101100101101100000111011100011
001000111000010001110011001110101011100011000010011101011110110010111110001100110000011101001000
111101001101010110111111111101100110111100010000000101110100000100101111010111110101010101011010
111011011000000010101011100100010010001100100011011011000111100101011010111110111101011001110011
100010010001000010001001101001010000101001011000111011000110101110011110101111110011100101010100
110100001011010111100000010111011000001011010110111100000110100000001100100110100001100000111001
010000101010000011110010011110011110100101011001010101110011010101100000010000101110110000001100
010110001011011001110010011000110101111100001100111101110101001000010101110011001111001010011010
001001010110011111010110101100000010000000001000011101101100000001000101000111111100010011000000
000001010100010000110011011100010110010101001010000001011011000011111010110101100001101101111011
011111101011001100011001101110011001101010101010001011001100001010100000101111000111011001011111
000000100110111000101000111010000110111110001100000011101110011111011010011010100101010010010000
101100100111110011011000101110001101001100110100001010110111101110011110111000001001001111010101
110011111100001001011001010101101010001110110111000011111110101100000100110100111010000101111111
011011010111100001110100001000011000101100100101010100010001001010000010101101100110100100110011
100001001111100001111100010111110010111100100101101001110010100010000011110001000111010101011001
011101111000011111010111000100010001100001101011110100100101101001110110101011010001100100001101
100010101100111110010101010100101001010011100001011111101100101010111000110110100000010111111010
010100010000010010001101011110101100000110000010011100001010110110010110111110000010111100011110
101011111000100001000011100001110101001111110001000011011010110101000010000101000011101110011001
010000000010000011000100110000010101001111010011111000000001001001010010111010011010110110011101
011110110100100000101100110010011010001011001110111010010110000100110011100010100011010111111111
101110111011011011011111000000110000011110001011101010101100100000110110011101011110111101001100
011000101000101011000000111100111010101100001100110001101101101010100101111011010000010001111101
110111101101010011000010101011101010100100000001001001011010110011001101111000010111100010100001
000001000001111101111101001000100010100001101110010011101011111001001100001011110110110010011101
110111100111111000100000110100010000100001101101001110100110111100111010110110011100111100010000
111101000000001101110010011001111100101100010001001011001010010110111000111111100001110000101100
111010010110011010011001011010011011111011000100001100111110011101110001110110110011000010010000
001001011001000010000110111000111011010100000100010001010000011000010111100011011001101110110111
101100001010000101110110011111011110001100000110101111110000011011110000100010111010000011100101
010101000100010000010101011001011100010011110000000000011111111011100111010110001100100100010110
101110111111111111000001100000100110110000100001011011000010001101101100101000010101010000100001
100101010011110010011001001010111001001101101111101101010101101110111100000000100010000010010101
111101010011011111001111011101101010111111101110110010000101010101000000010000000000100010011100
000100010000101011000001001111011011010000010101000101011001101000010000000010100000011001100010
000100101101010100010101110110001100100100110110011101110000101010001100100110100111000001010111
110000101111101001111101001111011010100111000011111001100000000010101101101111001100001011101000
011011001101011010111110110010111010011000001111001001101100011001110110100100000111111010100000
101010100001011111001101100101011001010111101000010010000110011000101110111100101010100000101111
000010110010001011000111101101110111110111101010001110010100000001100011100111101000100011111100
101110101000100110000100000101011000111111010111111100111000011010010010010100111011101100100000
011110111111010100010111100010101000010010111001110010100011011010100000010101010011000110110011
000110110011101000111100100101010010010101011001110110001010111010111110000111111111010111100001
010001101100001101111000000001001001110111011011100111000110100001100001011110010001110000011010
011001001010100111110100110101011000011011001100100000001001011111000101100001000111010100111101
110101101011011110010100110010100101101010000000010000101010101000011011101100010000010010111000
000000000001101011110011111000011100001001111101011110001001100011001010111011011100010010000111
000101100011011100111000010001010101101100111011000010001000010101101010000011111101011000000001
010100110011111101011111000010101000101111001001011011111100010100100100001111000011000011011101
100000010011110110101101001101000110100101100101000100101100011011001010010100110101111001001001
100000111110101100101000011011100111100001101010011001001111111101000011000000111001111011000010
110111010010000101001001010111011100100111110100000100000001010011111001100110011000110111101100
001101110100011010000001111011101010111001111000010000110010110100000001100100001010100011100010
100011110000000101001100010110100101100110101110100110001111100010011000001010111100001110000011
101110100101000001110010000001011010110010100100001101110001101011111000111111111000010010100101
101101110000010011000010011011000000011111101011101011110100000001100110110111101100101100001101
111101011111001001001010100100011110111110100100010001111110111011110001101011010101001001101111
000011010101101001111001001111101001010000011111000111001000000100100001101000011001111011100111
000010101111000001101110101100000011010110001100010101010101101100111101110001110000000011111110
001000010001100100001101010110001000111000100111110010000001111111001111001111011011100111010001
010010101011010111110100000010001011111111001101010001011110010110111010010101011100110110110000
111010101010000010011111110011000110111011001100010001010100101011100011000010111111100011110000
101111001100100101110001011111001001011011100100001000110110000010010001010011101000111000110000
001011110001010101101101000010111110111101010100100001110010111001000001101000110110101011000000
001000001000110000111100010100110001100010101100010001101101101110001101010101011101010101101000
100111100000110111010100010000101000110001111011110001011110000010110111011011000101100101100100
100101010110010000011101111111101011100100000001000111100101101010011000010101111011000001111101
111010101010101001110010000001101111110100000000011011100100010010010001111010001111111111011010
001110110100110010101000010110111000000000001011101000110010000000010110110011111110101011010111
001101111001000011011110001111000000110111101110001011010010100011001110101001001011101110001100
001110000001000010101111001110011001011101111010101010000100100010010111001011000110011100101011
101100100010010100101101000000101101001010101000011000111100010001110011001110110011110110000100
000011101001000011101011111011100110101111110101011001011111101001100111001100000001001101000011
000111000000011111110100100111010010011001110110110000001011000110011111001010100100110010100010
101001001111001011111101100010001100010010111101010101101110011000100111111100000101111010111111
011010001000101011011001100101100101001101111111101010011100110010110101010100111110010110001011
010000110101000110110111011111100011110101001010110111111101100011110001000011111000110011001111
010001010101110101000111111110011101011011110010100101001101100101111110100100011010111000010010
011111111001000001011011111011000011110011001011101100110000001111001100100110111011111011101000
111110000011000011000110111001000010010111110010100110100011101100001011000011110011101101101101
000101101111000010111010000000100101010011001101001101101001100010001111000101111010100010101100
101001010011011010110000001010101001111111010001100000011010000100101001111111011101110110101111
100111000010101001010100110100101001101100110111010011100101101101011100001011110001101101001001
011000000111001011001011100010010110010010011110101010000000001101001010101100010100011011000010
000101101000110011100101001000010110110111000010100010000011101100001001100001110110101111101000
001011110000111010011100010100111100101000111100010011111010110111111100110010111010000111100110
001101000110001011001001110010100101101101101010000000000000110001101100000111000111111110101011
101000100000011011101000111100101111001101110110111111001101001111110001011111101010010100111001
110001101011011110100111011101101110111101111100100101111101101101000000111011011000011011111001
010011111010101100001101010110110010100011000011000000001010011111110000000100110100011001010001
100101000001011001100011111100010101011100000011011110000100000101101101100000010001001010111011
111011101111110101001001000101111110000011101110011110000010111000001010001011110011110010110100
111001000000011000100111100100110000100010011000011011110010101101011111100001000110001000101011
011001100010111110100011100100011011001100111110000001111110101001011101011011000000110111110011
111000011000000001011011000100011110011000100011110101001000100111101001011000111001000011001110
100100001010101111100001101111110000111101010111011010010110011010111111100100000101111101100110
011011011101110110100111110001011001010111000000000110111010000010111011111110010000011000001100
010001110100100010101001010001011011000110011100101011110001011011001000100111100100111011010111
011110001001001101011110010001100011011100011011111111110010010000101110111101111001110000010001
111101010111001001011000011000000100010110001101011010010110000110101011010001001100001010110011
011010010101100111110000011101001111010100001111110000111100101000001011000111000100000110001111
100000100011011100101000011001100100000001000010110001010110011101110110110100000011000101000111
000000111101111000011111011100000100111001100001110101010110111111110100000001001110101100111100
010100010111101010010100111100100010100111100000110010011011100110010111101100010010000010111110
101010100011101010110001001100101011101011000111011110001101100111000100101000110110110011110110
110111110111100110110000101011111101001111101001001001101110010111100011001000011010100110011100
101101111101000010101001010011111100010010110011110010100001000011100110101101000111101100000011
001001010100001000010100111001110010111111100111100000001001000110110010011100111101101110111011
110010100001000000000101001100000100000101011000010111100101111000101000111110011100111010000010
000010100110011001100100100110011010000000011011000101011101010011011011010010000101111010010100
101101000001101101011111111001101111010101111101100001000111111000001111000110011111111011001101
001100101110101011101010110001110010100101110010101110011100111100000010011110110101100000010100
100011001010110000000010001001110010010000011110011001001011011010011100110100100100001100100010
001011011100101001111000100000011010010100100010100000111101000000000011000010010100101001010110
111000000111000010000111001110011111011100110101010100100000111010100010001010110101100110110011
100101111101011000111010110011001001111011111011100010010111000001110001011000111100011111100111
110110001011110001111011110110100010110001100101010010000000100011011000010111110100011000110111
000101000001011001111000100110010111111011001001001111010101100011011110011000001110100010110110
010110000110100110001110001100010000010100010100111111001110110100100111110111010100011100111011
101100011010001000101100011111011000110101001011011110011100100010000001100100110101111010111010
111101101100101010011000001110010011011110000101101000111000001110100101110111001000010000001101
000100101110100101011111110010011011101110000110010111011010111111100011100110100011010001011101
000110110100000101100010110001000000001110011001001110010010011111000000101111010011001100110110
110001111110001010110001110001000010011100110101100011110001011010101111100000010000011110011101
011111011111110101100001010100000101011001001100010001011110110110001100010111111011111010110010
000011000001011110011001101010101010111000100100100000101101000110100101100000010100110000111000
000011111010100110111101101111011000111000111011101010010001010101100111100001110010100001010011
110111011011000111100111001100001000011011010011101010011100011010001011011100100010011001001000
011100111011101111110010101111101011110111001011111100010100011001101001100010100100010101011010
001101111100000011110000000111101010110100110011010001001010100011010000011011011111110111101000
010101010110100000010000101000110110100111010110100101110111111100100111110110111010110000110100
001100111000111010100011001000001100001001001000101000001001101001111110001011111110111100011111
011000101101001010011010100111100111011101111100100100101010000010111011010011010110100110100110
110100111000101101101101001100111000001101101111001010101111000010111110000100100011000000011110
001001100101101000000100100001011100001100111100111000000010101000011010110011100100011100011010
110111101100011110000001101010001011110111010101101100100000101110000001011111111110111110000001
111000011101101000011001101110000100011010111011010011111101111111010010000101101001100000111110
100001010000101101010111000010000100011011011111100010000010010110010000111101111001100110000001
010001110100111110010000011110110111010101110011001111100101101111011000000000011110000000111110
100001111110100101000001101100000111101000011110001011101110110000101010111010111010100101011110
010100100011011100000001110010010111101101000001110000100101001100000111000001111010111001010011
011001000011111111110000010011000101001000001010111011101111110011100100001010100011100100111111
011101110100011110010011110101100111000111110100111111000110101101110100100111011111010000010100
011100001001101001100011111101100010111010010101000100010110110010011101001010000011000000010111
000111011000101110110110110111011100010101011100111100101111111000111100010000001100111011111000
000110001111011110110101111000010100110101000001111111111000010100001110111101100001011110101101
111111111100100111100010111010001010111101000110010011110111101000001010101010010111110000100000
111110000101101010000101010100001110111000111101100011010010001000101011001110100001101010101100
100110000101000111001101101001001110101100010001000111111010100111001010101110101110100100100011
000011000000011100100100100011110100100111000011001011111011010010101100110110111011100011101100
011001110110110101101011110111101100110010101000010001101000100011110110001010000010110111101101
101001100110000110111101001110101110000001101010010001100100110101110110100110110110010000001110
111001001011011111110010000111100110101100000000010011110011010111011111101000011001111110001001
101010001010100111110011000001011101100101110100100101100111110110100110101000000100010001011011
110010010011011111110010011111100011111000110100000001010010010111100001011110011000011010110110
000011001001100000101101111101010001110000000011010100101011000100010110011110001001010000011010
000110011100000100101001000010001100000011000011000111100000010110010000011010101101110111110101
001100001000101100011001011111111110111101110110010110000001001100100101101111110101111100100100
101010100001001011010011110011110110101001101100100001011110000010011010001001010001110001111000
011010110010001110100111010110011111000110010000001000101001111110001011100001000110001100101111
110000111100010010000001001110011000001100110010010010111111110001001100001000101110100010011111
101111111000001110100110000011010111000000001101110000110000100101111101001011000011111010011000
001111001111110111111100010000010101111011100101101110001011010011110000011111100010111100001100
001111001110100110101001101111110010000010101011111000111001101001001110100001111010001011001101
011000110001010000000001010111111110100110010100011100111000001011001111000100011110110110101111
011101111110110110110010110111111000100101011011111001000111111100001010111111110101100100011101
011100001110101000110001011001100011001011001010101000010111101101100010000110000010011010111010
011100101100010110000101110010011110000011101101010100111101100110011001011111011101111100111011
001000110010010111111001101111101000000011000011111001110010111101011011001110011110100000110010
000000101101100100110110110011111010110011010001111111011001000101011001010000110101111101011101
100001100011010010011001111111010001110110001101111011101001001010100101001110101110110011111110
001011100011101011010010111111111000010011011010011011000001111110100101011011011111111001111001
001111100111101001000010011111011111110010100011110110101001001000111000001111010111000000110000
011100101111110010100001011100001110011000001001001110101101011110100011000110010000101001010000
101101010110111000010101111000110011101000000000111100100100100001010100111000101100001110001110
111110111001110001111101011010111011000110111001100101111011111000000000100110110010001101011101
111001010101110000010101110110100011101010111111001010110001011111010111110001101001100000001000
100100001001000000000110110110011111000001011101000100000111111111011101001010111000011001001100
100001111111110001011100100110111001010100011011010000001000000000010110110010101100001101111010
110011110011100111010001001100111110110010010101011110011000111110101101101111110001100110011100
110101000110001111111000011011101111110010100010100011011100100011010100101010100100111001100101
001101000010011100100000001001100101001000000011110111001111010110111010110000100011011011101010
100011000100011001100010101111100111101110000100011111010100101011100100100111011000111100101000
000110110100110110111110011001101011110101010000011001110011110001100001100000100001001011101010
101111010111111110100100011011100011011111000111100111001010000001100001011100000010111001100001
110110110000110101000100111101100001010011001110100111110111110110101101100110111011110001001111
111111111110001001111111010100101101010001010101011110000101101010011011010000110001011010001001
100001111010001000100000001110101010010111101000110011100001010010001011110010111011010001010011
011111101010100000110100111000001100101111011000110011101100100110101100100000100101000000100110
101010111010110010001000100001110000100011111010100001110101001001100001100101000100010010000001
100100100000001010111000001001111000111001101101001110110001010011100011010100000110111111110010
001001000001011100110001000111100010011011011001101110011000000001100010011101111000001011110011
110001011101000101011011110110101111110011111101001001101100001011111101000010000101100000101010
010110001010000000000011000101001111111111001100101101010100000111011000101101101101101110100001
110011100111001011000010110101100011010001011011110111111110001111001011010010011101010110110000
001101000100011000001011000111011010110000111011101100111001010001110001000110011101000101101100
000100000000000010100010011110110000101011011000101101111010001000001011010111011001101001101110
110101000111100001101100101110111000110100001101001010001010100010101010110111110011000110011101
010001100110010110001011000010111111100010010110110111101011101011001111001001101100110111111111
010111101000000110101000001000000001111011011001101011011110010111000110101100111100100100011100
110100111000010111010001010011000101001100011110000111110010111010100000101101111111101110011010
010100111001101110110001101001101111011000111010011011010101011101011000011000001001110010011001
000011101010000101000011100100100111011111001101100001111011111001110111110111100111110111101111
011001000000011001010011100000010100001010010001101000011101100111011000001010100101000011011011
111110111001011110010010001100001000010001000011111110000110010000100100111101110110010101110111
001101100000010001010101010110111100101010111100010100000101010111101101100111111011000111010000
010010100110101111100100111001000001101111000100000010010100101110011111110000000000001110100000
011111111100111011000111000100001100101001111110010010000000111101001101111000100001000010011001
101000001010011001111101001110101011111100110101100110011111010110000111001000111101000101110100
100111111110001011101010101111110011001110000100101000111010110110110001111001011011110011101000
110110101101001111000101111011110100011001110110001101010001110110100111000100111111010100101000
100100110001110101010100110110010000000101110001100110010010100010000100011101010100100010111001
101100001100011001001010100011111000000000101110111110111101011010000110110000010011001101000111
100001101001001001001100010110001010000000011011110000101111001111110100000111001101101110011000
111111101001000010111001000011100101101101011001111110111011000110000010000011010100111000111111
111000000000000111010111100010101000001111010010011110011111100011111100000101100001011000100011
001100100100111010000101101111100011010001101100100110000100100101111100110010000111110110001011
001111010111110101000111110110000010110111010100001110101010100011001000000011001110100110100100
000100000110111111101100111010001011000011110000111011100010001110011111011010010111001110001000
010111100011101001101101000111101000111011110111011110101111010101001011010110100110101000110111
000011001100110011011111010100101111101100110011000000111110101100001000001101110011000111001110
001010000011100101001010101101010111110111101001011111110000101100010110110001110001000000111000
000001111010010010010000001011001100110011111001110011010100000101111110110011100111100110001101
110110111101101001010000010111111011011101110001001111110111101010010011111111011001111111010011
100100001010111110000111001001111010001100101000101000000001011111100110001100111001011000000010
011000001101010101101111010001001110000100111101010001101011000011010011000101110001100111101101
111010111101011111101010100011001000101110110100110100010000010001111000100111101101001110100001
111111010000010101001010101000100111011011001111011110001011100011010100111010000001100001000000
011111000000100100110110100101011001001100001111110000110000111001101100001011011011011111111110
001101110010100100000001110001101101010001100000111101101110101010000001011000011111011010000001
101011010000110110000010111111100111101010010101011100001111100011010011000011000001111101011001
000100001101100100001101001100000011110100011011010100100110111000000110001011110001110000001010
011110100011110111000111001010110011110001001010010110100110100001010111110001000111101101100111
101010010010101000110100101110001001110010111000101011110011111100110011110110111010100111011011
001100001010100111011000011000001110101111110101101011100000101000100101101100101111110110101010
110110010100001010111110100000011110000000100010101011100000101011100001101001110100100110011100
110100100100011001010101010011011001010110101001111001101000000100111101010010010100011110010100
011110010100101011101001001001011111001100000000011010110010000110100101011010111101111110101110
001000010001011001100100000101000110111010110010111010111101011011100101111110111100001100100001
101000011100001100000011001101000111011001110000011010101100001101110110100101001010000011010100
010101100110001100010011110010100111100110100100011011110110001101000010110010011110010100010000
001000000000100111010101011100010110100100011011010111001010100000100101001000110111101100001111
011100010011001000010100011011011000000001101101010111000110100011011011101111001110010111101011
001111111101111110101111010110100101100101001111111000010110111110101101011111111101001001001101
001111010010100111111001000011010111101100101100110100000110010010110001001000010110010101001100
101100100101001100011101111110100000101001111010000111001001011110011001010101010101111110110001
100000000111101001111000100011101000001000000110111001101110010101001000111101111100100010001000
101011001001011001001111110010010011111100111111100010110011001101011010101101101000010010110011
001110111101101010111111001101010010000010011000001011000011111101101110100001010101111011100011
001000111111000100100111000000010111001000011000010010101110000010111010110001010010110100101100
100100100011000010111101110101001011110101011011000000111011010010001110001010000110100101100010
011100001000111011110000000011100101011001101011100010100100000011011110111100001011010110110111
001111011001001000011100111110101110001111111110000000001111001010101110110011000001010101110001
001000110011001101011001001001001000000010100011010001110001010011011111011010111010100001100000
000001101011111111010010101001100101100110100101111000110110110101101000011011011000000101001110
111001011011101110110001111100111011000001001011000111111010111001110001001110000110011101010000
100100011100010001000000101111110111100101001010011111100010001100001000100101111111110111001000
000101010011111000110000001101011101000010001010110110001101101100110110100100001101111010000001
010000100111111100100111111110010100001111011111101110000000110110111110100110010100010111001001
011010100111011001010001101001011100000011001101000010100011101001110001011101110001101000011100
000000111111100001111101011110011000100001001101101100001111111001110110010110000011111100110101
000111010011001110001100011100011000001001011101101101011000000011100111100110010100111100101100
010100000011111110011100001000000101011001011101111100110011000011110101111000100111011111100110
010100010011110110001101011010100011101010100010100001001110001001011000101000110101010001010000
100110110001110110111010011111110001100110001011010100110110101000100010011110000101010100100000
010101001110101011111010110100010001011001011011011010110110100110111101101101000000111001011010
101010111100011011010010011000100010110101111111010010010001100110001111010110011110000100011001
000011010001010011110001000000110101010001001111101100111101101001001011111110000000110111101011
001100101011100100011010011011000111010011010101100001011011111011110011000101011111001100110001
100101010001010001010011110100000010100000111100101000010000100100000100000111001101010001001111
111101101101001011001111000010101100010000101011001011101001000111100010001110011100010101100111
001011010101000101111010101001100001010010110010101100111100101111110011110001010100011110111100
110011011100100100100001111111011001110110110110100110111001111101010100011111000011001100011011
110011010101101010111011110101011001110111000100111111100001110000010000000010101010010001010101
000100011110001011101101101010001111001110001100100000101010111011100101110000110110111110011000
111101000111111001101110100010100001101110000111111001101010101111111111111111111011001100010101
111010011110110001110110101110011011011010101100011010100110000101010100010000001100111111111010
110011101100111010010010011101100100010111011010110010111101000110111010000011011011110010111111
111100010110000001101111101010100101011101100111010010001010001011000111000101001111110011011111
100111001110000100110110001111010111101001010001001000111001100001011000100000110001111011000111
110001100000101111001110000101000001011000111001100110011101110110100000011111100111001011000101
101111001001100001001001011000011001010001111101111011011000100100000111010000000110001011100100
110010101010100110100110111101001101010011100011101010101110111110010110100010111101011010101011
010100001000011001111101111101101111100110100111111000110100001101111000110011001101110101000010
010110011101100000000111010110011110101101110001001111101110000110101011100111100101011111110101
011010011111010011110111100000101111001010100101111111100010010111001001010101000101000000001101
010101001011011010101111100001100010010011100010001010111011001110001101111100001110100011001010
000010100000000110101111111111111010011101101100110100100100011100111011000110000000100000111011
011011111011110011011001111010100001101101101111101011010001011011111010001011010101111101011000
101110101110010011001001101000110101100001000000101101111111011010101101110001110111011100010101
101011101111011000110000010001111111010101110111101011001110110001110100001001000110101000110101
111000010111001011000100100111111100011011101101111000101001110110100001000001011111010000010110
101101101011100111011111011001010100101111011001011100001000010001011110001111010110000010011010
101110110000011101011000001101100100010100111000000011010100011110110010101001010111110110101101
100001011111100011111001101101100000100010110110010000111111011101000101000111011101000000111110
111000101001101010001011111110101001101001010110001011001111110011110011010110010000101111011010
111110000101011001000011010011100101001110000101010110000100000110011001110001000111101011001111
101000011110100111111111110001101111111010101011110011010011101100001000111100010011100000111001
101101011110001110110111010101100100110110000001011101111111000111000100110111110100011010001111
001100111001111011000100110011110101111110110010110101010011111000110110110011101010111011101011
100110011111011010000001101111101010111100010110110011000000010110101110110010101101001100010001
001001110100011110001111011000101010110101101111011001111000011000011110010001111100011011000010
110001000111111111111101011011110011001100001111101110100100111100101101000010001111100010110101
001001000101010001001010010011011010111000100011011011100001010111000011010010101111001110010110
110101011100011001100000001110110011010001110000110110100001111001111011100011000111011111010000
110100011111000101011110000011100001000001011011010111001001110011110000101100000111001011001101
110101110011111111011001011000111000001110111001100110110100000001010100100010010100010100010111
111001000111000011000110101111100011101010001000111010100010101000001000010001011000110101000100
100000000110100101001110011110000000111100010010101010001100100000100110010010110111001010100111
010100010110011100110001011110010011100010001111010101000110111111011001001101011011010000111101
001010001000000011101010011111011100011101010100101110101111101001100100000101110101100000111010
001000100000010000010001101100010011101100011111001110110111111110111000011011101110011111001001
100011011111000010111110100110111001001101001101101011110100000111010000100011100001010110001001
000001100110111011111001010100011110010101100110100011110111110000101011010011101100100110101101
010010111110111110100111110000101111010101000000011110000100001101111001100101001010100101101001
000001000110001011111001001100010000001010110110101100111101011101011111011001111100111111011010
101100010011000000011011111100000001000000100101111101101110111010000000100100011011010111110111
110110001001110000110110000100110100011000101110000101101001001111110111111101101111011001011011
001111101111011110101001000001010010010100001001100111010010001000010110010111010010010101000110
001010101110001100100110100001000001010010000101100110110010100000101011010000000100010110101011
111001101100000000001010110000011000101101001000100001001111111110110011111011011100100001100011
000101101111011101000001001100011010111000010000110011110010101010011100100011101100100011100111
010001000101100110001001000000100011110100100100010101011101110001010111010000010000110010011101
001111001011110011101000011001100001010001111111010011010101100111001110101011011111000010111010
111100100001011011011001010110110001100000001100101100101111110101011000101100101101010110001011
100100010100101010011101110110110001001010001101000001101111110011100000000011011111110100111000
111111111111000101101111111010100000110010011010100101010010001101010110001101010111101100011111
011000001010110101111111000010110010011011000011010111111100011111110001101100110011011000011100
101011100101000100110001010001001010001101101010110101010111101100010100000001101111110010111011
001110110000111011100101110011001110000000110011001001011000011101110100101111000100111101010001
111111000100010110001000110110110111010110100001110010000100110000000001000101001011011100011000
111010101110001111001010110110111010110011111111011101101111011001110111010001101101111101000111
011011100101010111111111111100111101100000101110110001000111100100111100010111110010111011110110
010110110000001100111011111001111001000110111001100111100001010110001101000100000100101100010001
011001101111000000101001010011011000100010001010010111011111011101100010101110110110011010101001
110000110100110100011111101111011010001001101001101110001011111000111110101101111001000010001101
010100100101111010110010101101001111001110111001010110111010111111011000101001000000101000011111
111110111000000010001101101100111111100001100001101000011011000100111010000101100111011100010000
101111101101100111000110010100100110011111010111110100101101001100000000011010001000101000101000
011000011100000111011000011110110001100100010010010111111111100110101110101100011110100000101001
011000100110111000101001001001110110101001011101100111111101101001110110010111110000000100111111
100101011110101011110110000110010110100001001101011000110011000111101100110110010000100101100011
110110110111011011111011100011101110010001000001100000010000010111001010111101101011000101000001
110111010000110010000001111101110000111001010110101101100011001010001111000000010001011110001100
101110110111100110010001000000110011010110111110010001110001111100111011000011100000000111110111
010111010100001110111001001011010101011101101001001001001000011000001000111100011111100010010010
001110011100110011010110101000000011110110111000010010001101110111000000010101010011110111000000
000101101100111101110010110111110100000100001001110001010111001001111111100001011001111001110111
100101100111111000101000101010000010110000000100010101110010101111111110010000100110001110100000
011000011001000011000010000011100110100111111110001011111000111100101111101010000011110001010011
101100010111011000111010010100000011100001101001101100110000101000110011001011010000100101000010
100011010111000010110111000000011100111100101111011010110011111011001110110110011011111111000010
011001100010100110010010110011001111111110001011010010110111011110111011001100011000000111000110
001111101111111011011000000000011100000100110111011011110001001000101111111010011111110001110100
101001110111101010100101000011011011111111110111001001110000010100010000011110001111111100001001
111100101101010101110011010000110111111010110011010010110010011000110000110110011111010110100000
000000001100110100000010000011001100100101011110100110100101011100001101010011011001100110110000
011100011111111100101011101100101001100110011011000100111100110110010100110011010000100000011011
011000101110101100111101011110011100010010000000101100110000100101010100110011001110010110000011
110010000110010001001001101111101001011000000001001111010100001111011110011011000111110110011101
101011001001011000100110010110001001001011101110011110101100001101111111010101101101001010111110
010110110110110111010001101110000010000111101111111010101110100010011101011111010000100110010000
001110011011010010001000001101011011001001000010100001011100101101111101001100010110011000101001
001100111111000000001010000101011100110010111000010001100000011010000010000101100110001000110101
001101101111100001001101111000010100010010011111000111111111101111000111100010111111001100100101
101100100101011111110000101001111101110011000110000111010011010010100010011110100100010101100111
000100001111010001000010111100110000100101010001000110101001001001111011011101010001011000101000
101010101101111010111000101011000111101011101111101000010010100100100101011111111001010100001001
100100111111111111000110111010101010110111110001001011001001111110010101111000000001101000101001
110111000001011010101110101011110010010010100110011111001001001101101111001010111101111111000111
000111111110110100100101001010100110100111011111100011000010101001111100000101000001101010011010
101000010001000011111001111001101011110010000011000100100001111000011000110100001110000110110000
101101000110101110000000000011001010110100000101001001001110110011010010001110010001101111110100
010000111000010010100001001111010010100001011000001101111010000010111000000101110110100100011100
001100110011001100011000000101001110001100101000011111101010011010100100011000100101010110110101
011000101111010000101010100100110011100100010011000010111011010001001010010011100100010001010001
101011110011000001000101010011001011011110111011111101110110001000100111100110111111111101000111
111101011000010111101011010110100000000111111101001110000010001101011010010001000100110100110000
000010001001110110001011001111010100111101110101100001010000001101000010111011010101000010110110
000001011101101000011111110001011010001001010000000100110011011101000100100111010101111011101101
011110110011001100000010111010110010001001110011011100001011001010000101001011111111100110100001
100001100110101100110000110111010001110100101001000000011010101010111000001111000111101001010010
011110010001001111000111010111110011110011101100111101101110110011101000001111101110100111001010
001110010101100110011001011000000010100110010111111001101010000000110001100000110000100010011101
111001101010101101010010111101000000001100100111000101010010101001111100000011110011010001100110
110010111000111001100111001010110111100010100111101111111100000011000001101010000110100101101101
001001111011100000100100111111111101111001101110011011110010000110100100010011100111011100111110
011000001100001000111101110100100111001001101010100110000000100110011111001100100000000101000010
011100101001001101101001110010011111101111011100101101101111110110101101110000111011010011110110
000011101011111100010101001000011101100010001011001111000010100110000001001001010010010100100011
000001010110100001001100010011111110000010110010000101011100111000001110001110110000000000111101
010111101110011011111101111110100100110011010001110010000101110110111101111011001001111001111011
000101000000000111001000011100100001010111001111101110011111111001110011100000101010000100110001
001111111011011000000111000010001110101001010101001100111111111110101000011010110111010101010111
110100110101010100011111100110101010001100001111000111001110110001101100010110010110110101100011
010101000100110101110111100111011001101110000101110001001000111010000001010011011000111100111101
100010101101101101001110110001100000000010110011110001001010101111101100100110110000100100000111
110110111010110110011011000111100010010000111100110000100100111000111011000111000011101110110110
001111010111101110101101010100001101100010011110110110001000011101000111001010001110011011001110
100001100111001101110001110110111001001111000101100000111010100001111000101101000111010011100011
101110111001010101011001110001110010110101000110100101100010010111100010100001101010010000100101
101110011100001101010011000101010110100110011111010101111011101101111101100010111000110000010010
010100000000110001000101110111010000010110100111100010110000011001100100000001100010010000001011
110011111110110100111100111000110111011001011010100000001110100101110010000101101000001111001110
110110110110011010110110010100011100001000101001101011011100101100111101101001100011001001000101
011111111110001110101011001011111101001001010001010011001010010111111111101101010101101010100000
011001101010010110111111011111111110110110011111100011101111010000001111100010010110101001010111
101101010010100011111111010100101010100000000111110111011010010001110001011000011110001110001101
110111100111010101111010001101111111110001110111111100010101001100111000010100001110111010001111
110000111100111011011101000111000100111111001100011010010101100101111111001001010111100111111000
110110101011110110001000000110000000101110111010101100011000100111101111111001110110001011111101
110110010000000100010001011101011010111011000001000011010011010110111011010101000000111100111010
100100110111111110111100110001001010111100101100100100100110000100100000101101100000101000001011
000100110001001110001001001101101011110001100011100000010100111010101001111000101111010000101110
111100101011001001100110111000011110011011110110110010000101101111100000100000000111000111101101
000001001111100100000010011110111101101000111010011100111101001110111011000111001111110110001011
010011101110011011010110110101101110100100110000110001010101011010001111111010101011101010110001
001110111010111010100111100111010000111000001111110001001101011011000101001110100011100111010100
100100101000100001110011010000001101111101101000100100100101010011011101101011001011101001111100
000010010111000000000111010000101111100111111110101010100000011100010110010010010011110110011100
110011010101110011101001111100111101111111101111011110011100010100111000001101011000011001001100
011101011000010101110100100011011110100100000001001111110100110101010110111000101000000110100111
111011011010101010011010001010111101010101000000011010000011111010101101111000111101010011001001
101110000011100101001000110111100110010011101101111000111100011000011001100010110010001010001100
000000010000111001011011011010010001100000110110111010011011110100101010001001001010111001000001
100100000100000001110011100110111010100100101011010001011100101101011010001100100010000100110110
000001000110111001100001100000010000010000000010100001000000110011111001100010011011100101100110
100001010101010010101001110101111110101001011001101010000001110101101010010000111001110011001001
001010010010010011000001011010111010110111101110010001011110011111111111100110000100010100010000
100100100001110111110010001011100100111100000110110001110000100111001100110101001000000101000100
101011100001100011000000111110010000111110001010000000011000110011110010010111101111111011111110
001101111010110011000111101010011110101101111101101111100001101111100010110101000001110110001011
100000110001010010010010101010101001111100011000101110111000001110101000101010111110100000011010
100000011101111101011111101011000000111110011101001011111100000001011000001001101001010111101011
011100100010100101001000111001101110001100000110001101011000010111101111000010011001010100010010
110000101101111111001001011011010000101010000101110101101010110010011011000101010001011001111111
110100101110111010001100100010111100001010101100101100001100111000110000111000011000001111111011
100110000000010110101110111101000110100101111011111101001111010111110100010101000110111010111101
101011110001001011000011100010100001111110100100111101000010111100100011101111101010000000011111
110000101011000000000110101011101011110110110111101001100101000010011000101111110110111000011111
010011100111110010100001111010110100101011100110111000100101101101101010011110011001001100111101
