100011010100000011101011111001000001110111011010110001000100011101011101111100101010001011011010
010000000110010000111001000011000101101001100000000101010010101011011110100000000111000000110000
100001000101011110101001000101101000010100010111011101000110111111111000011111001000101000000000
000000100000010101111101110001011100110011001101010000110010111111110111101100101100001100110010
000010010000101001001111111111000000011111010110000101011110000010100100000100001100010111000001
110110001010100011111111000000100010110100000001010000110000001101010001001011010101011111010101
110110000101100101010001100101000100101111110001101100101000111111101010100000001000101010000001
000110001001100100100011100111011101001001100110101001001110010101101101100000011001011111001000
111011011110101111110100001101011000010111111111111110010100101010010100101101001011010000001110
100011111101100001011010111000111010001110111010011000001100100001100011100111100001011010111111
100000110001111110110100100110101100011001011100001010110010010001001010100001111010010001111100
111011011111101001111111110110001010110011011101100111100110101001010001100101110001011111101000
101000010011101001101010101001001000111001100010111101001001100001010010111011011010001011011000
011011010110010001111111001000100100011101101100000100001111111011010001111001011011100001000100
001110000100100000010101111010101000101111000010111110111001110000011000101000011111010100101101
111100110010001001011100010001110100000100011100010001000110010101111111011101100100011101001100
011100111110010100011011110001000000000000011011100100001010001100111100001110001000010000010000
110000101111000101001000010101110011111000100000010100010000101111100001100000111111101001001001
001010100011010101110100100111010110001111110100011010010101011010100000001100001100101010011100
001000110110000000111111111101010001110011010011000001010110001011110111011001100010100111110110
111001001001010111101000010101010111001101111111100111011010111011010101010100101001000011010110
011100111000001101000111010100110001111110111101010010011101101101010111111100100100000001111101
100110101101111010001010111001111101111000110100110110111111110101001011100100000000110110001001
110000011100101000001111001111011101001001101010000000101010111011100101101000000101000001000100
111100101101010100001101001010111000001101110001001011000011011001110011011110101010101011001111
100000110001111111011000001000001110110101101010110110001111011111100100001110010111000001011000
100110010110100110011110001101100100100000111111011001011011110001111011100000001000011101111111
110100111111101101001100010111001001011100111010000010011011001001100100010010000001011110011010
100111111101001100011011001100010011011010011110100011110101000111010100011111101001100010111001
100101100001110001010101001000100000000000101111110000100101011001111000110100110000011111111000
101101010011110001001000110100110100010011011111001110100001111101001010011111011111000010001101
101111101000101011101011001000111100000001110110101011011110000001000001011111000011100110000010
110000011101001001001001100110100111011000011011110100110100000000000101100100010001001101000101
001011110010111001110110001000011111010110111001100101000100100000100010111010010001111110011000
100110010001100110010010111011100001111011101010011110011001010011000000100101100000100000010001
110110110001001011111011110001011110011100111101101110000010001011101100001111010111000010011100
000010110100011110000011110000111010001011100001000100110011000101100001011100111010000000110100
001101001001101111110101101011111100011111100101101011000100100000010000010111011010101011011011
011011110000111001011011011100011000100010100100011101111000001101100100010000100011110010110000
110110100101100001110000100011001101000110010100110011001110010111010000110111000110111110000010
100110000111100001010100110001001000100010011101111100101101000101100001010111100101000110000011
001011101111010000000111100010110010101101111000111010011100110100101001111011100100100111011100
000011110110011000011100111110001100001110000001010101000110010110011110101010111111111010001110
100110100000111111101111110110100110001100001110010111001111011011001001000101001111011011110011
100010010001000010100001101011110001110100001101011101010010100110100010111001010111100110000000
101111010110011111010000111110000110001101111010011011100011010001101101011110100010011001111100
001110000000010001100000101011010111110001011001001010100000101001010000010100000110110010011100
100011011001011110100000100100000110000000111001101100001101011001011010110111110010101101011101
101001110000100100010011010101110110011010101111111010001011010100011110010101010101101110000010
011101000110011100011111100110100100111001010101100000110101100110101000011110011111001011110100
101011010011001010110100100100000011101010000000100111101111000011010001101000011010010010001110
100001101010011111001010111000001000111011111000010001101001010101111110000011101000011001110100
010000100111001010101111110000001100011110001100101111000110101101001011100100110000100001110100
101110001000111011001110001011001001001100001101110010001100010011011011010101111011010010110101
100000110100011001110100100100101000110100011000000100010110110111011001101011001010001011101111
001010101001000111010001000000011111001011110110110110111111101110110100011001111001001100001000
110100100000100000100110010001100100101001011100110001000110111000110100101111110011110001110110
000100001001000111111001010001110011011011001011100101001001111000100011111000000101010100101011
011001100011000111110010010011110101110000011101111000111010110111110110110000010101011100100001
001010011100000110101000001100010100011011000000110110110110000010110100100011111010011010101001
110101001110101101001000101000100100100001111110011001010011010011001011010100001000101011001010
010110001100011011111010011110111101101001111001111001001100100110100010111001011000000110110011
100110011001011010100110101110011101101111000010000011100011010101010011000111001111111011110010
001110101110011011101110101100110000100101001111011001001111010010110101010100000011110101101010
111011111010011110001111000110011111010111111101100111011110010000110101101001001101010011101000
011111110001110001110001110110111101110110101111111111110001010010100010110110010000011000100100
110110110100000100010000001111111111011111111100100100101010010100110100000001010101111100110111
011101010101100110100111010111010101011001110110110011100000010110100010011000110111110000111001
001010110001111101001110100110011011101011001110111100111111000011100001100000011011000100011010
101100001111101111011011110010100101010110111100100011111111100101010110011010101110100110111101
011010101011011010010001010011010111011111111001010100001010011001111010000111110000110010101100
110111011001111111101111001000000001110110110100110010001101101001001001110111101111100001100000
010010111011101110110100011111011011000101111010111001111101000101111111011001001001001011100001
011001000001010010010101000010110101001111000000111010000011011111001101000100100001000111000011
001001101110001110110111100111100001100010001110010110000000100101101000100111001110101001110001
110101010100000100101100110000110101101000010010100011000101011101010001111111110000100001110100
001001011011111000010000101000010110001111001100110001011110001010111010101011111001010000100110
100000101111001100001111100010000111010101001100110110011000001010100101100011111000001011111011
000001011110101111100111101111000000010110011000101100101110111100001011001001111111010010000000
000111011011101000100100010110011000111100010010011010100000101110001100010011111111010110101011
011110100011111100100010011010111001111100111001010101111010010111010001001000101010100001010100
000010000100110110101011111101110101100000100100001011110111010010101101101000011001000000111100
010100111111111000001111011111100111000100000111111001111010101111011011110100110011001010011100
001000000100101010000100110110100100110111000111100001100000010010110101111101011111010000100110
111111110011111101000101101001001101010010101010001001110101111101111011100101001000010110110101
010110100010000101011100100100101001011101010111001001111101001101111010001001111011111111010111
110100001011001101000011101001010101100101111011000000111101100111010100000111000001110000111001
100011101110001000101111110010111011000111000011011000100011110110001011110000011000000001111000
011000010101110110100010000010100110111011100100111010111100000111111001111100111000000000001011
011011011000101110100110111011110111000100001101010011011101001000111011101000000111110001110010
111001111101110001010111110010111010001010101111110010010101011111010101101110000111111110110011
000100011100000010101011111010110110011100111000010011000110000001111100100011010101011111110110
010111001111000010011001100111001110011001000000011010000101010111010011000100101010010110111111
000000001111110001110000001101011000011100110001110110101100000111011100010101111000001110110011
010101111011010111100100101010101000100001101110111000001011001101001111111111000010001011101100
100100101111010011110100011010101100000010000011101000100100001111000000010010001100011011100111
111011011110111101011111001010001011111100111110100101100001110100101010010100010110110010000011
100111101100101100010110000000110110001100100000100001001000100000101111011011000111000100110101
010111011101011010101011000111011111111101101000001111111000010111110111100111000000111000111010
100101111010001101111110110101011101111111101010100011011110001101100001111110101101101111010101
011110000110000000001000100011000111100010001011110100110101100100111100100001110100011000100101
001100111110110101011101111001110001101111010011011010101000111101011000011110010000000010100001
011010010101100101010110011101001101011111011100011011001110010100111010011000111011101100001000
101011111100111001001110010101010111111001001011000000110110010100011011111100111001010000010101
000110000101000110010110011011011000001001110110000001000001110001010001000000111001000011001001
111011110000001100111000100011100001000100111010011001000010000011011111100110001011011110011010
000010100010111111010111101101001000111111001110001100111010110101010011101011000011010001101010
110000101010100111111100010111000011100110000100111111111010011000111110001011110111010010001001
110101000100010000100101011000111001100010011100011110101111101010110010100000011011010010011011
001011010010010101010110001111011010010110000000100000000101000010110010001000011001011110111010
111101100101100100000001110000011010101111111111001011011111011000011111100011000100110010011110
000100101010010010001001000000010000100010011101101110010110110001111010111011010111010001010111
000000000100010100001001001000000010110111111101010000100001100100000101010100000101110000110001
100001110010011110010011100100000000001011100010001000010011010010110011001110100001110100101001
111110101000000001111000101010101010010010010110101010001100101111010000101110101111100010000011
101000100011010100010010110000000110101100000000001101111000001010000101010100100110010010110101
001101011011001001111011000011000101110011000100110011111111011101101011011000000010100011110001
011111001101010111010010011010011100000001100101100000001011010001011001110010101111110101011010
000110100000001010110111000110001101011111101010000100100001111011110010010110010001101101000001
011011010000111111001011001000111001100111100100100011100000001000000110010011111111011101010011
011001100101010001011001010101101010100001010110111110011000001100101011001011101001000001101110
101101010110000110010110101100001100001011100100010100111011000100010100011000101111111010111011
011101111100110101100100100001010100111010110000110111010000111010001001100100001011010100101001
010001010001111111001011111111110010011100001001001001100000011010001101010010001101110000010111
111111100101000011100100101111110110010001010100100111000100101111000010010110000100001101010110
111100011010011100001000100010100010101111010111110010000110101010011110101110010001110010001101
100101010101100010111101010110011000111010011011111110111111110010001010101010101110111001010110
111000110011000100000010110010111111110100100010110011010011110111001000011010000010011001101011
100110010000110000101110111011111100000010000100011010110001110100001011001011101100010101000001
111111000101111111011011111011001010001001010100011110000101001000100011011010001110100000010000
010001001010011001010001111110001100101011000100001100111010110110110001000001100110110101011110
000001101001010101111101000000001001000000010110001100101101011101000100101001110000111100111011
010001100100000111111010000000011100011111111010100101010001101100111001011001110001011100011110
110010011010010110011011111100011001111000101011000110111000101001110110111101000000000011011110
001001011010111011110000000010011000100000100001111100111100010010000000100100111100001100001111
001000100000101010011010110101100011001101010000111110001001001011000000111111000001001101100111
110001000011111101010111011001100000101100101110111010000001010111111010111101101110100001101111
100101111000101100001001100000000000011010001110011010100001000111010110000101101111010110010110
010011100110001011001100111110000100111100101110100001010011011000110101110001000111101011100111
010011111111010101000111011110001000001001111100011110001010010000101011110001000001000110100100
011001100101010101111100011000010100100110100000011010111010111100110000001011000110011001010000
000011010001111111011001010100111000101110110000010001000111001100010000011101100001000011010110
111101010110101110000001000010010001101001010010000010110010001000111000011010101100011010010110
101010000101010010100011011111110110101101001101110001110110011101110110110100100111101011101011
110101110010101010111110001001110101110100010010011010111101011011000100111000000110001101010010
101100011010111111101101000111000101110001110011110110100100010100011110000010010001000100000011
101110011111000011111100101011010000101000110010001110001001110110101110101011010001110101000100
000011101110111011111000101100010111111110110100110011100111011001001110100101001110010010011111
101111110010010110011000001001011010101101000010000011101011101010110101110111111001110101011100
011111001111001011111111011111010010110100100010110011010111010100101000110010111111000010011011
111110010101101111100011001001100101001100011111011000110100011100101001000000001011111010010110
110100100111101101101110000101001110010110001000111111100101011010010010110011111100010010111101
010100011101001011100001100010001001011000110100100001100110111111001011001010010111010101000110
001001010100100011000001110101100001101001111101010001100111011110011010010100000011010011100100
100011111110101000111010101000111101000001001111010110111111110101111101110001000111101110001001
110011100011000100010100100000001111000110100100110001101001011001000000010100101110001100101100
010111110100011010110010001101110110000111101111000100011011101111100011001111100100011111100001
010100001011001001001111010011111000000100011000010001010101101111101010010100111011100111000111
010111100011101010111011010001100010011001101000011110111110111110111101111000101100111010011001
001110010000001010001000001010011001101001101010010101000110100100000010100001110000100100001000
001101001110011011111111100101100110011110010001000110100101110100000101111001010000010101001000
001010111111011110110110000011011010110101101110011110100010101000011011100111111001010101111010
011101101001111010001110110010000101010111101000111000100010101000010100111010100111101001000101
001001001011101011110010101111100000011101011101000001110010111101000011100100100110001111100000
001100010001110010101001100000011001011111111000000111001001001001101000101111000000101011010001
000011100100000111010111011001010100101100111100111001101011100100001110000000110010101110000011
100110000110100010111110000100000100100011010100001111101111100011100001011111011010011100010110
000011010100000001010010101111011010010110010011000111011001110111011011111011011010110011101101
110110111101110101010111110100001010010111111110001111111011110100001010000100111110000001000000
010101001110001100010000011000110000011101101001011001010000011010010011011101111010011000100010
100101111100010001100111010010010010001101000011110001010100110111101001010010100110110010110000
110011001110111110001110111110110100110010111011100111011001111010000001100011100000100010011010
011010011100111101010111000011010001100100011100000011011100010100011110111100101001010001100101
101100010111000001100111011100100010111111111001101110000010100000001111100101101100001110110110
011111010000100101100000101011100101010000100011001000110100011001001010100110111001110011101001
011001101001001111100001100110011010000101011010011100110100101011100000110010000000000111001111
011010110001111001110111111111011100111100101100100111001011010010011001001100011000111111101100
111010110110111011011111101101011011101010110011000101101010000010100111111000011101110011011100
111010000100111111001000100011100110000000000000001111100111110001110111100101010011111001000010
101100100111000101001010110111001110000101101100111101000001000111001000110011111101111011101010
101010000111100011101100101101001011110000110001000011011111100000110011000101100101011000001001
101111001111001011111110111111100101100010101001111001010100110001000000100010000101111110010100
001000000111000111101100111100101000010001111001101100000111100110011001100000010100101011011001
001001010010010100001010010010101101001010110111000111110011100100110011110100011010110110101101
000010111011110101100110110100000000001001010000110110001001110100110010010000111100111100100011
001001100011010111111001111100001111000011111110010000110011001010010001011101111011010110101001
001110010101110110100000100000110101100011111011101000011100000111000111010101000000001101000011
110011111111110000110001010000110110000010110110100000010111010101011100111100111001110000011111
010101001000110001000101000101110010010000100111100110111000000101010101101011100001010011100000
000101101010101011111111001010000011001100100011001001110000000100101011100000011111001010100101
011001000010010111011101011001000001100000000000001011011100001111110100010110011101000011001110
100111011010010111111111111110001010111010101100101111000001111110111010100101111101000000110101
110010001011001101111110111000110011001010000010001010100100000101100000010010001101111101010001
010110100000111110111000011101000100101010001100110011101000111101111011111001100001110001011111
100110000101111001011110100110010010111000111101000011111010100101101000010101010110101000110011
000010010111000010110011111000000111001011110010111110000011011111110100110100111100000110001000
011000111001010011101011001101010000000101111010001010100100010001000000001000010110001110000010
001001010100110110010000010100101101100011000001010011101111110001100110100110100010111110001000
000000011101010100101111101101111010111011011000100110101010001101110001110010011100000100000111
111101011011011000010001001101101001101111010011100100111100110001000011111001000011101100001100
001000001101010111001011010000010001001111000010110111100110110101011100000110001100000010001010
110011000100110110000111000101010011000000000010000110010010011100100100110101100011010111001100
101111111110000101001101100110111000100010111010010010001001110001000101011110101110101100111000
001101111100100110110011001001011000101111010011011011100111100011100101000110101000001000111000
011111111111011000111101011010111010011110110011101000001111111001100111111001011100011010101111
110111100111101011110010010000100010100101101011010011101011001100101000111001010100010000011001
100011110001101000111111001001010111001010100100100011111010011010000001110011010100100001010110
001100000011110101101101111101110100101101001000101111010001001010000000111001100110101110000100
011110011111101111101011111010010000111111111100100110010001010110100111000111100001001111100111
111001010110001111010101100111001011111111001100100100101110011110111111111101001100101010011001
100111001000110000111100001110010110011101011011110001001110001111011001010110011100111000101000
000000101000100111000001101111000100010100101110001000101110010110110101000000110101000101010011
100011011111101111110010001111110010101100100001001000100010100010111010010011110110111110111101
001000001001011101101101010010000100010000011001110001000110101011010111110010011010110001010100
111011110100100001001011010110011110010001100001001011010101000101010111111111110011010010111010
100000100010000010100000111101111011100111000111111010111011001011100100010001101100101111101101
101110001110001010100110111001100011000111101010111001001100000010010100110000000011000001011001
010110100011001011110010110100101010101001011010010101111101110111011110100110101110100110000110
100110110000011001110010101011101110010111001100100100011010011010001101101001110111101111011001
110100101001000110010010101111000011000010111001111101011101101000101010100111100000110110100101
011111010010111011011100101000111110010001000010011001110100011010010110111011000110001010000001
111110000111011010000111001010100011101100011011101111000111011111000111111101010010010110100110
000100101100011100101001001001101011010000010110100100001010111111011110010010011101111101010101
100010011111110011111100011010101010100000000011011010100000001000111110101000001111010100101111
011001010110000011111111101001110000111101011100010010000001001101100011000101100000100011000001
000001111110101101101011011101000101111010110111010100111110000101100110100100011001100100010100
011010110101011111100100111001011000000111010100101110011000000111110100110000010011010110011010
011000110101011000000010010101110001011110110101100101111111100101000011110101110101100011001010
100001100010000100101001111111110010100011011100110010001001010001001001110001001000101110111111
101011110001001110001010111101010001101011000001011001111010110000001011000101110010100111110010
010001101011011001001011011100000110111100110100111010001110101100101010011000101011110100000101
010011100011011000100100000010000010110110100100000000001011110011010010000100100000101101010110
001100101110011000100001111010010111001001010101110110100111010100001010010110101100000010011010
110100011011000110001001111011110111101010100111000111010001100101001011011111010100100001111010
000010001101110001110100000111111001110111111000000001000111100000000011111111000000100010000000
000010110101001001000100000001111011101001110001100101110010110001000110111100000100011011111010
111010010001000010010000101101011000011111100100001101110011110110011011010111110001111011011100
001101100010111001100011011010100011000110010010101001100111100110101001001101111101001101001010
100111101001111111001111101101110100000010101011100010111101000010101011100101010000010100111010
101010000101000111100110100100100000110010011111110110110111011010000100010000001000101010000011
110110111110001001101100011011100100110001111111000000100001101100110100011010111100001010001101
110111010000111111111000001110111010011110011011000011010010001001000011011110011100011110111011
101100000011101111101010100100010011010000110110010101110111001110001101100011110000011111101110
001011000000011001011110111010000011100101111010000011100011010100101111011011010001101101100101
100111100010111011111100100111010001110010010110111101011111001100001000101101010100100111011010
100111110111010101001111111000001110100100010100110000001110101011101010010110111001000111010011
001111011111011101101000101100011011110110100101000000110000111011111100011011000000110001100001
110001011001011110101001111101100101001111100001011010111100111101110110001001100001101110100101
110000101001010100100110001001100111111001101110000000010010111111101100011001110010100010100000
100011111111100001000010110000111010000000111110110000000110001101010000111110100010011100000111
100010000011101000111110011101001011101100111010111101111001010101101101010010010010100000010011
000100010011011110010011001011010010101000110011010111101100010011101100111110011000101000100000
010110110011010101000001111011110110111011100000100011000010111111001100110010110000001100011000
000001101001000101011001011111001010100000010000110101111001101010100010110011101111011100001100
010011000001011001110101110111101010000101100000000111010010100011110011110010001111011011100000
110110110100100101011101011101101010110001111101100111000111011001100001111111000001110010100000
111001011111000010111001111011001101100001000100011001110101110000001111010000011101101111110001
010000100000100001100010001001100110001000110101001110100010001110100101100100101010010111111000
110111011000110011110110100111011110100111101010100000111100110100000001101001011100111111000001
010000001010011001011010010010000101010001111100110000111100010000001110010010001000100010111001
101111110101010001100111001100101100101111101011101110111100000110110111110001011101011000011000
111000111101001101001101000010111001100101010000110000010111100010110110011100111111010001001111
010101110010011000110111010010001001001111011000101101111100110111100001001111000100101101111101
010100110001001110011100001000010000111011110110011100010010011101010011000001000110010001000011
111001111101001010111000110000110101000101101100111010001000101011001011010011000011010001001110
101000000011101011101010011110100000001100011010000001010000010000010110001011000001010101111100
110001010000001001010100110111010011110111101011111000110010011110100111101110110100000001111111
100110101011101011010101001101011000110000111110001111111100110101000101110011010010001100010001
101000100011000111111110011100010001101111101111000100110011101100010111011001000000011101010100
110110110110011111010001100110101100111110100100110110101000000001111001111001100110100011010010
000101000000000110110000010011101110011111111010100100100111010100100011010011101001001010111111
001110010110010100110000101111111000000010000010010010111011100001010000111101101101111000010100
110010001011010010010100010001111111110111100101010101001011001100100100110110100011011110001011
000010001001000110100100101101100000011101111011011110010101010001100000111111110111000111010101
010101100100101101011111101011110010101110101101001011101101110110001110100000001010110000110010
111000010100001111110110001101010100011101000110011001010000111011010010110111100100110100011011
010010101101011000010000111100101111101001110101001101011000111101010001010011011101011111100001
011011111000110010100001000010100010011010110011001001100111010100101101000110111000101110110100
101110001110100111011110111101000000010011100001001100101001110100110001111011110010011000011000
101010101110110000111011100100101101110100011011111110010110011000000111010010011101000001101101
001101000100011101100100100000000000111010100010101001001001101100010010001000011001100100010111
000110000001010011000100001101001010111100010111000010110111111010000001000000011101101000101011
101001000101110011010010011101110000011111110110101010010101100011101001011110001101011110101100
011010000001000111100101010000001110011111001101101011101001011101100011111100000010111101111111
101100111100101111010110010011110100101101101100110001100100101111010000000101100010010110111111
001010010101111011101100000111010101111000000111111001010011101011001100000101110001111011111111
001001011110111111001100100111110000001111001011011010100001111100101111001000010111101111101110
000110011010100100000100100000101110101000110110010101010010111111101110001100011011011111100100
100001010101000001111110100110100010101001101010000110000011001111100010000101001100111101000001
100011011011100101110000010111001011011100101100101000001101011011101100111000111110011100110001
010111011111001000001110101001000011010010111011011001010101001010101111111101100011000011000101
010011011010010101110100010111010100011000100010111011100010000100110110000001100111110000001000
001001010011100000101100101011001011111001001011000010100101100110101110001100011000010011011010
110110100010000000110101100111000100001010100111110010010110100000111000001101010011101111001101
100011011000100100010100101111001010110011101011011110000010010101000000101010011101000101001101
111100010011100001101100010101011011010010110000111100110001011101001011111100110011111010000001
101011001111100101011001010100111001010100000111110110100111011011110000001111010001111010001111
111000000110110101011001110000001110000010101000011000001000101111110110010000100000001110111100
111000100010011000111100100110101110111111011101110100011000011000111111011110001101001110110011
011100110010111010100110010100101111100010101000000101100001110010110110011000011001000101000011
111100110001110000101011101000011101101011101001110001000011100111110111011000010110011011000000
111011000011010010001011011100111100110100111000010101101101101000010110001101011111000010111011
011100001000011000111001001011010011011011110100011100110001001000111001001001110010110111110100
100100010101001000110001010011111101011000010000111010011110001110100110001001010100110000110110
011000100111111101101111101110010011011011011111100010110101010000111100100010101010001001011010
110001000100011101111010101011101101001110111100000110010001101110101100011001110000101000101001
011001001010010011111101000101010010000011001100110010000010100011000111010001001110101011100000
100110101011001000111101100100100110000001100001000111101101100101111101110010110100000100010110
011101111011001000001000001101001011001110011011010101110100111110010100100111110110001110001100
110111010101010010110100101100110111101001110111010011101111110011101011110011011111111010011111
111010100101010100101001110001011001010001110101001111000001010001001001100001101000100100101000
011010001010111011000000001111001110001101000111001000001000100011000001101010101001101111000011
100001010000011011110110100001111010100001101000111000101010100001110000011001100110001011111000
111110111010000110010101111111110101001011100001110001010000001001110110010001101100010101010110
001010111010101100111011100011001111001000001100100011111111111011010011011101001001100010010111
100000101011000010011011100100101010100001001010011001010000001010001111011010011001000101110111
110100101100110001001110101100101101110011000110010010111000001000000100100000101100011010100001
111001000100100101001111001001001100111110100000001010110111110101010111110101011010100110000010
010001110100100111010011110010010110000011111110011010010011010110110100110101111100001011110111
100100100000011010001011110010101011111000010011001011111101101000011000100001110110100100110010
011001101111100110000011110011000100110010101111100011110000111110100011101001000010110111111110
011010101000101000111100100110010000010100011011100001100010111000000000111111011110010010010010
110111001000100010111011111110101100101110110100110110001010110100100101100101111100110000010011
011101001100111010101000001000010101101001100001001101101010011100100010000011000101111010111001
100000110111100100001111101111101100110010001010000001101010011100010110110100011100111000011110
100100001001011110011100010010111111000001001010101010011111111100001110100000010001010111111001
111111110111001101001000000000111111001000110100000000110001111010101011000101000000110001001011
011100001011100011001010110110101001010010001110011111100010000011010101000000100001010111000001
011000100110111101011011100001100100010010110000101101010011011100000111110010011011111010000110
000011011110100111111001010111010010111100110001000000000001111010111001100011100101111001001111
000111100001110101111000111100010101001111011011111001110000100000000001111100101111111100101110
111111111101010001110010010000001110100100010001001100101011000011110101010110110011110011000010
000100111100001110011010100011100010011010110110001000011000011010001101111010110100111010001010
111010010011110101010010011110110101010001101000011011011000001111011010010100011011110011011101
100000011001010110010100010001011001100011110110110001001101100010001000110011100110110111010100
110010000011001010110110000001011000001100110111001011101010000001111101100000001110001111011000
101001111111000000011000011011110111101110100101110001100010110101100111101111000010111010010001
100011101010011110110111100001110101001111011001010000111011011001011110111111101010000001111111
010001001011001111011101111111100010010001001011001111011111110010010010110000111100101001001111
101100100011000101111101000011001010000010001101000001100011100110110111011100010111011110001111
010010011111101110101000000101111100010111000011110000110011001101101001001101001101001111101111
101111100100101101011111101111010011110011110110010111011101011001010101000101101010110010111010
001010001011100001101000001111010100001001010011100001110001010100100111110001010001100000011111
100110011100110101111000000111100111001001010110000011101010111101110000100101110111011111100001
101101010000011011111011000001000000010101001010110101110111011000110011010110101101000100111000
101110100001011010001000101000100001100111100110110111010100010000100111100010100011111100000110
110010011110000110001101011100110101000111001000101010100001110010101101100001001100001000101010
101000110000101111011011011101000011101011011111010000111000100100101101100000101110010111101100
001111011010010011000110000001101110011011110110100011011001100010011011000011001100001111111000
100011101110111111000100100000000101001010001001011011101111110011011110110101100010001100000011
101101101000011111100001111111001010111001000111100010100101010100100001011100110001111000101010
100010111001011100100001111001001010111100111110011000001111001011010101110000100000000111111111
100111100000001000000000111001000111101111010111101010111111010101111011011110001100001010011101
110000011111100100111111111111111011110101010001000010011010100100100111101100111011000100001011
001001100010010111011100101101110110100010000100111100011010001010111110110101110101000100010110
001100000110110110010001010111101101010110010001010101001010101110100101111001100110001010111000
110001010011111110000000110000001001011111000001101010100100111101000011110011011011110101010100
111111010101011101001110000000100011011000100111110010000101111010000111110000010000110100001111
010010010001111110111111001001111110110110111111111000010101010000010101110100010000010110011101
000100101011110001111001111100100100001011001001110010101111000111111110101010100000000111011111
100001001101011010000111101011000001111100100001110010011110010100100010010110100000100101001010
001110110110110100000101010100000000000000111110111011110110011111000010111001001010011010001100
111111011000001110000010101001011101101110100011101011011000010011010001000111111110010100110001
011110010111001101101101011110000110111111111110010001110000111010010001001110101010011001011001
111011110010111010100010000011100011001110011100101111000111101000100110101110100000100100001000
011001111110001011111101010101010110010010011111101010111100100000010000011110111000111100000101
110110001000111000101011100001000010110010101101101111001000010011101110001101001011111011101111
000000001111101111101111001101111100110101001100001111110000010111010000110011001001110001110111
100111000101111001110100000100001011000111010001000001000111001010100101010000010101100010101111
011110011110000100100001010111011001000001101111100111110110011000010011011010010011010101001100
100010110111001111011011100100011111101000011110011000101000010100110000110000001101110011000110
110101000011000011100101011001011110100011011101101011011001100010000000101010101101000001011011
101111111000001100010101110101011000001011000001100110110010110110000011011010001111111011110001
010100101001000100011101101111101010111100011000001100001100101101011001001000001101100000000110
010001100101000001001100111010101000111000000100110111011101001000101101001011100001101011010100
100001000011011010101101111101100000000110001001010110100111110001000100010001101010001100110110
010101101110101100101000011111001110011101111011001110110010011100110010010100000011010111000110
110111000101100101001100110011000011010111100101010000101001111110111100010111000011001100100001
010010001000110011010100100110000111011011100111110100111000101010001011001111001010100001100100
111010011001110100011110110011010001111001110010101100110010000010111100000000100100101111000011
100011000011110100111111011001010000001101001111101010111010100000010010111101101000010100100000
010110000000100100001010001001000010101000010010100101010010101010000101000011011100001101100111
010010000001100100110111001001000010111101110101001101110100111011101011101111100001001010001110
000101101101100000010111011010101100100101000000010111000111101111001010100011101011010010001111
111001101101001001011101010010110000101000110111111111000000100001010000010000111011001010111111
010011000000100100101000010101010011110011111100111110101111100001110111111010110010010100010010
001010110000011101100111000100011100100101010011101010011101100101101110110010010011100110000111
011110100001100011001001010111000000000111011111111110010010111101100001100111111011111100011001
001100000111101110011101110110011111100010000000000001010001111111001011100101111101000011100100
110111010000010101011001001111110001110110101110000101010110100111111110000000101001001111110100
010000010100100001111001011101101011100000010111000010011001011101010000011101100010001101001111
100001100000110101001001001111000010101101011101001010110001001011101000010010011000001011101010
010011111110110011000101101011001011111011101011010000110011110011111100010100001011101111001100
110011111001110001010011001010011101011010000110000010010001100111000000100111101001101010110110
100010101100100110000101111010010111010110010101100000101001100000111110100101000001001100000010
110100100111000100010110010010111101001011000010000010101111001110000111011101010101110100000101
110011100001100101110100111011110000101111111110011000100000111011101101100011001111001111101100
110010111111110000100100101001001110110101110101100000000010011011011010110010100011110100101011
000101011010100000000001000011101101100000101011001001010001000101100010000010111000001000101011
110001110000001111100010101110001001111100000010010010100010111111100001001111110101100001001111
011010000011100110011110101101100011100110100111100111010001100100100010001001000001100100011101
000010011111000100010000000010100100001110000101101010111111000101000101101010000111101011100101
100001101111011001110000100101100111001111001101001110111111111110111111001110111001100101101101
110111011110000000101000111011011110100100000010010111001011100111000001110111000011000100010011
110011110111001111000100100010010010011110010110001000000111011101100100101110000010000100010111
110110100001010001001010101110010110001111010101011011010001101111101001110111010001011001101110
111000010110011001000101011011100010100111010110111000000000010101101011110011000000000101001001
101001110011011010111110000000010010111000001011110011000011110001001010010010101000101001001100
101001110010111110100000011000001000100011001101010000101000110110110001111000101100000010010010
110111000001100001011111110101011010110100111011000100010011010110010011101101001001010010011100
000010111011000001100010101000011011101011100110010001010011100001010110100001011010011010000011
000111111110111111110010000011011010110110010000101100110011100101000010110100011001100110101011
011101001011100100110110110011010010001000000111010110011000001111110110010010110110011111001010
111100011010010101000100010010000110011110001111011101100111001100101000101011011001011111101111
101001010110011110001000110111000001011001111111011000001001001000101100111001110001001101000101
010001010001111101111111010100011110011010010111100011000110101010010111011101000110011010011010
101111100110010101001111100100001110000010111011111110011000111110001010101101011100001100011110
100100000001110000110001101101001101111100000100000111111000101000101011101101111111001110101110
000100110111010101100101001000000111110101000101110111010110110001000111001001000011110100000000
000101100111101000000100011100101011100100101101010000010000101011111000110100010000100110001111
110010001101000111000111001000011110111111100110100101010101010100101110101011001010110111101100
110011011101000011111011111111101110110110011101100101101100110111111101010100100101111011011100
110010101010101100010010101000001001001011110010010010011101101000000101100111011001101000011111
111011111110111011111100110000011001101001111111001101001110010110101000001010000001001011111100
110100110011100101110100110111101000111000100010101011000111111110001101010010100000100100101101
101010111101111111011110110000101000010011000111010111110010000101011011010011010000101010011011
100111101010111000111101110101000111111000111001001111110110111110000101010011101111100001001111
010101110100110000101110011011110000000101010001000110110010111000010010011110011000101001001010
000101000101111100100010001000110001100000011010011011101010110010110010001001000111001110100111
010111001010011101110100110101010111100110001111000101101010010000111101000100001101111001010101
011111111101100101101010101001101111001001101100100110101011110101010000001001010100111010001000
111011100100101111011000100000111100010110110001110101011001001000011110101011101101011011001001
010110011010011101011011101001000000010010100100000001001010010100001111111010000010010100010011
111000011110011100000011111100101001010101010001000110011100101011001111111111100010010111101111
100101000010010010110011110000111110001101111100001001100111011010010001110011001111011001010010
100010001101001111000001111010111011111100010010101001001000110101000000101010100011101101010010
001001011000111110100011110001010001001011001000101011011110000010111011001101111000100100111000
111010111000000011101110000100000101000101000000111100011111001010101110000001111111001100101011
010000100010000110101000100001010011100011111111110011111110000110010100110001011010011011110010
000111110111000111011010111110101001111111111001001010000011101111110010101101111111001001110100
111101010001001000100010001101110111101011011001001001011000110011111010110111010010100110001110
011111011101101111010111000100001111100110010011010101111101011101011101100100101001010011011001
100001011001110110100010010100011001111111100010111111101000011010000111110011010000001000110101
011110100100001001010111110110000000101100101111010000001011000011011110001111001011001111000111
000110011000110000110010111110001010111001100010100111001111101011011101111111100001010101101001
010011101110000000111111011001011010111111001111011001001111000111101111000010110010001011110011
011011010010000100100100000001101001011100111100010111110111111010100011110011110100101010011100
100111100010010000010101010100000111011011100100111001010000000011111000110011100110110011101011
111100111100001111010101100111000000010101001011110010100111000000010111011110101110110011011010
110011100001110111001011011010000111110001101011111101111101011000000100111101010000000000110011
110100101001010000111000111010000101001011111110101111110101110010011010101011101010001011000011
000001011000101000000001011101110001011010000010111111110011111100111010101010110010100000100000
110010010011010100010110000110111010001000101110101110000010101100001110011110111111000000000111
110000101111100011111000111011010100010011011010001111000001111000101110101001110101011000101100
110101010010001001010101011001001000101110000010100000101001100001000000101110010011001011110010
011101011111100001000100101000101100001100010000101100110011111001111011001101111010101101100110
011101110001001111010110001010000000101111111000010000101001000000110001110111000100100010001100
010011010001110100101110001101001010110100110001100000100100101110001111000010010000011001000011
111110110100010010101111010010000010010001000100011010110000001011010011101111011101110111110110
001111110010100000101100010101011101000110100000000010110100101101100011000001000100100001011101
010000011100000010100100010100110000000110111110010100001110000101111111000000001010000001111100
111011011010010011010111101010011101111100001100100011000110110110001100001000001111000011101010
001001010000010111111111111001111101000000000101001110101111111111101001001010111110001111101010
100001111010110101010001011001001110101011001001000010100101000101111011001011001011000010000110
111100111100110001000000110100011110110010000011111010001110000111101110010100100100011110001100
001111011011011110011111000011111100101010000100000110010010100001111001111100110111001101011000
111010100100001001000000101010011101101101101101010011010000000000001000110110010100110001001111
010011110001111100010011100010101001100101000010010111110011010101001010100010010110011011001011
001111000101111111011101111000011010001110010011101001011110100101001110010101110010010110101000
011000001110011000000100010111111011010000011110101101011111100101111100001100100100101110011100
010110110101011111101101011001000010011101010101111110101110010011101010100111000010011111111001
010011010011100000011100101111110111111111000001110000111001100101110110011100100011110000010110
111110100101010101000001010110001100001000010001101011000001100000111110000110010011000111101101
110101111000110011111010011101111101010101000101001110111100001001011100100100100010001111000111
101010011111100010101011100000000000000101110011011001110000010010101010100101011010101100000110
111010011001101011010001110011101100000110100010100011000011010010011001000111011100101011100110
011000100010111001001111100011111000100001100100001100000101001010011000010000000010111010000111
001001001110101000011001111111100110000100001111011010011101000100001101101111101011001111101110
000011000011001001000101110100111001100110101101111000011011111000100001111101100000111111001111
110100101001011010010111111000101111101110010011011001111110111101110001100101101100000101111000
010010001111001101010111000001001000100001111011000101011001111000010011101100110101010011101000
011001000001011010000001101110010110001110000001010101001011011100000011010111000101100000110100
000110111111100011100100111010111111101100011010010011000101011010000100111111011010101000010010
001011100011010011010011111011011110101111000011101100010000101100001110011101100011011010010100
001000111000100101110011111011010111000011011010000000011100011101101010010010000100010000101010
100010010000100111100110001010001001111101111110100111101101011101111101001001100100111000111100
000111011111100010010011100010001001001011110010110100010000100101110001110010111010100101111101
111011110111101101011011011101001111111111110110010101110110101001010011010001101100011110101010
101011110101110110011001111000010101010011110001100001011000001010011110001100011011110101100110
100111100011010011001010110110111001110011100111111111000101010111011110100100000101111100011101
101101100001100111010000011001100101110011001001000111011101011100100110011111000011110101011010
101001111101000001100110101111000001000010010101000110111110010100100001001100010101010001110100
000100111101100011100000010111001110000110011110111111101110100110011010110000000001111010111010
100101000101111110011110001111000001111010100101100001001000001110000010000001101111100001000111
010001001001010000011001010011110011101010000100011000001111001110011011011100100010111011001001
100010010100011000110000110011001110100001110000010110010100101010100000100100000100001101101101
110100101101011001000100101110001111110110000001010001100011110111111001110000100110111100111100
010010011011110011010010110001111100010001011111111111000001110111001011001011101110000010010001
100100001110111100000000100011010000001110011111000000000011101101101011010111000001011101010101
111010000110001011101110000011010000011101011011110101001000110101110111101010111001101100000011
001110011111111000110100010011000011100101101001101110110011110111111100101100111100010100101110
101101011110100000010000111001011111100100110011010101111110101100101111100011001010110001000111
101100010111001110011100001010101010111011001110000010001110110011101000011100011110101010101010
110110111111001000000000010000010011011100000010011101110011011010001010111011000001000001110110
010100011111001110001101101001110010100000100110011100001110000110010100110100010111101011110100
001000101111111111111111011010100110010010011101111011010110100111011100010001110100011001111100
010111010001100111111010111001001100111101011001110010011111110010001111011101011000010101011100
001010010111001011100011001110010100100101111011000100101011010000011010101000110011110000111010
001010101001110111111010111111001001011001100111001000101001101110011111101101000111010000111011
110001101100101001111010100011010101000010100010010010011100111100010100100011101010010000000000
000001001100100101100000001110011010011000111000010111001010001011000011111111100011000111110000
100100011000011110111111010000011110100011000111010000000110100010101010001101110000100000010010
100000110111010100010010100101110010101100111011101000000010101110100100011101010100111111001010
110100100111011011011110010011000011000001000111100010101100111000101111010010001000011100011000
100100000100000011110001110001110101111001101000110001000011110000110010000000101010110101111101
101111101111100001101011110101011001011011000110110110100001011100000010000000000100011101000001
110111100110111110000111101101101010000100110010010111011010010101010001011000100101101000110101
000100111000000000010101101101001001011001001010110100111001100100010110011100011111100001110100
111110000011000110011010110101111100101110011001110000100011101011101100011001000110110000110110
110111101101101111001110111111100101101000110111110001111000110010100100010111101011101100010111
111001110110101110001110110101000000011101100001010100100010001100000101011001011011001010101101
000111101100000110110101110111011010001001000001000010100001111110000111110100111001000100011110
111111101000001101010000111001010010110111010110010000011001100011110100110100001001101101010110
000111010000101110010000111001010000100001011101111100010001011100101010000101100101001111010001
010000001101011000010011001001010101101001010100001100011101101101101101010010101111000001100001
001111101110111010110100000011010111101010111110101111110010100101110100000100011110001010000011
010010110110100100011110000000101111011010001010101111011000100111000001001110100000001011010000
101001011111000110110000101000011010101101000111101111100011100101001110011110101100001100011000
010101100100111110000000001010101101101000110010011001000001010110011010100100111100001010100101
110000000001101010000101010010011110011101010110010011101011101011101011000100100001011100001000
110100100111000010000111011111010111011011100011101001001011000010001010101001110100111101010011
111001000011001100000100111110010101110011000110101000010001011011011100001011111010000000111011
110101111110011111110001001110110000100110111101010010111111011111111111001110000011101010010001
011001111001010100010010011100000010100100100001101010111111110101000011101111011000111100001001
100000110000100101111100011110110010011111101101110101000111100011001111011110000011101100010010
101100100101101111000011100001011010001001110100010111111011011110011010000111000100110000000000
111100000011110100110000000100010010100111001001110101110010010111100011100100000010011011100110
101110110100110111011011101100000100011110111001000000000000110110111100011110110101001101111110
000101010101101101010100000111010001110110100010001010001110100000111001011000100110000110001011
101110101110010100101001001100101101010101010000110111010110110110101000010011011010110001001101
101111010001000001111110110100010011000010011101100101110001110000101110110111010010100001010000
110110011010101001111011101100010011100010110111100110100011011111111001001000011110110010001010
001011000100110110010101010100101100010000011010001010010101100000011001010011101110110001010001
110011000110001100101011100110001100101000011100100100100010111001000101100011001010110001001001
100010011101110001011001001010101100101101111011111000001011111100101101010010011011110000111010
000110101001011000001110010100110001100110101010100000101110110001011001011010110111110000100000
111101100001101101001111111000111100011000100100101011011010000101101100111000110111010000101010
001111001001011101100100110001001110110000010010111001100000110000111010001011010011111110000010
110010010101010000100110100000111001111111111000101001001011110001110110101111011101000010101110
000100000001110101001010011101110100111011000011100010100001010010010011100000001010111110011111
001100101001111110001001011111110011001100110101000101010010110100001010101111101101110001100011
111011010011010111010010010110101110110001110000010111000111011110100010100101000010001011000000
010010011110001111010100101101110011010110100001110010010000011100010010011100101110011000111100
111010100111101000001001101011100001100100101110100100110101111111011101101000010010101010111010
000111111101101000010101111110000001001001110101100100100001101001000101000010110100011101110010
010000000001111001100001110010111111001000101011110010100110000110000111101100101101011011100010
010101011110101100101010001011110011010000000010011110100111110101111100101100011000101111100011
101100100110101110000101110011101000000010111111111111100010010111000111010001000010110111001100
000001011010010000010111000001001101010111110101110100011011011100000100101001000111010111110111
000101110001001010010100001001011111101110100111110101101100010001011001000110111010110001110101
110001001110011011110010100110010110001100101011110001111110111000000111101010101010010111001011
000000010000001101111111001110001011000011100011100101001011100110101000100011100111000001110100
110100101011001000011100000010001010111110010110000001001111000000100011100000011001010011010011
100011110111001000010010010111000110001011110001000000100110001010101001010101011000111111100111
101100010100100101011011101110100000010100010000000000111111101001100010100010000001000111010011
110101000100010100010000100110001100011000110000011011111110100110011001000110100000001001111110
000100110101101010101101110111010101111100111110000011010000110110011001001010111101110100100011
111101011101000011111101011001101101110111111101000001110111110000111111101001100111110010001010
001010001111001010110100101111101011110011001001100000001100110101011010101010001000001001111110
010011010000101011110001011101110111110100111000111010101111111101100101010100000101100101110010
010110001010110101111011101101010010001110111000000001110101101110100010100010010010110100001010
011010000110111000000010001110111101101111001011100000111110101011011101111101111001111111111101
000010101011101100000000110101000001011111000110101010110001111010011100011001110101111011110010
011011110110010110111101101011100000001101001111100110100001101100010100110001001011000010100001
101111111001011110010100001010111010011100111011011001110001010111011111001000110100100011100111
101110101001011100000011011001011000011111000101001011101011110001011110110101101000110100110101
100101100010010000000010010010100010110111101000111101111100011010000111100010000111110100001001
000001010011001010100110101011100101111001110000010000110000000111000011110010110000010011011101
110101101101110110100011100110110100010110001000000011001111001011101101001110111000010001010101
100011110100011100010000110101001001011001101000001100100011111000011111011111011100100011000111
110111000000101001110001010000011001110111110000110111001001101000101111011000010001010011001111
100001111101010011010000011111000011100001000101111110100101110101110000101110110111100101000010
011101101001110111111110000101111010111110111110101010000010001010000100000000100011111100001110
101000111011101100001111100110100100011001110000100110111010111100111010010001000011101100100111
100101011111001110011001001011000111101101000100001001001001010110001101010010100101010111011001
101111101001100001011101100111011001101010101000000101101100001000110011011011001001000110101100
111111011100000101000001101010111011000011100011010001100101101110111011010110001010111010111001
001000111100110101011000001100000100101011011010001110111101001011010000100110110110011101000001
001111011001001000100011000101100111111110001001010000000001000001011000000001111000111000110110
111000111101000001011111110100111101110110011110000001111010010111010000111000001010110100100011
000100101110011001011111111101100110100100100110001011111111111000000101011000110111111101010101
011101000001101000000111001010111111101100001101100101001111111000011000100011111001101110100010
110010100110011001001001011011110000100001100111001010111010111110010010010001010110100111011010
010111000011000101010010011010101011101110011100010001101110111111010011001010001111000010101000
110110100010100100000111111001110011000001000000010011110010111111101011010000011010101011010000
000001110010010010010111100000101110101101011011000111101101001000010101111100011111111000001011
001110011101111011010111100100000111100001100110011110000010110101111011101101001100010110100011
000110001000100000111010001011001010000001011010000101011000000101011100101100010001000001000101
010010100100011011010111001110010000000110010000000010101101001001010001010100011011101001101011
011110011101101110000110110000010101101001011110110011010110111001011001001111111010110100010000
