011101110000010011100010101001101110001100010111011001011111001010010101101111000001000001110011
000000111100101000010111100011000011011101111111011110001111100001110011110101011111111101000111
101101100001100010111111000010110000110000010010101011101110011000000011000010101100011000011111
011101011011001101110010110101011011110011010110100001000001101111000110011101111111110111111111
000000001111011100110011010001100101110110100110100000101011001011110100101011001010001100110010
011010011010010111101100100100010011010011011110111100011000001000011000000001011100111011101010
011101000000110110010001011101111000100011110000001010000110100011110000111001110000001110011011
011111101111110000011111110100000101101101110011011110111110110111110011010010000110101010011001
010111011101111110111010101000111101001111011001111011011000001110000100011101100101100101000100
111011011111000100100000101010001110101110100010100010010000001110000101000011100110010110101011
100100111101111010000110100001110110111010010110100010010111101010110001011000001110001011000011
110100101001000100110010111111100010101111000111100100110100101011100100101001011111111010000110
101111100010111111111100111000010100000011011101101111000000110111111011001010111111010010111110
101101101010101111001101011100000010101000111001111100110001001011100000010101100001101110011100
001101110111010111101111011010000100000110001011101000111100010000100000011111001011001000010100
011110000100110111001010100011111111000110000101010100110110111011100000111100001111000000100111
101011101001011100001000101010110000111100010011110010101010011100101111001010111110001110100011
001011010010011111001111101011001011010001010001011111111001110001111101001100000010011110110100
011100011100000010011111110000010101100110001101001001101001100111111110000111011001010111100010
010011100011111001110100100001001010110010011000110110111101100101001100001111100001001100101011
101001001000110100100011100111000010001010110001011001101100011110110011110001111100110101011110
000001011001011000110111110110011000100011101100011111011101101101110110111100010010011000001010
000000001000011111001011010101111110100111100000010101011000110110010011100011000001101111110011
001001000100001111110101100001001110101000100111010100001100101001001111111101110010010101000111
101110100011000010000101001100101110110110000010001010000011001110001011011111101100001011000110
011011001001000111101110101100101011100110111010001000011010001001101101001110011000000101001100
101010000000001101000000001110110001011010001000000011111110111110101001010010011000010100011110
100111001000111111100110010100000010110110000001011100101100010010110000010110101110100000011001
101101001110111010011001110001110011000011010101001001111011111100101111010010001001011001011000
011110101010000110000001110010011100101111010100001010100001011111000111111001111110110101110111
010011011001010101011001111100001111100000001101110000011001110111111011000110100100001110101000
100110110100000011011010011111111001110110000111010010100100101111110100010010000100010100010110
101010110010011000010010001110000001101011101010110111000011101100100001110011101001100100000001
001010010011111100101000101110001110100010101101100110001111100111000000010100110011100101000100
011111111000010010000100100100000101101111111001111111101111011111110101110100101010010110100100
011010011100001111000100010110000111001110110001100111100100011110111100011100101001111110010101
101100110010101011101000101110010101100011001010001011000111111111101100001100011000100111011001
000011000000010010111110010010010110001100011010111000000000111111010110101110101101101111101100
101111011111011111011011000110100101110011010010111000100110011101100011000011011111000011110001
000111100101010010011001100000111001000000110100001010001001111011011111110110010111011101101111
001001001110011111101011101000110101110101011110000100000011010001100000000001011110010000010100
010001010100000111011110000001011101000001101110001100001101101111101111100100000000110000100001
100110011010100110100010101111010110011110001010100100001100011110011110111011011110010011000010
111011000011111101011001001111000011010111110001100100101010010100111111010101100111010101010010
100010100011100101111111000101111010001111001011100100001010010001111100101010010110110110111011
001110110111110011100010111101111011010111101011111101000110010000000011100110001100001000001110
011001110101101001110000000001110001100110101011111100000010111001111110000100001100010110000010
111100001001010101001100000010001011101001000001111000110110010111100110100010110100000110100111
011100111100010001100000101010100110100011011001001101110001111110001100100101000111011111111111
001010111111001111110101001101100110001010101110011101100111001111100111110001011000111101010100
011011010100011100101101110000110011110111001111001110011110001111011111100101100001011110111000
110011100101010001111000110101001010110001010101110100010110100010101101110010110101000000101000
001011100101001101110111011100111110110000100000011101100100111100011101100000001001001111011100
101001011110000110011010111100110001110110000011101011100010110111010011011110101110100111101010
001100111000011110110100101110110110001000111111000011010010001001011110101100001010111101110111
101011011111010000100110110110111010011101000001101111110011111101111010101101000000110111010000
000010011101100000000000010011111001001100101100100011011011100000101100111000011001010100010110
111101011111000111001000001101110111111101101111001111110111000100110110100010100010111110111011
100100011001111100111001111011101101000000111111001011000011101011000001011001010001011110110000
010011110001010000000100111111001110100011100000010000110010111000010001101011010101100011101101
101001101101110000110111100111100000010100100100101101010010001100110100011001010010100001001011
001111010101100010100101111011100101101010111011111000001110101000100010001111111010100010101100
011111110001010000000100101111111010000011000001010000001110001100111011001000110001000111000001
111100100100000110110111010100011000111101110101110111010100001111110011000111101111000010011010
001000110111101110011100001011011001101010100011010000110001011000000101000000111011001011001000
101010001010011101011011111101011010011010100000001100000000001101101110111000000101000111110100
001100111100001100001110010111110101001110111000111000101010110111010000111000001110010100101101
010001111001010001001110010000001011001010010000001000111010111001000110100100110111100110010001
100110011010001110100000111110110010110010010000011111011100000101111101111001111111010000100101
110101010000101100001001000111011100001011010010101000100100010011100011100011001000100101011100
011110011010001101011000101111010001101000011111011100100011100000011001010011011000100110010001
101001100110001001100111100110101001010110001000001101111011000100000001010101000001001100000111
001000010001111010110001001111011010011110000011010111010110110100111111100100001011101101110100
101010100010100011011010110011011100011101011100001100011110010001010010110010001010111110001000
001011101011010000001111101110001110110110110110000010111000000110011000010101111111000000110010
001011001000001101111111001100011010101100110000010100111101111110110110011000100000111010101111
001010001001001101110011111110000110001111111010101010111111011111001111100011011101000001111100
100001110100101110101110000101100011000110110001001110101010110111001110110010000100000111010000
110011101100011010100110100001110000001000011010110101101111010000010110010001110001001011100010
101110111111010111010000011110001011001100100101010000000100011010100101000011001010101110010000
001101110001100110111011000111011111010000101001000101100001011100101110000110101011100111110011
111101111010101101111100011110111101101000100110110010001100010101011101110101111101010110101100
110010111110101101011001101110100111011011010001100010011111010010100000101000100110011010100101
010000000001011000010001111111100011000000001011110111000001100010111000101110100010001001001100
010110100011011100111000110110001001001101001100110111011000011001101010100110110011011111100010
011101000110100011100111110010111010101110010110100010101111010111000101001101010100101011000010
101011100100001101101011001010010011001100001100010000100000101000010101111111001011010001100101
100100001100011110100100011010111000110010010101110010111110101100010101001100111111100111111000
111110000010000111011101001110001100011001001100111001000000101100100101000000001011101010010100
111110110000110100101011000001101011011001101010111000111101111010111101010100110100011001010100
110001001000011111110101100111000111001111000111001001011000101110110110101001011011001011111110
101001101100111010111101010101000011001111111010110110110011000111110001010110111000111111011000
001100110101000010011001011110100100011000010001110010011110011011100101111110101101101100101111
010010111110001000111000000000111011101011110000011110101011000110100111011001010001100110110010
011001101100111111110001111100001111011110011000010100001101010101011001000100000010000110110101
101111111000110010011101110100010010111111110000101011000010011001110110001111011000100110001000
111000111001101100010001000010001110010111010010011010100101110100111001110100111111100011000111
110110111010011100000100011110110001110110010110111010010001010111101111110100010000010010101011
000000110101000110011101100010110101111011001000100000001010111010101111001000111000011000011011
010100100001000110000111010001011011011001011101000001000100001111110000100111001001001010010111
000000101011101110100100110111100110100101011111000101000101100110101010110111100011001010111000
111101001011010100001010001001100011110110000110100111011110000100001100110011101000001011001000
001111010110000010010100101100101110111110110101001000111010111111001111111100011101111100101010
001111100000100111101111011111000000110011101011110001000111000001110111111011010110001110111010
111011111010111101100101100001010001101111101100001011101011000111111000000011110101010110001001
111010011111001001011101111100011000101001101100100100000101000110011100111000110001011100101010
011100000000000000011010110010001111101100101000100101101000011110011101000001010100011111100110
111100111001011000001000111001111111111111001100111100000101010000011011101100111000001000010100
101000110101011101111001111010110111111111100111000110101101000010110101000000001100110001111111
111001010100110010001010010001001101011101000101010110000111110110111010010011101111111110111000
000000100010010110010100101111011001101001111111111101011110001111110100110000011111100100000111
110101001000010101111010010000000110000010110110001001010101110010010011111101001100101001110111
010101111010111010111011001100000000011111100111011100011011101000101010001100100001111000100101
100100001110100010100110100100100000000010000101010010001101001010110011101011111001001101100101
001001001001001011110011011011100101111000110001111010000010110100111111110101101010111011101101
010010001010010001100100101101001111100000111110101110101001110100100001010011110111100011011110
010100101111101100000111101000101000000111101001000110011010010111111100001101101000110000110101
000110001001001000111100101101111001111101001010001110100111010001110110010110010111001111001000
010011111000010101010110000010011100011000111110001111011100110011110100110110011110011110101010
011000101011100000000101001011001111010101011110001111011111001010011101101101110110111001000001
011111000111011001001001001011000001011010011101111011101100000110011100101101101101110110110011
011101011000110000100101111010001001101100010011011101101110110011110110111101011100011000111101
101101100111110111111111010100011100001111110101110000110100111010011011011001110110011100001100
101011111101010000111010101000110010010110000010010010110111111111111010110000000010000000110100
010001001101011111011000110101110001100110000101110000010100000111100100000001000010000011010010
101011010011010010011010000010010110000100111111001001011010011110101011111001011111111010110011
111001101111000010111000110011000001011010000100000010000100000001110001100011110000000111101100
100100111111000100000100110101111110110100111000101100100011000101111111000010100110101011000001
110101001000010101100111000010101010101110001100011111011001001110010101110101001011100010001111
010111011011001000110100100111101101010111010110110011001110100010110100111010101000010010010100
000011111010011000110010011001001010101110111011000001100010001100010011110001110011111110110101
100010000111110001000000001000101101111011011110110100000010111010101010010001101011001111010101
110010000100011100100110001010011000011001001011010100111000011010110111101100101100110110110011
101111100011110001001011011100110010011011011000110110110101111010100110001011101110110001000101
011100100010100111111000010111111010111100000010111001100011110101101110011110101100011101111101
001100000111100100111000110111100010000011001000011111000100111010010111011101111010111110111100
111100001110110110100001110000100110000000000110010100110011010010000100100110111010011111001001
010010000110001111101100111000100101000000001100110011100101010000100110110011000100000000011110
110111000100100110010111100001010001000000101001101001101110001111000101111011010100001001101110
110010001011110010100110101000011010101011111100011110110011001010100011101110000110101111010111
010101000001111100100010001010111111010111101101001111000010000011010101011100111111001010111111
000101010110001110001010011101011111110110000111001101101011100101010001010100101111110010000000
001100110001110101010100110111011011000100111100111100101101001011010010000111011110101001000001
100010011100010111001000011011100110110111101110011011101110001111010010010010111010101011100001
110011000010001100011110111011100011011011100010010110111101011011001111110110101010111000100000
000011111011001010111100000111011111101000011010101001100010110111000100011010100001111101011111
001000100101111110011010110000100011000101111010000000101101100100001010100100011101000011110001
001001001100011000010101011010100000101000000010010100001000011010000100001000110100000100001010
010001010000110000110011000110110101010101000001110111110110010000010100000011111100010111111100
101000100011111000011101011011011001000101010000110101011000101100001010110111111110101100100001
000101110011110100000010101110111001101110101010000001111001101111110001000111010000010110010001
111000010001110110011000100100101111000001100101001110011111111011111111110000000000111100010111
001111100000111011110100101110010111000010000011011101110000110000110101100011010101001010000100
111011000000100001010101010101010111001100110101100110111111111010101001101101000111101001011000
111011011111110111101110100111101001101110000100110100101101100011001000110010111100011100010010
101101001000000111010011111111011010000011101111011100111010101010111111011000001101011101110001
011101100011111111000001010111011011101101010010111111101001111100101100010100001010111011010101
110001101001111101011010010000011100000001010101011000001011110000001000010000000001001011111000
110001100011011110100010011010110111100101110101010111000000011011110101100100111110100101100100
110001100101101000010100101011010000111101000101011011100000111110000101100111010101001101000100
110111010100000010100011100000000000010101011000011001001010000100001000101010000101101011111000
011001001101110010011110000001000001111111001010111001010010110010010110001011001010001101001100
011010110111101111111010101011100001100100011111100011000001011111101001111101010111010110101101
011100011000000001111001101110101111010101010110110001100011000111011010111101001111101110110010
111011010001000100010000000111011010010111010000000100111011100000001110000011000011101000101001
011100010010100110010011010111010001101000101001101011011010001100010100111000100101001111001100
000110100010011011110000011011111000110011010011010001001111101000111101010111110000110110011111
001101110111011101101110010101001110110001010110010000001100101011101001001110111100110001000000
111011111011000000101111000010111010111000100010001011101001000111110001000111101101000010010011
111000010111000101110000001100001100111111100111110101110001001110000010000110010110010101000111
100011010110011010110001110101111101000001101011101101101001101010000111101001110011001010000011
001101100000110000111110101001111101100000100111110010001011111101111111011000111001100000000011
001100000101011111011000010010000100101100011101100110001010000010011011101011101001101011010000
011110010101000110001111010100011101001010101111110110100110011011000001111000000111011000001010
110101000010010101110000100100111011000101001110010111110000010110110010110011100001001110001100
010101011111001110110100110101000010000110101111010011000011111010010001110011111110010010000100
111011110101111110101000100100111101100101011111001110110110010111100101100001001001000111110111
110001111100010100101110110110001010101111100110011011010101001001110010010010010010001111100010
110010000101001000101111111110101010100111000100110000111011001110011111000111000011010010000101
010001011100100000111110011011111111001001011110011100110000111010001000000100111110100111100111
010100101010101101001100011111111011001011111100100001110011001100000101100101111101100100101010
111110000100111101011011110101101001000000111010110111101100100100001000110110010010110001011011
000110011100100000101110111101100111101110101110101110011101010101111100001011000001100100010100
110111001011010010100010110101100100010001111001101110110100011110010111010011110011101011111110
111010111111010000111011111101000100110000011111100100000111000110101110111101000001001000001001
100000001100011101010100100111101101011010000100010111010100111110110001010110001110101011101010
001100000100100011001111001110111110011110010011000110001001000101011110011001100111001111010001
010000111011010000110001111011011101000101001001100001001110011111001011011100001011010011101001
110101101110010001000001000101101111101000101100011100001110001100000001010001001110000000010001
010111110011011101110110000100100111001101110110111100100111000101101011111111000100000010011011
001000010101010101001111111101111000101111000000101001110101000101110000001000110000000110000000
010101001011011100001011011111001111000011011100010100101100100110010011110110101000110101011111
000000101010111110111100100110111010000011101110010110100010101110110111010000111110010110111101
000100010111110100100000110011010110010101001100110110100011011000011110010001100011100100011011
000110111011001100100010111000010111100011110101110000000010010010111101100000111001101011111010
111100001000011101001100101100101010111010011010111001001110111101101001111000111010110100010101
111101110111101110011001111110100010010010010100011110100010001000110110101010110011011001110001
111111011010011001100000100010101011011011010001100110000110111111101011011111000101000110000100
001100111000011110001001101100011111110101101111011111011000011101100101011000101001111010101000
001011011010010000100011010000101101111101111110001001000010000111111000110110111101011010100101
100001011100110011111111110010000110000111000001011100001101011001100001111011000000010010010000
110010100000111010100010100111110000010110110011100011111010011110110000110010100110000100101001
110100001101011010011110010011011111100001010010000111110011010101110111011011011111101100011111
010011001100101100100011000011101010111000101011100110110000010110010110011101001111100110101110
110110010101101010101101101111100010010010100000101010101001011100110110100101001000010010000001
001010101010010101101000100001000001000011111011101011001110010011011010000010111110010100110101
100000001011000001110101111111001111111100110010101011011010101001111000110001011010010001011100
101101010100111000011011000101010011100001101000100010111100001110110001000010000000101001000000
011111100101001110100101000111011011010011011000000011101011010110111010001100001101111111111110
011100110101010111111111000000010101101000101001110001110000010010100011101010111000110111110000
110100101111001110110011010000010000100011101011111111111111111101110101010110001000001110010100
000101001111100110011111000000110101011101110001011000011001100101111000010010100011111111111000
100101110101111110001011111001110100010010010001000111100001110011011111101100010001111101111100
001111111000100110010111000010100100011111110100111111001111111001101110110010101111001110100010
101001111101100110110001110110101100110010001100100001100111101111100111001111000111000001100000
110011010110111111100110111001001100100110011111010011001000011011010000111101100011101110000001
111111111110111111110001011111011001001000010111110111010000000010110000010100101000111000101011
110001110011111001010011100100100001001011000100101011100000010110110001010011100001001000010000
010100000110111000101011000100101000000000010101011110101100010110011000111110011100000111110110
001101101010111110100000100100100110101010000010011000001001101011110101101111110110001110101111
110011101101010011110100100101111000001101001011011111100100110100001101100110111011010011010111
011100110110000101010010010101011011010001111011010100101001001111000111010011001100000110101100
101011101001011110000110010111111110010011010001011110100101111101010101011110000111010101111001
111111110110101101110111110010111011101100011001111110011011100111111110111010000010000001100111
111010000000110000000011101110100001100101000100010001110110010010101001101101101010001111000000
101001000100100000001000010001010010001110001111110111100011100010100110010011110110111111000011
110011000101111110010101001110100000110010000000111101011111101011000010010111101011011110101010
011111000110001011001000010111110101011000000001111000001000111010010010100011100110110000111100
100111111101001100111011101110100001100000010100101111011010111010010000110101110101011010100100
100010000100100000100111000111011111110110010011001010001011011111101000000100111101100010010100
111100110111110101011110111111110111011000110101111111111001110100101110101110111010011010101111
011100101100001101100000001111111011001000000001100101110101100100010010100010011100011111101111
010111000011110111011001100010001011001101101001100010000101110001100101010010001001110110100011
111001101011011110110001000010000011101101010110010001101100110010101101100101100110010100011101
101011010001010011111111110100100111000111010101101000000100011000111110000101111100111111101101
100100100100101100001000010001011001000101000000001111001010010110000001010100000101011011110011
011001001000000101110010000111011100110110010100000111110111000110101000011101101001100001110101
110110010100111101010111110000011100000100111001011110101001000010101001010011011110110001000101
111000101011101110000010110010100011101010100001000000011111010101000101101011111010101101010111
000010010110000011100101111010011000010010010110101101111000110110110010100111000100111011101111
111001001101101000101100110111010000000010000010101101110010100111000111001000010011000010110000
111001110100101111010011010001001111000100110111101000001011101010111111110010011010010011000011
110010010011011010101110000011000111011011000100010001001110100000000111001111110001001001111010
011100111000100001110010100101010000101110011111010010011011100000100010011001010010111110000101
001110101110000001010000001011111101011111111110100111011100101101010101111111000110001100100010
001101101100010100001101100100001101100011101001011011100000011001011110101101000101111100011001
011010001010111111000100001111100111110100100010111010110010111000100010111111011110101000010111
000111000011010101001100000101011000110110011001011011100001000110111111101100000011110001011111
101000110101110000110001011101111111100111100010101010010010100111011001100100111011001001001100
011100111100001010101111001100110100101011110001011000001001000010101101010011000111000100101101
110011110010100100011000011011110110101110011111101100110011010100011110101101010011101011010001
001010010110001110100011101000100010101011110001010110100110011110010101010100000001010010010101
100010011000001101100100010111010000111111100111100100101111111010000110001001010100001001001001
011110011110011101111110110000001100000111111011101100000100001000011111010111101011100101111011
111111100100110010110100110010000101010100100011000000000000000111000000100100100110100011001101
001111010001111110100111110101010111111001110101000110101010010111110101111001111000110111101010
111001000001010111111111010100000100110111011110110110011000011001111011111110001110101001110001
000010001100101011111100000000000011101110100010110110000010111001011000111011110111011110101010
010100010101001001100010000001110110011001101101001011000111111100111100000001011100010000011010
101100000100110111010101010101010011011000000011010001001110000011111010110111000001011111110110
101010010110010110110110101100010000101110011100011100101000110101101111111001101111111001101001
000010000011101100101101010001100010110010001000000000110000111111010000011101101100001000101100
110101010101000000000011001000101110111011101000110101000110100000011000101001011011000110110000
001000101000000111000011111110101110101000000101000110111011010100000000010110000000000011110101
110100011111100111010110001110001001101110000110001000100101110001110000011111010100011010111010
011001110100101110011111100110000110101001100111001000000000000101100111000011111111111101101101
011111001010100001010001101101101001010110100001111001011100011110000110101101000100001001110000
011010111000101100001000011000111010001011111100110010100010011001010010011111011101101011000001
001111111010101010011011010000000001110000001001010011011001100111101011101111111100100100100010
011010110000011000011011001001011000001011011010000010010000000101110001111101101110111001101000
001111001000101100010101100110001010110000010011101100011101001011010111101010011000101100010000
001110010101111111100001100000001000100001100010010010001001010011110011110011111100011110100000
110100011000011010001110110000001000101111000001110111100000010011000110111010010000110101110000
011000111100100001000011011001100100000111001001011000110011000100100001110010101001110111111111
000110010111001000111111101100110011001010010011100000010011011000100110100100010100110101110101
101101100010110100000000111000110100011101010110000000011001101100110100011001110111001101100110
110001010110110010100101000110100101111110010001000101101110100100111100110100010011100000010100
001101110010101001000100100001000010010101010110011010010110111010110000010101110101100001010000
000011001100111111111001101101001000101011100000111001011110010101110010001000000010110110011111
001010001010100011100101101000010100010110011001000011000000101101100111001000001010010101001110
100110101001101001010001000110000001011001000000110000110000110110011000100011010010010100101100
100110001011001111100111011001111001111101001111000010001011011101010011111111011100001111000111
110111001100111110111011011111111111000000110101010101010111100101101110011011011110011011011000
111111010001110101011000100000011010100000011100111000000010001010001010101110101110110000101100
011001001010111101011100101011010011000101100110000001101000111110101000111011001110100111101111
000111011010010011100101101001101001011001100111111110011001101000001000001000001010001100001000
111111000000000110110001100001011000110100010110011101110100100101010100010001111100101101011110
101010010010101101101000101110010111010110010110100110010110000001100011001011010010001100011001
101010010101011100100010001010101011000011101001011111010101010101101001010010111111001111000111
001000101100111111000001111000101001111100111000101100101010111001010111111010000111010010111001
101100010100010001001000010011111101110110011011011100000000100100110001000111010101010101100010
110110000001010101110010101000011111010100101001000000111101100010101000101101111100011000100010
011110110110000100000000010101100000101100110011101000101010011111000100100100101011010110001100
001001100110001000001110110011000000010011011110111101010111111000010011101110110011000011000111
011110101010010010110100111000010010010000110100000101011110011011100100110100111011000111110111
011101100000011001111001111000100101100101101011100010000110111010111011010111001001101000101110
100011110011011100101000110100010000101011101011100101001000101110101100100110010010000001010110
101011111110000101111010101111110011001111111000010110100111101110001001011101011001110011001010
101111110110111111111100011001010100001110111011100011101111011110101001001101111000011100000110
101101011011100100000010111101110110010000100110101011010111100110100111000001100000101101000111
111100011101010000111111001011000010001010111101111001101100110001111100101100010111000001000010
101000111110111001000110101100010010001011011101010000001000100111001010010001110001110101001101
001001100111100000111001011000010000011100100001011100010101000100010100110101101110010100000101
100111100011010000011011011100010111011111110011101001101111111111100001011010000000101110111000
111101000001001110010100011110001100111010111001101101011110010010000110111000000110111100100010
110010010101011101100011100111001011110001110101110001110001110011111010101110101000001000000110
000010100001110010111000110011100001001011111011111010101100011000110001101011111010000111001000
000101100100111001100001110111000101100001111111110100100110011100111111111011011100110111111000
111010111011100101000100100100101010010100001011001101010110111000101010101110011000101100001011
010010000010011000110110111000001001101001010001111010111100001000000010111010001010101101111111
001110011000100011001101000101100001101000111011110010011011000010101101011011111110001010001110
010010001010111000010000111110111001011111011010110111010011000011111010111000101110110000110010
011100011001110110100100010101100000010100000100001011111100110000000101100111001111010100011000
101010010000010110010111111000101100000000101101110010110010011000111010000111001101011011101111
000000010111110001110011101001110111101110111011001011011110011111101011111001011001111011001100
001000010010010011010110111010010111000110000000101010001000011011100111101001011110010001110111
011100011001001100101000011111100000101010010000011110100100100101111011011001110000101100000001
111111010000101111110101010001011011111001110011011010101101001000100000010010100100000010000111
100101100100011110000001011101111010000100011000100100111101101011000010101101000011110001000101
010100111111000101100100111111111000000110100000111110010100100010110001000101100101111011001111
011101101010010000101010100000001000011001011010110100100001001000101100100110000101111111101011
111100110001111110001111100001110001110000100111011010111110010110101010101110010110010011101100
100000101111000011011111010000110011110011101111100000010110001010110111000100101000101101011011
101110111011001100111110010100111011101001011110010011101101001111100100110011000011101101010000
011111011010111110000010000101101000011010011101100100000101100100000110101101101110011001111110
111110111111011010000101011110101011011001110111001110110100101010001000000011010100000011010000
101101100111110001111011001011100110001001110011010111110010011001001010110011001010010101111101
101111101010011101001100000111111101011010010011100111001001011101011100111010111011010011010011
111000111101000011010111011010001111100011001101111101011101110011110011100111111001001000010010
011001101000010010101000001101000111100001110101001001001110011000100001110011111100010101101101
010101111110110111011010010010010001001100110110100111011010100110000000010111001111010010101101
000010001101111011101010111101110111110010101011100010010001100111111011001010001011000101101010
101110011000011110100110000011010011000111110111101110101110100110100111111110010000011110010010
110111010011000110000001101001000111100101000000001010111010001011001100000011110010100000001001
100101000010100010000111110001110000101101000000111010111100000000011000111000111110011001110000
000101010010110011101000010001000110001111101101110010001011000000111111110010001011001111010011
000110011110010001101000101100001000010000011000111100110100001100010011110010111110010100001011
011110010000101011110101101001110101101011010100001000000111111010001111110001011011000111101011
100101000110110011000011100001110101111101101010111111000110101100100001011100011011000110100110
010010001110111011011011001111011100101000001111010100101111100011010001111101010100110011101111
101111010111111100100000010100000110110000010010010010111010111010010000010000110100001001110011
111000111000100000100011000001111010011001100101111100100111001100011000010110111011000101011101
111111101010101000000001100101010100101011011001010101111001011010011100110101001100100010011001
001001100101000010001111000101010010100010010011111101100101110111100100110110010011100000001101
001010100010110101111011011001111000001011001010100000101001010010011110001100101111110001100110
000101100111001101011000110100001110010000111101110101100000101101000110001100100100011110001101
001011001010010000101110101111110001101011111000100001101110010011000100100100111001010100101010
111001111101010011100001100101110010000110111110110111010111010001010011010011001001100110011100
101111110000000011100011010010101110111010000100110010111110101100000000011011110111000101100110
001011010001001011111100011101011000110001100101010101010011100000010110000110011100010000010110
010100010000110101001010100110001101100100011111110001010111110111101000010001000111001101010000
010101000111001011001000111001010011101000010111000100001001000010100001101101101010101010111000
110110011010011011010101100101100001100100001000101001111101101111100010001001000111111010100000
000010000111000011100000011011100000001011110110110011011111000101111010100001011011101101110001
100010110110000011101000110001110001001010110001000011101101101111100101000011111101010100100100
100110111101110111001000000100111100011001100101110100011000001100111000011010000111101010101101
011100000010000010010011011110100101010110000110011010010101101011100100011000100001101000001100
001101110101010111100011001000111111010100110010111010111001000110100000100101000001100111010000
111100001011011100110100011011001000110001001100101101010010011001011101010100111000010010111101
101110100100100010010111101100100010100101100010001100011001000011001110111000011110000001001001
010101101001001001010010010101110001010000010111010111110101001011101100010000100001111110001100
100111011100110000011010101000110010100000011110110010000110011010001101000001001111110000011111
011010101010101000110001001100110111111100011010111000010011010001100010010001010010110000001100
111000011100000011011001001111110101000011000011101011010111111000100010011010111110110011001111
110001011000001010111001011100001010111111000100011001001010000001010111001011000011011110110001
110101110111100010010010010011100001111010111000110011010011000011110101010001011110111011101110
010101110110111001101100111000001001110001111100000110101000110011111001000100010001000011000010
110110110010101011000000100001010011000010001011101101110010100001101011110100101000100110101010
001010101101011110111111000010011110100011110010111110101001111111110011111101011101101100101011
101010010101111000100110010001001001101000111010001011011000000111111000000100101110011100110010
000100110100011110010101000100100101001001101000011010010000011100111110010111001111011101010001
000111100000010111100001010100000000001011011010110010000100000010000001000110100011110010101000
110011001010000000000010010000111001000111111110100101101110001000011000011110000001010110010110
001111111000100101101100111100101000110011010110000110100000100010011001111110000101011100010100
001110111011001100001111100101000111110011101000010011101101100010000110000101111110000101011011
001101101101110111001011101111110110011110010000011010000000001010000101111000010111100101100001
101111010111011110100010100100110011101110001001000110111010101010011000111001001111100111101010
101101101000110000101001101111110011000101000110101000110000101000100010110001100000010011111000
011111000101001100001110010100011110000011110110010110110011010101110001000011100001111100000010
000101010110111001101001001111101011001100001110001011000010001110101111110001101000000101110010
000100101010101110101111100110101100101011100000111010111110001011101010111111100100111010100101
111110001101001101101001101011110000101111100101111100001111001101011000010001110010001111011010
010000001100110111101011001001010110000010001110111000011111001111001011001000100101011001011100
010011101111110100001101000110110101010011011011101010000100110101000000100101001000111010111000
100010111011110110001011010101001100110100001111000000000011010101001000100110010101001111110000
111100010101010111111010010101101001110101001110011000111100110001111111001001110110001010001100
110110111110101010011000010111001111100001101010001001001011011000000001101011111000010010110110
000111101111101110010001100110011111010100110100100000001100101000001100100111000000001010001110
111001001001010000100000110000011010000001101000011011110100110111111011000010011111000010100100
010110010000101000000110000110001101110110000010101110110011110001110100011111011010010010011100
000001111101011111110110001010000110000101010011101101100001010000100100100011011110100100100111
111001110010011100100111000011101111010001011101111101110100010011000110111001111101001011100100
001001001111011111110010010010101000000011101011110111000111100001101011001110001001001010110010
010100110101100111100100001001000101100101000001000010010001100011011100000000010110101111111001
101101011000110000111011011100110100101111011110110100100101101100101110111001101011111110011111
110001100010010010110110000110101100100100010110100001011000101010010111100001100110110101101110
110010000100010011000111101101101110101110011100011100010100001100111001111000101010010010111100
100110011010111011001101110101111111000010111000000010001010010011100100000000110111011001011110
100011001010010110100110010101111000010101001100101000010011111010100001101010110000010001001101
011100111000100011011001010110000110001101001001111011011010111011000001101101100001111011101101
101100101111100001001001100111100100110011001011110101100100011011101000100000000101010001000011
101000111111110001111011001010110111101100011010010100000101110101100100000111011010011101100010
101100011011101110100110001101001101111001101110011100111111100111011110100111101000100110111001
110010101101001111110011100001011010100100101111010000100011100010110010000111110110111001100011
010111101110101110101111011110010000110110111010001001011011010110111111101110001001010011011011
010011000001100101110101101001001010101010001100001110010110111011011010011000010000111111100010
011001111011111000101100001000101100011110110100001111000110011110111110011100111110010110111001
110001101100011110100110000101100100101010110111011011000001000010001111001001000011010010111000
100110000111111000101010010100110111010111101101111110100111000101110110101100000000100011100000
101100101010111100101100000100110001011111011100010110001111100101000101100111010000111001101011
110001010101010001011101100001000110101011001110010001001010111100001111100101010011001010100011
100011001110011010010110101111111101000011111100101100111110111010011000101110101011100010100111
010101001101100011010001100111000001001110011001110000111000011100111100010010011001111111001000
111000000100100101011010110101111011011010010111001100110011000101010111110110111100001111100111
011010100000000010000111001010100011000010010010100001100111001000100111001000111101100110101100
011001100000110000011011101000011100110000111000010000111010110100101001100101000110110010100010
001011111011001100001010100011011011101110100101001101010101000001000000001011000001100001111100
110011000000100000111100010110111110111100011010110101001111001000001101111101010110111001100110
111010001110110001010000101000101100010111101000010100101100111111101110001001001010001100101011
000010010111010100001101110110100001110111110111110110110101010101111010111001110100111010010000
001110111011001111000110110100110110011111100110001110001100011111111101011010001110111001100101
111000010110011101000110010010100001101101011100001101101010111111111000110010011001100000111101
101011001010010101100001010010011011001001000001100011001011000101111001100101111001011100001000
101101011011110011000100110010110100101011001100111001000111001101010110110111010010011100101000
111011011101100001111101101000101111001100010001010110000000001100100011110001100100011101101011
010001111110111010110001101100111001011111101101000101001100011111001101111101001101000111001100
111100110011101101110010100111100011011000111010101110011110001100000101111011001100011110111011
110101010001000011010101010000101010110100110111000001101011000101011101001111011000110101010100
000001101001010100100110001100010001001010011011101110011101010101101101101101001000111011000001
110110100111100010001111110000001100111110001100101001000000100101101010000010100110101101011010
111100011101001100101001101111010111100100001001001101101110010011010101010100110101111010000000
000011101100111011001110010000011001011110111010100010010110011000001011100000100000011010000010
010011110001010101110101110101000001111110110110110100010000111001110011111011101011010010000000
001100001000111000001101011110100010111011001001111100100000011000010101011110111000001010111001
001101100000111001100000010111000011111000001011100101010110100101111100101111101011111011110010
111110110000100110000010011100000100011010101011011111111100001110111110110010110000000101011101
010100000111000100000111101000110010010110100100000101011000001110101110111100000001111011101111
100110111010000111000110101111001100010001010100111111010010011110100111100001101110010000011111
010000111111100110111111111000111101001110010111101010101011010010111001000010101000000101011010
011011111100101011011110100011110000010001010000110001010010001011000000110011110111001010101011
011001100010110111001110011100111101100010011010010010111011010101101001110100011010101001100011
010011111100110101110011001100000011001011111100000100001001100100110110100000111010001111001011
010010110101101000111000001101111011101110110100001110001001000111100000110000011100010000000011
100010001110110101111100101111001100100011010110001111011001011010110000000101010111111011001111
101000101101101110010001110011111111111101110110111101111111110110011111010001011110010000001001
110000010000000011111010000000010000101011110011111001001010011100111111100100011000101011111111
110001111000110111100011100110101011010010100110110111101100001100111000010001001001110001001001
111001001100001100010000011110110110001001011100001100010110010100101000010110101110101010101111
111100101010001001100110000000100101101101110111110010110010111101101000001101011100011101100100
111111101010100101000100100101110011000010100010100010000100000011110000111101001101010000011111
010011101000111100100010000010100000000001011100001111011100010000010100100101001100100011101111
000010111101100000001000110100111110011011000101100101011011111001001101100011110110011011011111
100111001001111110110001011011101100000110011100000110011100100101101001010010001111010111001100
111100100111100000110110001011000101001101101111001000100110010111000001010011111001011101101101
111100110000111110000100111000001010000110010100011100011101101111010100101100110011110110010001
010101101001001011010000110110011111001011001100100101110110001011111000001010010100010011000101
110001100101101001100110000000101010000011001110011001110000111111110101001001100011010011101010
110111111010101111000100111010111101000001101111011110001100010100110110011010010000111110011100
100100111011000001010111010010110111001010001101111110100000110111101011111111011100010000100100
010010110000110111111111110000100001101011000010000100000111011000100010010111011110010100110000
100111011000011100111010000001000001001011001001000111010111111010100011001110111101000011010001
101010100100011110010110101111110000010011010101111101010110001101101001110000100111110010011001
010110100000011000100010111101101011011100000111111000011010110101010110001101010001111101011101
011100010100000001100110011010111101011001111110111100110010101101111100101011111000001100100010
110010011000001110111010011011000110110000001110010101110111000010110110111101000100000011001001
101011011110011000111110111100001010110111001001001100100101000111101111001101010111111101010000
000111110110101011001011101111111101011111011001000000011111110111100110010001001011110111111111
100011110110101000111111000010111001000011010111111000000011011111010001111101000101101100110111
000001100001000110001110110111011101110101000001110111011110011000001010001101010000111011101110
101100000010000101101111100011010000110111111010001000101110000011100110110001100100011110000111
011001010010100011101110110010011111111100011001010001111010110011101111001001000100000011001010
110000001000101100000110110110111110000100011010000011111011010111110010111011110111101100110101
000100001111100010010000111010000110010011110110100111010010100101100010100110010010010001000101
011101010001100010010000010001110001101110110110001010111100000000001011111000111101001000001101
010101111101101001101011010110000011010100010001101010001001000101100010111000011001111110111001
001101011110111101011001100001101001101101000000011101001010110000110100001101111001101010010111
111110001101101011101110011101101101010000110001100101100000011001010001011100001000000000010111
111111011101101011110010000001010110001011001110110010110101111010100010100011111000000110001001
110011101110010000111101010110110100100010101110001110100111000100101101010000110111111111111010
010100111100111010001101101000001011011110000010001011100001110001100100110101100011011000010110
011000000000010000010100000111100101101100000100001100100111011011110000101011001010000011100111
111101111000110110000100011011000011011111110100000100111011110001011010101000010010110100010011
000110001111000000100011011010011111010001111111110001011100100001011110010111110011101111110110
100101010010111010010110011110001100010001001000000101110001100101111011010111000110011100101110
110111000100011011101011000100111001111001011110000111010101000011100101111011011001001001100011
011110111101001101101111010111011010000011011100001110101000111011101111101011101010001101101010
101010000110000010111001111110000010001101111010011110000000001111100110110010001000101101011111
111111011110111001101001110011100101000010111001011101010101010111011101101000010100001100101111
101000110000111011111011001000000111110011001100101100101011100110011010000100111101110011111010
101111001110000100101110100001111001101011101100010001011001010011001111011001101000101011101100
100110111101110110110011100110111001001111101011101001001000101110011110110111011111110111110110
110101001001101111010010111101010010000011000011101101001111110000111100110011000011111010101110
101000110011011010111111010011110011010101010010100000110101011001111111110010100101110010001011
111101000111010001011101000001101000001001110010110011110110111100110100011110011010000011101110
110110001101101101000100001111101000101000111101110010010110110101000110011011000100000100001101
000001011110101110010010001101100001011011101101011110101001010101111001110010001000111010001000
100111100101100111000010011110101101111110010100000101001111111010111010101100100001111011111111
111100110101101001001010011000111000011001011100111000000010111101011101100110000100100110000100
011000011100110110110001010101011011110110110111111011111101001011001101100011101111011000011101
110110101011110010110110010100010010011101000100110010001001111000101000110001101010001010110011
100011011010101111001010000001110001000000110000100001001110100101011101110010001010000000100000
001100101010100100001011000001000000001000010001010010101101111111100001101111000010000010000001
111111111011000101010000011011100000010000011010010100100011011000011010011110010110001001100010
101110000011101110110111011011100010010110100111011001110101011010010100001110001001001110010001
101110100110001011010101101011111100111100000111011101000100010110110111000100101100000000000011
111011111000101000110110010110100110101010101110010011111000111101011011100010001100101111000111
001000111000110011100000011111011101000101010001011000100011110101010010010111010010100111001101
000001111101011011001111111011010101110100010001000000111100100111110010100110010111101101011001
001100010010101010101000001010111100110000010100111000000011011000010011011011000110100011010100
000101000100110011001010110101111001101100101001100100000000010100111011111110001110001010001001
110101000001101010001000000001010110011010111000100011101000001111010101010010101110011100011111
001100001010101011111111100101110011111010010001110010110111010111110010110000001101000101110100
110000000111011110011001100000110111000001110111000111101111001101101100000001010000110010101000
011110111001111011000101110000110010011100110001110101111100110111011100010100010000101101101000
001000001110001010011111100101100011101001010011000000110000110110110000011011100111000100101100
110010000000101101101100010000000100011010100100011001111011011011001000010000110011110101101010
011111110001001101111011001110011110111110000001010010110100101001001101000101111100111000000011
111000010110011000111001001011111101010001101010101110001100010110001100011100010101110011010111
100110010100101001110111111110111011010000011011011001110001000010010111000010100011010101010011
100001001011000011011100001101010110100111110000000101100001111100111111001000110110010011011001
110011011101101101010000000000001001011000010111111110000011110100100100111100100101100100011110
100001110100111111001010000000010110100100000111011011010011111111010001001011011011110111010111
010110001101110000101011110011000101111100000010100010100100011101000101011000011000100101010100
111101100010010101011101000110101110010101011111000100111011100001110101100101101110010001010011
011100110110111111100000001001100011011010010111100110011011001010001111100011000100100010101111
110010100001000111101011110010101100011100011001111111100010000101011111101001001101111001101010
111111111011010011010101101011100000001000101111000000010100101000101110000010110110011101110100
100000011100011001111100110110101110111100011100111100100111100001011101110110000010110011100010
101100101011111011011001110010101101001101110111110100011101001000111011001101100111100100100001
100010001110010101000000000010001110010000000000010001100011001000010000010011111011001101111011
101011100101111111000101100000000110000001010111010010000111011111101000100011001000001101100101
001101010000010010110101100110010110011000111101110000001111000100000111101000100011100111011111
100001011101000110000110100111001110010100011100010111111010000000011110001110110011010000011101
000010111100011010111010111110011101111011001110100111011111110010111001111001111001111100101110
110000001001010100011001111010000010101011110001000100001110101110001100100001011010111110000000
011010101111000010001110001011010001000110100100001011100110000001000000111001110010001111100100
001100101101010101011111010001001100011100001111100100000101010110010110001100010001110000100111
100010110101111010011110111100110100101101111001001101101011011100111110011111101000001000000001
010111110010011110110000111111110100100000010011100001101011101111101100011001011001001110101001
100101001100110100001010000100111010110101110110101000101101011110110100001011001011011001110000
011110011100010001000101111100001000011011101100010010000101010100110100110011011000101000000011
001110100110010011010111111011111111001000001111100101001110001011001010001001101110011110011010
111100000100110000101110010101011101010100010010011101111000000101111011011111011000001011111101
101111010010001110011000010000001011010111011100101111000010001110101100010101010001110110100011
001100101111111001001011111110111101111111110100101101010111011011010000110111011000000000010000
101110000111010011101000011101010010010111010010111100011101101010001111110111000110010001001001
000000010001010100110000111000111110101101110010110000000111111101011001001001100111001100011001
010000001111000101100000100101100110110100011111111111001010110101011011110100100000000110100101
011101101111101111011001100001000011011001100000111100000110110101110101011101100010100111100111
110100100101011000110000100011100001011011010111111101100001001011100100010000010001110100101111
011100111001011011100001011100010110010000101110010101011111000001110101011110100011110010001110
101010111101000111110011001000101110000111101001100100001101111110100010100110001010001010000100
110001110101010101011110000101010011111100111100111111111001010111001111011010101001101100111100
011111110000100010110111101011010010111011101100110010110111011111110000000010000010110001100010
001110010010101100000010110010101001001010100011111001011101010110110111010111111110100011101111
011010110010101111100010010101011010111010110011100100110100101100110000001111100011011100110110
110101111001001111100110101100011111100010001101011000101000101100111111001000011001011011000010
000000101101010110111001101000101011110110111101111111000101101001111111000011101001100010000111
110001011011010100111010011000100100010000111011100100011110010001101010100101100001011011111110
101101110101000011100001000100010010011110000110010111001110101110001010111000011001001111111001
011010010010000000000011100011100010010110011000010000011111011100110001101111010001011000100011
011010001100000101100111101001000101100111010001011001111010011110010001111110000010101111111000
010010001100011100000111001001100101011101000000101001111111000011101101101111110101010100011000
101001100101011110000010100010000100111010001011001101101110110110000000101001011000111010000001
101111100000100111100010010101100000111100100101010010111101101000111110100001000100010110001010
001000111010111001100100101000111100101100010000111110001011001100010001000111110100010111000110
111000000011000001010110101100101001001000001000010000111111111011110101101011100101010001001000
010001100110110011000111000110000100001001100101100100010000111110111100100001000101110110010010
110101000111001100100100110010100111011111110000000111011111010111000000111111100010010101000110
101101000010111110101111011100011010001100100010100001010011001100100000111110111010011101000100
000001101100101110101111010110101111000000001111010101010011100110011001001011101010001111011110
110001011001110111001110000000001101111000000010110110101011001001011111111111101111001010000011
011011100110001111100011110011101101111101011000001101100111001101000110101111001011011000101000
010011100110010011100011110010110110110101110111100111011000001111110101100010100001101000111110
111111010110001000111110000011110011010111001111000011100001010111000001011001110011110100111000
110001110111101111101001100011001110001001001010101000101100101111101001111010001100111100111101
000011101001011010001011101101010111001000111100101100111110101001001111101111000000010001001111
000010001000100011010011010000110100000100110000011100010111110001000101000101011000010101000000
100000111100010000101111011001101001001110110111110011011101101110010000011001001111001110001000
010011101011011111011011010111011010000011010001011110101101101110111111111001010000111110010100
010100110101000111101000110011111000001011110011010001010100001101000000010000101111100110110010
010101101001000011010100001001001100111101110111101101001000001100000111000110000100001110010000
010100011101110001010010101010111100010000011010101000010011000011101001100011111011101110111011
110110001100100001110010001100100001001101001110011011111011110001100101001101001010101011101001
100110101100010010100110101101110100000101010001001101100010011011101101011010010010011011111011
100100100100101100010011000000011010111000101100111001111011010000010110011101000111100100001011
001101100001101110110110010000101101010000010000101011100011110110010000110101111001111000111101
110000110111110100001100110101000010000001011110011110110110110010111011110110010110110001111101
110010100000010010110101101000101011010001101101100010111111100011000010001001100001001110100100
110101111010110110111010011110110011111100111010010100000110001101100010000001011001001111111011
111000110010001001101110100101111011101110000111011111101011010000110101011111001110000101100110
100000000010010001110000010010110110000100111010001010100101011000010010000001100000110011111101
111010001001011110010011101011101000110100110110010100011001011111011110010010001101011010111111
100111110111000110011001001001011001001110011111100000101111110101001011010110101101000011011010
110100111011101111101100111110010001100011010001010010111101011111110110011100100011010000001000
010101010101011001100110001101100011110001111100101101101111001000011010101010010000001100001100
110100110011100010010100000111010000010110011111110011111010011110010101100001010010011110010100
100101111000111110011001000101110101001011111101010111111101000110001111111111001111110100110011
111101100000111010010010110100111110001111111000011001111111111010101100000010011000101011111101
110100101110001111111000100100100001011010101000001000011100100000010000011011011110100001001000
