011111101101111001101100110100101110100010110000101101000010110011110011010010010000000110100111
111011011100100100010010011111100010010110000011000010000111011010101000110001011011010100001001
000101001000110010110000001011100110100000111010000001100111001000000111110101010110010100110001
010111111010001110000011111101110010000000011100111110011110110110000110010101101111100100110100
010110001100101011101100010101011001010010001101110010111110010100100111001110001001001000000001
101001101110000001001111100110100110111001101001000110000011001000100010110010111110011011001001
001010101110000001111000111000010100111110000110011010101111101110011110101110011101001000001100
111010011011001110011010100111011001101110111010010100010000101110001010001001000111011001100011
100011101100001000001111000010111000111110110111110001101100101111111111101001011001000001101001
000011101010101100111110001011101111010000100001110010011111011111110001110111111101001111111001
111111100000110101010000101110111011011100000001000110111010100001111010100000000111110001011110
111100010111011111011110000101100111000110101010010011011010000001011111001110100110111011101110
010110101011111100101011011110110001100011111001100000101001011101001111011111110001011000111100
001010101000000011011001011001001100100100010011111000110110010111111010101110000101000111100100
011111111101000010111010101001001110011111010111100100100111100111101111001011100001100100011111
101000110111000010101100010001000110110011100110010001000010111001010110000010000000011101011000
111111010001101000100010011111011110001010010001100000100001000100000101011011011000100101000101
011011110111001010101010010000100100011110110101000011110111010100111011110001011111000001110101
010001001101011011000101100101001100010010010000001101011101011001110111110001001101100001100100
111101101100110011110111001001110011010111011011001110001101001001110100001111000011010110000001
010010000100101000011010101011011000001111100100101100000011111010001011100010011110101111110001
011111101001001111111001011101110101001111101101110111100110001101101001100101010100000100100110
001010101101111110101000001011000011010100111100011111111001001100000010111100001010011000000010
011101001110101100111010011101100100101100000001111100111001110001101111001111001010000111101110
011010111001001011000011011110001101000010101101100101010100100111010110100010001101110111100111
110001000000000010110110001000111001010101000110001000101001000010010010110000101101010100110001
111001010001110000110100101011001000101000100001111100100001000001111101100110100101000101001111
100011101001010001001011011110101101101011011001000100010110001101011000000110000111011100010001
111101100111111111010111100001101100010110010101111101010100011110110110000011101110100101111011
111010000101001110000111001110100001100010001010001001110000111000011011100010100111100101001010
101100010110101011000011011000010001001011110110001001101010111010100000000000000100110110101101
011100100010001001001000010100010111101001001011011000100000010101110101010011000100010101010111
110011110110111100001001010000001010000010110000111100001000011000000101001100001010110011000010
100111101001110010110110010111011010011110010000100110011100101010110110010000011110010110101011
011101000111101001011111000100101110100010001100001111100010110001110101100011100000101001100001
101111001000000111101001001000100101000110011011001001011100100011101110011110011001111101011001
111100100110110101101110000011010010100001011000100011110010111111010110010001111110000011111100
001101110100111011001101010101010111001010101101011110100001001011001000110110011100011110011110
000000110101011000011001010001000101100011001010101010001011010111000001010110000000100111110100
101101101011001101100100000010100010100111011111101000001110001000000111101011010011111110101111
011110000111111110001110011001010000111100000010100011100101110010001010001010001011101000011000
001011101101001110110001000001010111101010110111100010100111011000101001000011000001011100001010
100100100001110100100100110000101111111000110110101000010000100000010011000001000101100011111010
001111010111000111010100011101111010111011110110111011100010010110110000010110101011001011101000
001101101001101010001101001101111001000010111101101001000010000000100101101001101101100101001111
010000111110001001010000000000100011100010110110000111000100001110000111001011010110001001001001
001110101100001111111101001111101101111100100111000101001110100001101000011111110100010111101011
111111011001010010001110110111001011000011110101000011110110010010111110101100010000101000110101
100011000111011110010110011010000100010110000001100000000000001100001100101000011101011000101001
000100001100111110111110100000000101111001010110110110001101110110011111101010000010000001110101
101010101101100100110110000011101110110001011111101001101000100001110110001001101011001011111010
100100101110010010010001001000111101010101010101000111101011100111011111111101111100110001111010
110100111100011100100000000000110101000101010111100110011011000001000001001001010001111100101001
111110101001101001000101000110001010001010010011000101100011100101011110101010100001100011001001
010011110001000100011101100000101100001000000101010010000110001101000101010001011110100101000001
001111001101000000111100100001101010110010111010011101110000011111100101001000111010101001100101
111100001010100000000110011110100111100100011111110100101100010000110111111110000101000101010001
011001010000000110110011100100011000000101110011100100010101101000110001011101000000010001101001
110010010101111011001010111101100011110010001101111110001100110000011111101101111100101001101011
011011100000100011110000100000001111010111110001101101010110110010101001111000001111001000100100
110011101010010101111000100110100000001111101010011010111001111100111111100101000110110100110101
101101001111001010001011011110010100011011100000101001010010010111001111100101101100100110000000
110100000001100100001010100110001000000101000101101011110010011001110100011111110111000010101010
110111110111010000100101010101101011101000111101001011010011000011011111111010001111100110101110
100001000000000011000000011000101100110010000011010110010110001010110100000001000000001100110100
100101100100011101100000011111111100011001111000011011101000000100010011000101100110011011001110
000110100100110001110101101101001100111001110100100001000101011100111011101111000100010101100101
111110111001111001100101000000111011101111110010101101000110000100001011001110111100101000010011
110000100010111011110111011101101011001111010111101001011010011101101100001000010001111001001000
000111011100011101101000001000111111110000111111001100011110110010101001111000001010010100000101
010100010101111111011100000011101100101001001011100010000001011001111000011100101000011100110111
101000000111111011000011011100111010011110111010000011000011100011110000101101000110111011101101
110010100001101111101011001011001001000100111011111000110101111101111110011110011000101000111100
101010101101111100001000110010101011010001110110101010100010010101000011101101011100100101001011
111101110000101100000011110011011111101110100010011111011100110010110000000000100111011000110011
111001010111010000101000100010001011101010000000011100101001011011000011110100000100100111100101
110000010110001011010001111101011000011011101011000111001110011100010110010010100000100011111011
011111010101110010010010110000111001010011000100011011101101111100001101010000101001001011001100
010101100001000100001001001111101000011110101101010101100000001111100001010000010101000010111000
101001001101011001011101010010001100101000100111100000110110111100010111000101010101110110001100
010001010101010100101011000100000100010100110111010001101001001100100010100001010011111110101100
101000101000110101000000101111011010100110011111100000010111100010011010101011010011011110111110
100010010110010110000011011001010110110100110101010000001001010101001101100001011001000010110000
001100000110111110010111111100100001010010001001110100001101100100100110111000000111111001111000
001111110000111011001110010001110101000010011100110111001010110000010111000011010011100010001110
000100011000100000000000001111000101000001100011111000111001010001011010011001000101111010000011
011001100001111001110000000000000011100001100101110111011100000011100100011111101110001101100100
110011101101010001000111111110000100010000100111100011110010110000011101001010110101011000110001
011101011111000011111111000001111010111111100011011011100001000100011111011101011110010000001000
001000010001111111000010111010000110110010001000010010101101011010001000110000111001110010001110
011100001011011111000100010000001000101101101001001011001011111001001000111001101100101111111110
111110000000000010110011101010001100110110111000010111110001010100101110010111001110000100001000
001001001000010001010010110111110001100010101111011110000111100100111010000010100100110110101101
001011011100110001111100001000110010000010110110111110011001000001010111000000110000111001111010
011011011010101001100000000111110100110110010100011101011101101010010011101101110011100111111011
011101010001111110100110011101001101110111001110111011001000100000010011110110011011011011100111
111100001011010001100011001110010110001100111100001110110001010100001000100100010101010110110111
000111000110001100110011110111001010010011100110011010010100011101010111001000010100010000100001
001001100010000101001001001100011101110000100001101101100111010111001100000100100100011101111001
100010100101011111101010100111100011110001001101001111110110101110111101011001101010111101101001
010010110101110100010010101111010100111000111010111110000110001001110000101011101000110100001000
111110001001001011010110100011000001000110100101011011100110111000000101001011111110000001111001
001101010111110010101010010111101110000000110100110001011011101000010001100000101011100101111100
011110010111101001101110100111000110001011110001001110110001011001100110101001011001101101111100
111000100111100110000100000111101100100100000011110101010011101110000000101000111011000001110001
010110001001100001001100100101000011001111111111001010011100101111001101111101111110000001100110
010011001011010001111001100000110101101111111110000011011111011111110010001100001110110101001011
110100000010001110010011111100100110101011000101001011000110000101000001101011100101000111010110
011000011011001010110010100010111110101000011010101010100010001000011100001101101001110111000011
010011101010011000101110101100111010100011000000011111111110111010001101001000001111001100100111
111010100010001001110111111111101100010111100011000011110000101010110011001110001110000110001101
111011110001110011011010001110110011101001111110101010110011010011010001011110011100010010111010
001001010111011110101110000011101101011011101110010010111001111001100111010111101111100000101100
010011000100010111000100101101001011111101100001001011110111000110101010000011101111111000101000
010001000011010011000000101011100010000001101000100010000010101100001100010001100101101111010101
111011111110001100000001001001100111110111001100000111000110101101101100101101111001101100110000
100000111101001010100010111111011111000001111010000100000001011110010111011011010100111001000011
111000001100010101010110100111111000001110110110001101100101111100001110101100111001010010010100
011100011100100011100110100010001110010101101011010111010101100101001011110001110000100010010111
010110000101001001010110110000110100011110000010111111001100011100111110100100010011010010011110
011110000100001000100000110001100101110111010110001100010001010000000011101101010101011111101000
100111110100110100010011011110011000010011010111000100001011010110110111110101100001110000101101
011110010111001111101110011011110011001010001111000010011011101000000011000001001010000011000111
000010100011011101010100111000011000100010000010100101111011001110010010100110010010111010010011
001111100011111000111111110000111001110100001100000101101001001000010001101100101101101001111001
100001110111110111001010001111101111000010101101101101111111010000000110011011001000011101000110
100100110010011110111100111001101001111001100001011001001100110101110101111110110000001100001011
111001100011111100000001101110001001100011110101000101010111110010010011010000100010011000011000
000000001110110001100010011101010100100101110000001110000010000001000000101100000001111101111111
001011100100000000001001000010101101001011100111011100110100011100001001000110011101010011011011
110001000001001001010011011011111111001010101101010000000100010100001001100001001000001001001100
000011001010000011110011110000110011001110111001110100111100100001010101010110010000110111000101
101010011110011011000010111010110101101010011110011111011101001011101011000011100000001001000011
101100011100001000111011111000000011111111110110010011110110101100100011100000011000110010001010
011100000010100011010000000101110110110011011001000111010001110101100100000000000000010001101011
001001000010110001100100011100100000001111110011111100101100001010010010010101111010011111100110
111101110011011101000001011001110010011101011010010111110010001101100010001011100110001110101011
001011100000010101101101111010110111001010110001100100010111100100101110001111101101000101001000
110001010011110100000111110001100100011100111101001010100000101011011001101000100101011111011010
110111100011000110110000001100100010000011000001001000101011110000101000010000011011111000011010
111110000000011111101001101100011101011100010000001110101000100011101110110010100011110101101010
100110101110010110110011001111101010000000010010000000000101011001001010110001011011000110101010
110011100000101010110011001111110101101101111001111110010110010101110100011110001111111000100111
101001101011100100000111001000101000010101000001011100001111110110001110001101000111001000110111
000000010010011100110011000001010010110100010101100110011111001010011110000001101010000011110010
110011000111000110010010101011100100010101001011011100001001000100010010001001110100101010001101
011111000101100000110111011111100011010110101110100100100100111100011110100000100101001001110111
010101010101100100111001100011001100000110110101110110111111001110000110010011101110110010110000
010101101000000000110101110001011101101010110110011101011111101011010111011110011110001101011110
101111011100001101101001101110101111001011110100111110000011011100111110100000010011101101100000
001000110100010001011010101000011000010110100111111000111011011010110111101110010010100011010010
000001100000111000000110110010101010110000001010011111000101110100011111011010010010100000011001
101011001010011011010000101000000010010110010101000100101111000000100100010001111110001010000000
000010111011110101000001001011000100010100010011100111100011101001101010100100111110111001111111
111111100001011001000101010111010011001110011011000111011000010101111111001101000011010101111101
100101000110101001001111010100101100110100101010110101101110110101001101001111001000111010000000
100100100001011010001101111110011111001000101111111011111110001000001110000001011001010101001111
000101100100011111111011111111110011010011100101110100000000101000000000100110100010000110100001
000000110000001100000101010100111000110000100100101100110010110001010000110111000100101001000110
000001000101100010001100011111001101111111000100011101010110001010111000010110110101100110010011
101100011111011110000111011110000010111010001100001000001100101101001010111010101100100111011000
111111110110101100101001010101101010000001111101111010110011110010010011001110100100001000000011
001101110100010110010011101101011010001110100110101010101000001110011000101001110100000001111101
110001110111100011010101011001011001010011000101010111000101100001001101010011111111110100001110
110011111111100010100000011000100110000110010101100101010011111100101101011110011000001011010010
110100110010110111001110000101110110101000001111001000010100011000001111000100100000111100110011
111101000110001101011001110000111101010110011110101111110101001001111000111100110110111101101000
000101111001111100001001011111000000011100011111100001010100011100111101000100110011111100001000
000101101100101100000101101010110100000010110011101000001011111001100000110110000100100010111100
011010001001000010011000110010100110101000001010011101010001000110100011110101111000101111111001
000110010010011011000100101010011111101100011100011000101011000001101100011010011101110011001011
110010111000111101000011011111110010101010110101110111010000000111011000111010111101001110101011
011010011011100101000011100101011001100111011001111111000110101100001100101011001111101110110110
101000000100010111110101111011000010110000011110011001000010110100100110001100111100100001100011
100110111001111111010101000010001101111010100110000110010110001111011101110010110001000010110000
100000011111100010011100000100101011010001010011101111000010000111100111011100000101001001111111
010100110101001111011010110000011110101010010001000110010110011001101101001110110111010010000001
110010111001000101111110010100000111010100010011001010100101100101001100000001001000100111010100
111001010111111000100000100111000011001000101101111100111101011000101010100100011011100100110011
111011111111101011000011100100101000010000011111000101101000010000011010110111101101011111010110
011011100100011010011001010100100110010001101001000011011111111110111001100111010100100110011011
000000110000100111111011101000101010110000101110010100100110011100111111101100001110101011111101
010011001100000111110000010001010111001101011110001001010110111111100111011000001011100011011101
011001100000010110001010100111111011101001101110110100011101000110110000001011111000001111100100
001100111111111000100110100100110000000101000011010000001100100011111010010010011011100001111101
110110011111001111100010101011010000110000010010111101110011010000111011011000000000000000110000
110011100010111011010000000010001111101011111100010110100101110001000111010000100111101001011110
000000100000000101010111011110101011101001111011001011010011010111010111011110001011011111100011
011100011001100111101111111001110101010010001111010010110001100100110101111100110011011011101010
110001010111111110111000110100100100011001100010111001000010010101100011001100011101111000000101
010010010001010010000000100100001000010111110110100001111111100001000100000110010111111111010111
010000110001011110000111110101001010101111011011011010110010100011000010111101001100100001111100
001011111000011001111001001000001011100101110100001111001101111101000001100001011011001000111011
000111010100010000010111110100110011010111001000010010000010111100100110101101100010011110101110
011011001110010010010111110111110001001100010101011100000000010000100100100110110000001111100011
101000010111011111111111001100011111111010001001110111110111010100111101011110111001100101000100
110111001011110010011001011110100101000011011011100000100011111000000010110100110110011010001110
111001001101111110111011101101100010100000100011000111011100111010011001000011011101000111101110
111110110011111100010001000010000010101111011000011110111110001001111100100001101000000000010100
001111010011101110111000000100011111000010111010011001010011011110100000001011000001000111100011
101101001101010011001110010111100101101111111001101011010110101100111010001000100011011100001100
011001010001101010010110011001001010000010000010100001001101010010010011100100001101100010100000
110101011111000111101110010101001111101011101010110111010111001110100000001010111011110011100101
101101001111110101001010010000100111110100100010101010010100010101110111001101111110101010000100
010000010001000110001000101100011001101110001011011000100110011101111011110101000011110011110100
010111011001000010100011010000011011010100111000100101010100110101001000011000011010100000100101
001010111011010001111110100001110101001011111000101011111010001110111111011000110011011110111111
001110100101111110001011101001011111001100001100100110101011000010111001111000101000110101001111
100010101010100100110100101000011010101100011100110100011110001100010010010011010110001101101001
001110010010000101001100110000011101101001000110100000001110110011111000001010111100001101111000
110010000101001101000000110111000001011010000101000100101111111110111010111011000000001010100110
001111101000001010111110010011011010001001010000011110000111011110011100100101110110111101001111
010101100101100011000101111111010110011000111001001111000100110000000000101100110100111000011110
010110101001011010100010101000010001111000100011011100100010110110001110111011010010111101101011
110010111100010111110110111100100100001101111110011111110011110000010001000101001101110111111000
011110000100001101011111100101110000000110000100100011111001011001001000000001111100000111000101
000111000001011100010110111001000110111010010010010001010001000100011010000001011101110110001111
001101000100010011110001011110001010101001110101110001010101010101100110110000101000000101011101
001011111011101110011001001101001101100111000101100110111110010011001001101010011001101110011111
110010011010110100001011011000110100111001111001001110110110101101000111101110101101100100000000
010000111110100011100011000110000101111101000011100111110001101111101101101100100010000000111011
100110001000110110001000001100101111110110111101110001001110110111100010100100001101110100111110
101011000011001100111000100000110111010010101001001010111000100001110110110111110101011111011011
100100011001100101100110111110100000110001110100001100111011101110111101000011111111000000101111
110010101001010111010111110011110010000111111000110100111100011001000110111011011001101010110111
101001011001000000111111101110110010100110011100010011000110010001000001011100010001100011101111
101011111110000010100001011101110111010001010001000101001000010000000011101111110001100011100000
001011110110001001110011101001011010001110111010000000110000101101101010110011111111100010011010
111000110000100001101101101110001110101011110100011111001110111011101100011000111101111001010110
101001010010011100100000100010001101101111000111101101001110010010000110111001011011100011011011
110011101001001100001010010110001100101000010011100101101001110010100111100100001010010110000111
100100010011101000010001100110100010001010001110000010110110110101110010000001010101011010011011
011110010110010011101100010010000111001100110110111011110100101101111011000010100011011111101110
011000010001111100001001101010110000001111101000110100000010101011100001011100000101010111110010
111011011000100000110110100101000001101001000010111101010110110111001110111000100010001001000101
101001000011001110111010001110100001100111000011011100101101111100011011101011100001101100000010
100110001001000011111110000110011110001011110100001000011010100110100011110101100110110110111100
010110001001111100110000111010011011011011000011100101101010000011000100011100110010110010010010
001010100100100111100000000010111111011000111011100000010101010110111101001010100111011110111111
011110110001100010101011100010001111000110110101101001011101110011111001111101010111100110001110
101110000110001101111101000111000100100110101001000100111101000010110011111011000011011001000111
100000100010001100110101010100010011011110111001010111010010011010011011001101011111000011100001
101101111000110101001110010100100110110011111011010111110100010001010101011000000110001111111101
101100111111101101011001101000101000111100011010000010011010000000000110000011011001010010101001
100001100110100001101010100101010001100001000111011101101010101111011110100011111001001101111111
000001110010010110000110101110101110010111111001111001100010010000011010011110010000011001001111
001001100100000111111011000101101011001111111101110000111100001000010010101001001001110001110000
000111101010011111101001010101100010100101110000010000100001001101111011100001011101011110110000
111010011001011111011100011011001111000001010100100110110001110010111001011000000011011001100111
110001110011001111010100111101010111000011100111011110010110101101000001101110101100101000011001
011110010111101001111001001100101110011010110010111101110000101011101110101100000011010010101010
001010010100011010111011101000110011001000100111110100100010000100111000111110110000101111110111
111011111100110001101001000001111000100000100101101010000000110110100010011001010101101010010001
111011111101111110001010011100010101011010111100001111110011000111110001111110011010011000101010
000101011111011000001100100110101001101011111010010101110011100011110100111110011100000110100010
000110001101001111110111110000100011100100111111100011100010001001100110101111011001000010010001
111011110010011000111110001011001000111011010010011100101101010100001100001000001000110101100101
001000100100101010010011001101111110011010001001011110001001001100111101100000111101110100110001
101110111010100101001100010111010100100110100111101111011001000101101100101101001111001010011100
101000111010111000111001010011011011111010000100000001001001101101011000001111010100110000011101
000010111000010110011110111111110101101100101001110001110010100101110001011100011010000000001111
000101100100011111001001001110000010010100110001000111101010110011111101000011110000000000110110
101101011011000111110111000100001000110110011100101001010000001000000110010001101100101101011100
010101001100000000011110100110101111111101011001001011000100001111111110110101011101010100101101
100111100010111111101010110100001101100011100010110101110101001101100001111111011111100000111000
000010101101110001001111100100000011100101110000111000000010000110110011110010111011001100010111
100110011111000101110001101010101001001001000010010010110110011101000101011010001000111000110011
011100111010010001111111010011101110000000001000000010111001010111010010010111101010011110100001
011110010011110011111000100111011111001001010110001000000001011001101010001010100111110101001011
011000010000010110111010100101000011011001001110001011111111100110110111110001100001101110000111
100011000101011001000110110110011000010001101001000010111111110100111110011010110000000100100101
101000010111001000010010001110000001000000100101100001111101111100111001000111001111011101100100
111110100111101010001001011011011110101000101111001000100011100110011110111010000001101110011101
101001100011010100000100101111101101010110111111100101110110001000010001000110100001110100010111
100100110010111001111110010000111000010101100101110010011100010100110101001100001010011100011111
000001011010101001010001100110101111000010100000010010001001110001000101100101000111000101010101
111010001111010010000011110100101110110010000110101111110001010010001111101010001101101101111101
010000010110000010011011110001110101000001101101001110100110000010111000111110101000011000100010
011011110011001001000111001011101110101001110001011100101011001101101100000000111111000111001010
100101111000111100001000101000010111000101111011010000000110000110111000100010011011101111001111
101001101100001110011000100100000000100100010111010010110100101110110011000111010010101100100101
000100100001001110111101001010010110101111101111111100001010100001000111000110011111000000110001
011101000001011101011010011001111101110100011000000001110000101111100011101101111010101110100001
001101000010011011100111001101001011001101110011100001100111000000010101110001011101101110001100
101101011100000101011000010001010011010111111011011011100110000101011111111101000011011101000001
011011101010111011100111110111001111110010101110000101110100000110100100000111000010000001100100
100110101101101010011000110010001001110011010010011011111001010101111001011101101000000111011000
110101011101101100001010100110111111111111010001001110111011100011101101110001000111010000100010
101100111100001100101101000101011001110100101010110111110000101011010101100101100011111100111011
111111101111000001000001000010000001001010110111110100110001000000110101100011000111110000100010
000010010010101011000000000000101111011101010000100101101001100010111000100000110010001110101010
010100111101011101011110001100101100110000011001101010000011010110110110010101110101001011100101
010101100011101000110010111000010000110000011011010011000110101101011110101110011010100000101010
101011011010101000010110101000000101101100111011111010100001011111110100110101011110100000100010
101100111011100110010110101110100101110100001010001001110111101110000111111111111001010100001010
000000001000101110011110000000100001001001101101001111010000011011000111111001111011100110111111
101110111110000011101001001111010111011010011110001000001011011001010111111001100000110101111000
111001001111011001101010100110000010101110111110010101011001101111000010101000010101000001000101
110000110000110001010011010001101011011100001110110101001111001010101110001000110000100101011110
101110000111101110110110011110011011001111010110100001001111110101010100111110100111011111000111
110010000101101110110101010110001111101000010000010011100101010010110101101010111000010000011111
010000000110011000001101000110110001100101001110001100001010010100101111111011110101000111111001
000111011010000000011100110111100110101111010101100000011001010111000010001010010011011111110011
100010101011110011110000011110101101110011011010111001001101010001001110111010111111011001100010
111011001000110011011100011111000001101000101111000110000100010001110111101001100101100001100110
010100100010001000111101001100001001011000011000100100110100011111000010001000111100001111010001
101010011011011000101101010010101101011011110111111001100011110101101101000010101011001011100010
011000010100101101000000000100000011011010010011010001000110011000000101101101110010010001010011
100001100011111011110000111011001110111110111110001011001111100101111011111001001101101111010110
101100101111100010101101001001100010111000101101001111100010011101011101100001010100111000011011
101010011001100100100100110011100011100100001110110001010101111001101101010010001010100100100010
001100110111101000110111011111100101100000110010000101010010111010010100101011100000110100111011
010101010101101101101110001110111111101010101001010110001001101101010011011101001010110011110100
100101000010001010101001011001110110001111111101010100001011000100000101100001101100010110010100
101000000000010001111101111110110010011000011101110101100010010000010101001010111101111101010001
111010001101000000001101010011011101110100000111111100111011010101100111011111100010011111010101
101111101111001110010100110100010000001110011000000100100010011100000010001011011100111010111010
100010100011110001101100111001000011000110011111001011010010101110111111011111111011000111110000
001000101100110111000000011000100011110100100111011001000101001000011001111110100000100011100100
110111001001100110110110101110010010011110011101000101110110101111010011111000111000110000100100
110101000111111110101110110111101001100000001010100010011101001111010001000100101111000111001100
010010110100100011000011111000111011011001110101100110010110110101110000100100001011110011010001
011111100111001100111111100100010100010010101001001001001000110100000010011100000111101101011101
001000001111100010101101111011001001010101011011100011111010011011110011101111011000101101001110
010110001100100111000000111011110100111100111111101010011110101110001010011101001001101100011110
101101111010000010111011110111011010110010110000011000101011001101011100010100100001001111100010
001000111111110001010100001011001010001000110011011010010101101110110010001010011001011010110111
000011011010101110000010011001101101010001000111100110001100011001111000100110100010000101000101
001000100101111011101011001100000101001111000001010101101001100110000001111111111110001111111001
000001001001000010010001110101110110101011100001011001010100110101111011110110110000100110000010
010010100100110001000001001111000110110011111110000110101101011000111110010101001111001001110111
100010111010011011100111101011101000111011000100111001111100101110111110001000010000110111010010
101001001010001000111100010101100100101111010010100111100011111001111011100110101000011110101111
110010010101000101010101001101110011100111100010100000010001000100110101100001111111010011011010
001001101101010000000100101101010110100111001001000010101001101000010111001110101000110001101010
111111011110110101011010110010111110100110101011101101000011001100101011100101011111010000001111
001011110010110011100100011001001110100111000100111001101000000011100101110111101101000011100000
011110001110111000110101110111011100101101000110000001111100101001111011001100101000100111011110
000001010000110010100110010001010101011000001110001010110011111011011010100010111011001101110101
011001011110011011100100100001000100010011110001010010011011001111010010011010101011011110000000
011001100101010101100000010110101101110111010010000010101001111100100110111001110110000100010010
011011111001010111101110110001100011101101010101011000011100001100010100101000000101000011000000
110110001011110000010001001011101010100000000000000010011010100110000000001101100010000100011110
000100011011100111110011100001011010011011001010111000010010111000110001100110101111101011000000
111011010110100111111011111100111000111111110110011001100010001110111011010011111100010011111011
110000110110001111000010000110001011100110110011101101011111000011110101010111001011001010100111
111110111011000100100011000101100001010000110100100111101100000000100100101101111111110000110001
110101110001001001001001011101011010011111001111010101000010111110101110010001011101111011001010
011011100100111011010001110000110110010000010100110000000101000001001110111001011001011011000010
010101000001110011101100110011010001000011011101100011111101110010110010001111010000100000010000
101001100100111010100110110010010011101000111100000011101100001110101101001001010000000111100111
001101110100010110011101110101011000010111001111111110010100010110011010110000011101010000001110
001010100011101000100010111110111101010000000101000101100000100010010010111101011111010010110010
111110010100000011001110011001100000110001101010011110000100111100000100000001111110111110000010
111000111010011011001101011000101001011001011001111011010000100001001111101100100000010110110101
101011101111010100010011100100110101010000110001001011111101101010101001000010000011010101000110
100001111011001100011011011100000000010011010011100111110100011000111111110001100011101110110100
011010101001111000011000101011101111011011100011101000111000001010110001000110000000110000101000
010010110101111001100011010100111100001001001011100011111110101011100101011101100101001111011100
011101011100010001001100011101100001011011001011000000111000101000100110000010100111110101111101
001000111011110101011100100111011101100011101111000100000111010101011001000000001001000110100100
101101000011110111011001110001000001010000001100011010011101011100001100000100011111111010110101
000101100111110000001101101110101001001101111110010101001001011100100000110111101011010100100100
010001111101110110101001110101010010110100101100011000101011111100100111010011000101110110100111
110100001001000100011111010110010100111111011110010100010011010110001110100011000010000111101111
001110000111001100000000010000110000000101101110111110011111111100100010101001111000101011111011
100101011011100110001010000010000110001101011101011010100010110100100100101110101110001101011100
001000011111101111110001001000000010101000011010000100100111110101001110010110100010000000111001
011011110000100101011111010111100011101100110011011010000111100010001010001011101101100111100100
010100110101001001111101110000100101100010100000000011001010000010101010010100001001110110001010
010010100111010001100101100111101111000011101110100011010010111000011101100011000100100000101101
001011011100110101111011100111001011111101110000000010101011111001110101010010000010111101100001
000111110100100101001010010101101010110011111110110000110100001011110011100000000000010010011001
110100010000000110111101100000000111011010011011010110011001111111100000000101000110111110001010
011010000101001111000000010001100101000100010010001010011110100111000100100111011011001010100101
111011011000101010000011011110010001001110001001110100001100001101000001011111010011111100110111
111010100001011001011101001110011111110111001010011001111110000011010011010101101111000001111011
010011010101010011010010011101000011110110111100100001111111011000111111100111101010010011001110
011010111111101001101001100110110000011100010100000101011000001100000000010100011111001000010001
010011010000011010110110101011110101100100010101010011011001111110010000000011000110111110010010
111000011110000010000111110101000110111010001001001001010100110100101111011100011111011111010100
000011101011101010111000001001000010010010100010011101101011101101110111101000100110110100010100
000100101011100110010100010111111000110111010110010111101001001101010100100111001001111101010100
110101000000110110011100001010010001101101010010110000101111000110011011001010101101101010100010
010111001100111010101010000100011001110001001010111000001010010010011111011010101001010111110011
011011000111010110110101000100101111001001101111111011101001001110101100000000001000111011010000
001000001001010100100101001101110000011011111100000101100010100100110110111000100110001000111001
100101001101001101010001010101001100110010111110100101011000011010010100100110111101110000001111
111001011000110101010110110100100110010101101101111101010010100010110000111100000111011100000001
000010001111001000111100111001011001111001111100101010011111101110100010100101000101111000110011
101101101001001011011011100000100100011110101011001010110100101100010101000101101110011011100101
001000110110110011011001101010011000011000000000010010000001110101100000110100101000110001100001
110000110010000111000011110000101100010111000000110101010011000000011111010011001101101011011010
101110100011000001101010001011101011101100111100100111000111001000100010010111100010011100000011
101000100001111001101100100000110001000100101100100000101010000101100100101001011100111110000110
100011100111001101100101110101011000101110111011001111111010001101111110100010101111001001100111
011011100010101100110110111100010111101101111011000000100010100111111111001011010010100001000000
110001100100101101110010001111111010000101111110101110101101001000000010010011000110000110001111
111101001110000011110011110000010001011111101001110011000000001100010010101101001010111110110111
001001110000010000101000001100011101010111001110000000000100111010010101101010111111001000111111
100101000010110100110011010011011000101110111000010000111101110111000110011001101001010100001001
001101000101110101000000010100011011011101101010110100001101100001001100101010100111001100011010
100001000111111011101111110100010110110101111101001100110100110011110011010001101000111101110000
001101111010101011101100000000001100101011000111011111101000011111011010010000100010011001101100
110101110101100011101101101110111000100101010001111111010010010100010011101101010011110001010001
001111101011011000010000000111111001100001111010111101100001100010001001110011001011011000101000
110011101010010000001111110100000110011001010011100011001010111010011011001101110111111101100000
011011110011011001101011101001010001110111010001101100100111011001100111011010111001101000110010
100001111101101010001011001010000001010110111111000110011111001101010110100101101101110101101010
110001011010100000010000011110110101010000000111111100011101001100110000110110110000110011110010
110010010001001011100110011100001110101001101010101110100100000100101101001001001011101111100111
100001000010101100011101110001001011011010111011100000001100101100001001100111101000001011011110
011001100110011101010110000010101100101011101101101011110101111000001110011011001010111101110000
010111010000100000001100011111100111111110101011000110110000111111011001011110101011111111101001
111011011110100100011001101000011110010011101011110010010000111001110011011101001001010000011001
110101100100000111001100101110000000000101110001011010010010010100111011111110001100001100001011
011110111111001000001010010011000001011010100111110100011101011001110101110001110101001111100111
011011110001100101010100001110010011000101101001110110101100110100011000011011000101010001110010
100101011011010111101001000011000110000010100111101110001010000011111010111100001111001110001111
000110100101101110010010100111001000011011001011011010110011111111101100110110110011001101010010
110011001000010011110011101111010111100001010010110011111101101000100111100101101010110000100110
010010001111001111010111101000111100100001000011000001011000001100101010001111000011111000011100
111110001100010100111000110100010001001011110000010010100011011010000101111000100010010110100000
101001011100001110011110100100000110111000111100101101010110000000011001101000011001111100111001
011110110011101001010001100110101111101111111110101111110000000100110111111100110100111001110111
100110010001110011100010001000100011111010011100110000101111111001010110100011010111111101010101
010110111111000010101101001110000100001101001111000011101000001000110110001100000000011001010100
011110010100001000000111101101000101011101111110111010011011100100111100001111000011000000111011
100011100101111111001001011110001010010101001111011111101111000100110110011101001000111001011011
001000010101101000010001001001011011010100000000000110001110011001111010010010010010011100000000
001110010101011001000010001101111110111100100110001011010100110011001111111001001111000011011001
000000010011010011000010110101000001110001011001101101111001100001011011001010011110000001010010
110000011101001100100001111000111100100110010011101001101000101011110100101101001010000011100110
100111100011010100110011010000000010011111001110011100101010101000100111110011001001101011011111
100001010110000100010000101010100100101111111110010010111111011001101100100100000010010001111100
110001000111011010000000010000010001001000100110100000111011000110111101001101011011100111110000
110001000100110000001001011111101111000000111010000010010001111110111111001101111010010100000111
010101100111100010111100101110000001110101010001011011100101101100111100101100110000101111100111
000010000100101001001101000111011111110010101111111100011010001110000100011101001111100101000100
111100010111011011010110100101000011000110100011100001101001101101100010000111000110010100100100
011110111000010011001100000101011110010010111100111000111000100001010111000001000110010101101011
001101010010010101111100111001011101111100000001001100101000110110110101111010111110000011100101
100000111010101101000110000110110100111011000100010100101111111010110000100010001011001110101101
110011100100101001111101001010100000001111001110111001010110110001110100101010101110110011100100
001110011011011111001001101000100111011001010111110000011000101010110010010010101000000100001110
111010010101011001011001001101011001111111111000111010011111110010011101001000101001011010111010
101101100001011111010001000000111011000101111011110110000000001100110100100011100110001111100010
111010101111101111001101000111000001111110111101100011110000100011111111110101001101001111010110
110100100000111011100000100010110010001101011000111000011111001111001110010101110011000101000101
101011100110101100011100100001001100011111010101110101010010011010011010111101100001000011010010
010101010111111011000110010101011010100011111110000010011000111111110101011100010000010001101011
110100110011110100010111111111011110000100110101000111100011001100010001010011100001000000101000
101110101111101011101100111101000111110101111011101110000101101000110101110010000000100010100011
010101101111111101011100111111110100000000100101010011001001111101000100011100110110100100111001
000110101000100110000000100101011000100110011011010110111010110010100111001000011000010001100100
001100000010110110111111110101000000110111101110001110010111101100101011100101111000001000000000
111100101100001010101011100100000100111100111100001011100110000100011000100101110101111001011000
111110101100100101001000110000111000011110101101010101100101011100100010010111101001001111101110
101001010111010111010110101001100010101110001001101000000110110000111101011100100101101100010111
100111010010000001000011001101000101100010000011101101100110111101110101101100100011111100010010
000101100110000110100110111101110110010110111010010111100100110100011101100110000000100010000011
101101101011110111101001101100100010010110100111011011111111110111010010010111010110110101100100
001011100001011011000110000001011001111100111111011101110101011011001111000000110001110000001101
011110010110100001010110000101010100010100110101000000101000011000110000110101100110101010000101
101110000111111011111100101001111000011100000111101001010010010011001111101010111011110111101000
010011010111110110011011111010010101101000000101101100010010100001101100001010101111100100111110
000110100100100011011111101001101111000100111111100110101101101110011110011111101101000101111000
101011011001010010110001001001111100101001000100010100100111001010001000001101110100101010110100
110110001111011001111101110011000110100111101111001011111111000011010011001001011010011000110100
110000001011010110101111110110011111100001000001001100110100011110110001010010010101110100001000
001010010111110101000111010110100001100100100001001111100101010100010011010100001010011011100001
100100101101101110011001100000001100001010100100000101111100000101110010111000011111110110001110
000100101001111110000100100010010110011000110100011111000010110001001000110011011001100010000001
001101010111010111011010100110110100100001011111111000011000010110000001100000001010111111101010
000110011011101100011111101011000111000001110101100000101001100000000011001111010011100101000011
101011011001101011100010000000011001001100101100100001111110101000000111100011001001101110110111
100110000011100100101110010101001111011011111000100001101011011110011001110001010111010110001100
100011111000010101000100001110001010000100010011100000001110011000110100011000010111011100101111
000101111000101111010110011011100001110001111111001010101110110101011000001111010101111110101101
010010110110101110000110100110110001011110000101000011110101111100110111101111111101001001100111
110111110101000101100110001110010011001011000001101111001011010101110110000111001001111010011010
011010001100111100010011111101010010101011010100000100001101111100100100111101001011101100011001
101011001101010101001111100010110101110110111000111000101101011010111100000001010000110101100100
110101110110011011000000110101001110000110001000000000100100001111010000011000000110000000000000
101110001001011110101110011000001010010010001010111111011000001011010010101000001001001110010000
101010110001000000000111110101101100110110001110001111011110000111010100110101100111011101001001
000001100110110111111111001111001001010001011001110001100001010001111101101000000101100110101101
111011101010100000101111100101010010001011001000011101001010101101101111001001110100100111101011
011010011001100111010101100110111111010110001110100001010010111100100101111110010101110100110100
110100111001101010110000101110110100111111100110110111101010110100100100001111100100000010101110
001110111000110001101010111001000010100001011001001111110111011011001111100000100000111000100110
101000000101101010101111101000110010001000111010110011001000100000000111011100010001011111011011
101111000000101101011100010010110010100111100110001000101100000100111001011110111000110010111101
001010111001010111111001110001110111110000111110111000111100110001000000100111100010100010010100
001101000000111011001011101011100011001001011010110101111110110110000101001001010000001101010100
100111101101100100010100110001100001010000010000011011010101001111001010100110000110100000001000
110101010000100000101000011100000100100110111001111001100101011011001000010001111010010101100101
100100110011000100011000100101110011110010111000001010000101010111111101000000000000010010010101
001011111101010010000010100110101111001111100011111000001011011111101110110011101111111100000010
001101011111100000010011111100001100100100110001000011010100100001011001000100010111000001100110
011111000010000000110111100101010011001011110110101010111000101001111100011011101010000011111111
110100010010100001001000000010101001000000010100011110111110101010111110100001001000000011110001
110001101111000000011011100101001000001111001001000110111101110000110011001011000110101110101100
111011100110100110010011100111000010101101000001100100011010100001100110000111010001011110110100
000001111000101111100100100110001111111111100111010110001101111111100100111000011001011101100111
010110111111010111011011000011011000100101010011110110101110010001000001000010011010010010001001
001101001001010110000001000100111111100101111100011011010101101101110011001001111111101001100111
010100101011001011011001001010100010000110101000100011011011111100110001110100100000010010101010
100000111000000100001101010101011000001110010110111111001010111011011100111101010101010101111001
101111101000101101101001001111010010101001101101111000110110011110011110011000001001101110010010
000010000010101101010101101111001001101000011010000101100011011101101001111111111111001011101000
100110001001100101011111100110001000010100010000100111110010110110011101111110111110101010111010
001110010010111100001011101111110001101001001010001000111001000101010000100011101110010001100101
111111111011000010100001011011001110000100010011010111000000110110011110010011100110110100001110
011000011000001110001101110010111011100110100101010111001100101011111111011101100000001000010101
101000110100000011010100011000011001011001001100101101111011010110101011001111001011110011010000
111101000111111100101111110001010100111111101111110011101110100111011001110111001001001111110010
001011000011111111011000010001101010000101110101111111100111011001110111011100000010001100100111
110101101101110100110101001100101000111111001000010101100110101001001001110000000001100110110111
100110010100111011111000000100100000000001010011011011101101101111000100010011110011110101010100
001001101000001001011111011111111001011101010111111101010011111010010001001101000000000110110100
101100110011101110001110011110001010100101010101010001011010001010001011110111110111101011111111
001110101111001011100111111001010110001101110111000000011000001101001011001111111001111011111011
110101100000101100101101001001101111011100000010000110010101111011100110011100001101110010110000
000100000000010111111001100010001100110011010110100100110111001111011100110100001110011001100110
011111100001011101100111010111011100010011001111011110001111101100001001100101101101001101000111
101101111001101010101110011100101110001101110110011111111011100010000110010110100011011011011111
101000010110001001111000101010101000111000101000010111000000110111010100010010101101010001001010
110101001000101000000000101010101001110000111011110110111100011101010110100111110110101001000001
000110110110111100111001110101001010100110001000100101101000110110110010001101000110111100111101
010001111100111110111101111001101010011100111000110110101100100100110111011011101001010100001100
100111110011010001111000000111111001110100001110101001010010101011011001111110101000001110111011
101011100110000000000101001111100010011111100101000011110000001101000100101001100010111000010010
001110001100101110101010000100001001110100000101000110111101001010110101101101110001001001100010
111101011101110000001110110010001010001101100101010001101100111010001100101001101111001001001001
110100000110100111000111110111000110101110101011100100111101100000000100000011111101101011100101
000010010110011001000101100111100011101011010011110101101111101011000101001111110000101001100101
011100000001010001100100110011100111100101001101001011100100001001110001001010001111100000011110
100110101101010110000000011001111110101101011110101001111101011011110011010111010100000010010001
011110001010001010111101010010011110101000100010100010010110100011100100100011111010100100110101
101101111110011101010111111110010110110110111001010101110010110100011010001100010111111001101101
111110101110111010001001001001001010001000011101000100101001011110100010001100000111011100111100
000110001001001101111001011011111000100000111010011010111000110001001100111110110100111001011001
001011001011101011010010110011011100101001110110000101111101100111000011111100100011110001101111
011001000100101000111111000101101101110110110011011010111000101001011010111001111001001101011100
011110111011111111010000101001011000110010001110100011111101000110110110100100010111001101011111
011101000001110111000011010011000011011000000011011000111000010011111000001100101111101111101100
000110100101100011001111010001100010010101001111011101100101010110101011101100111000111111111100
011000101111011101000001001100011000100011110111000011011100110111111010111100000101100000100100
110010010100110011101001011100101000110101111101010100101110100000010111011100000001001001000011
000100011011010101011101010101010110001110000111100011001101100011111000111011011010000111001011
110000001100100110000001000100110101011011010100111011100100000000011001101110000111010111000111
110100010001011111111011101111111100001000010010100011000000101110101010101001100100111001100011
101111000010000111000100011101101010110010100011111011000000000111010010101101100000111011111010
011110100111111110100101001111000011011000011001001100111011110000101011000011101110100000110011
000110011110000000010000010000011010110111000000011101100100101001111111101100000010011010101111
110100000101011010110000000110101000001000111011000101001001010000000000010010110000111000101111
011001110111100111000010010001000000000011100110100010001001101011000011111001001001011101000011
100111010100100101000000110100100101010011101101110100111001101000000110100001011010100011010010
000100100011000110001100011000110001110110000110110000100011011001111111111111111101110011000001
101010000011000110011010101000000110101011101100101010100110011000000110011110000101111000111100
100111000011111100011001110000111010000100010011100000000010011101001110000111110010110101000101
101010110011010110011111001010011100110011100001111011101000011111101010110011111010001101011010
011100000111000000000110011011011111001001100100000000111101011100000111110001010011111111110011
111001110110010010100010100100100100100110110100110100111110011001101000111010110001000010100010
100110001010011110001111000011101110111101000110101001110001101110000001001000000110000001000111
000110110110111101110101110100101101111110100010000011001010111001010010010111101010001010001101
001011111100001011010000000011101001010110110001001010011011010100001010010000101010000000110001
110101000100101011011010001101001010101010000000001001100111000000011100110110001011110110000101
110111110111111011010001011011100010010010100100101110110001011010011000101001011110100001100100
101111000000000111100110110001010111001011011011101101010100011000111110101101110010111000111000
100111011101110101101000010011100011000110001101011110100100001100001110100001111111101111101100
110111010100011110011111000000010101101100001001011010100100001110001110100000001111110110011011
111010110111111101111010011101001000010100011100010110101000010110110111101100001010011101100001
010000010110010010111111010111001101010000011000100010001101110111110110110010100010100110010101
001001100110001011001111110111000011100100001110100011001101001111101110111111001110111011011110
011100110100101100110110001101101010100011010111110010010010101011001010001100100110110101101100
100000111001100111000010011000001000000110000110101111010110000110001010001111011111010110110010
010001110010101101100010100011110001110010010100111100100100111111000011000110101000111000110001
100111110110000110111011000000111110110101000001111101101101100011011111010011101011101110001110
011010000001110100010111110010101001111101101100001100011000001100011000011110110000010100101001
110000011001111001100100000011111011111010001110001101010000100000100111011101000101000011000001
101010011100011001010100101001111001101101110111111011100101101101011100110111101111101101010100
001010011111101010111110011010110000011111101011100010111111011110111010001000011001011000001101
110011110110000010111011101000011111010001101000010000010100100000001011101100001011001110101110
010010000100000000100100111011101101101010101000110001101100101010110001100011100101010011000010
111110111000011010100001101011100001001001001101101000111000000110010101000011011000101101100011
100100111010111110110101010100001011010001001000011001010010100000100100001100011101000000100011
011010010011111000111011000101110101000101000111110010101001101011001110110001101000111111010101
111110011111100011110011011110000010000001011100010111011011110011111111101100000110110011110001
000110011100011001000001011101010001111011100000000111011001111110000000011000101011111011100001
001000011111100111001100111110010100110100000000011100100000011100101001100110010100001100001101
110010100011111110000100010100000001100000010111100100001101001111000101001011000001000101111011
000111011101100010100000001011110001001111101010001011101001110001001000101000011100101110100101
110111011100111111010001100101111000010001011111010010001011010101110110101001100111011001110100
101101011010010011000000010011100101001110100100010001011000101100101111000000001000101000111111
011100011001111111100100110111101101100111011011001100100100111011011110100001000010100011100101
111110111111011011100100111101100101010101100101110000010110010010001101100100101001101000110111
011001000110111101000001000100100101110001000100010010100111111000101110010101000000110011010010
010000010001111011111110010100010111010100001001110111001101110111000011100100011001110001111011
