111011001011110010110111010101100011001100010111100001011100100101001011010110001001001000110100
001111000111001100100000110111111000001001010100001001000010111111001110011101010011010011010101
100010111111001011000000011001011000100011111000111000000111001000000110111010101000010011100011
001011100010101001101110011011011111101110110100001000100100101111111001001000011101001001000111
100001011100001000110010100110110010111010101100100001101101000101000110100000100111011000010011
111010111110000111100100001100100001000100001010110111100001101000111010100111000100010111101111
100001001101101110110011101011011010111100001101110111011010110011001010011011000111010010000000
011010000111000011110001000010010010000111010001101000101111100101101011100110000010011100011001
101110101101110001110010110001111101100110010110111000101100110000000100000000011000011011010111
100010010110000111110011100100001100010100011101100100010010110001111100101001110001110101110000
000100100100110011010100010111110000101010010010111101011101110101111011110101110000110000011011
011101101000100111100101110010011010100000111111110000100010011000011110001000110000010011001000
110100001110001001011000100100111110001101101110001001010110010110101000011001000001111011101111
001101001110011001101011001001011100111111110100000000000011101100111101001111100010001100100101
000000010001110111000100101111000011011110100000111110011010101101011111111101110110100001001100
110110100000001011010001000111011100110100111110111111011111100010101110110101111001001101011011
010010010110010100101110000001010100000100110000111101001011110100110000001110000110000100101110
011010101010101001110110101110100111000011000011010110001011100010000110111101111000111001111001
010010000101011110110001001101111100101001010100010110010001110100101100001110000000001010010100
111000100011111101110100001011000100100110111010000011100000000010000010000011000111000111001101
111000110110001010011100000110100100010010011011010011011010011011110011010100011010011010100001
110100001000100111111110111100100010010001011000101110011110111010111111011011011011011101111101
011100100101101100101000110101010001101000101011110000011111000110011100000111011010000010111010
110000001110110000010001101000001000010001111110000101000100011010000110010001101010000011100110
000001000010101011011010010110110010000001010110000000011100100101100000001100010011011011100011
100100110000000000111101100000110101011100110100000011101100110011111111011010011011110011011101
101000011100111110010110101010100110100001111011010100101011101001011010111000001001010101001111
101011101000110011010010010101111001000001110111101010011001111110001100111000111101110110001011
001100100010110111001011100110100010110011010100111111011110111010110101001001110110000010010101
010101111011110010100000100000000011010001100110000111001001100100001111000111001011000001000010
101100100011110111010010001110011000010101010111100101100100011110000111100011111101001010101011
101011001111100010000010100011100011000001011010110110010011011000110110111011110010101010011110
101111011111101011001001111000110011100011111110110010001001001010110000000011000011101000010110
011111100000101111111000000110010110001000011000100101100001101111111110110100101011011011100110
111000000001111010100011101010000001001011100111110011110101110011000001010111101000110100001110
000110100110000010001101001100000111011000001011010010100011011110111111100001111011000101111011
001110000000100110010011110010111010000001101111010110011001001001001011111101101000010100011110
001100011011100100101001111110101101010001000001010110110100100111100100101010101100111000011110
001010110110011000001111110101011011110001110110100111100110110001110010010101101111001010100011
111001000001101011110010101001010011001101001101011011010000001111100001101101010110111010000001
000010101101110110111011001010111011111111011010100110010110101110000010101010110000101110110010
010110000001010001110101011010010110001110100001000001111010010010001111001011101101011001000100
001011100111100011100001111010001010001110101011111110100111000001101101111000001010010100100111
011101111001000010110000001011001111011001111001000100100101000110111111100010110101000101000001
110000011100010100101001001010101011111111111010101010100011101001000101000110111001110110000010
010100010111011110011100000011110111101111001100001001010111011101110101010011101011000111000111
101011110110100100101110011100100101000010101101010001001011010100111111111111100110000010011010
101110000011011100010111001110010000101100100111011001110111101000111011111010010011100111011010
011011100111100001001000011010111010010011000101001000001010010101011011100111011111011011001111
000110100100100000101111001101110101011001110011100010111000011010110001101101101101010100000101
010111101101101100110001111100010001111010011111110110110101101001011000111011101001011100001100
100001101101100111011100011101001000100011110000000100011110001000001000000000010101100100000101
010100100111110010110111100000010011101101101111111111111110001000111100100001110110010110100010
101111010100101110010011100100101011110111001100000100010110011011100000101001000110100001110000
011111001101001010100111010101100101101001010011111011110100101111011101101101001110000011110100
000000010010010111010001011110010111011110010011101001001110101100001001000001111101110100010100
111010100111011101110010011011101011110010111101001001011010000100011000011010101010110010010111
001101000110111000010000111100110101000100110001001101111001000001011010010101110100000101110100
001100001000010101100011001100011111110101100001101000001111000011111101000011101110000000011010
111100010101100000111010011100111010100101111011110101110001110000111101111001111100011110000000
110000110110010110101100001100100101011101110001110011000001000000101100110001011011001100001000
111001011111110101111110000011000011101000100110110111111100001101100001011100010101100001110100
100010111001010001000100110100110001000100100100010100110110110001010001101001110001110011101001
111010011001110001110011101111100010011000101101011011110101111100110010010010111010111010111110
010000000011111011100101000011110000010101000010001000010111001001010100110011011111010100000001
001010011111101001100010000111001111101101111100001101001110100000101010010010110111110100001111
111110000100110100101101111101110001101100001011001001010001001010001110100011111011111110101110
101000111010000011110001011011101110101100000001110001110101110110100110010111100100001110100011
000100010101011101011010110001101011101110100001001001101111111111111111111001011000111110100001
100000100000000110010101011001000011011001001100101110111110101100111100010101101111100100001011
001100011101100010101111001001000011001011010101010010110000101110011100001101001111011111001100
101111010111100011010101001101100111100100011110100000111101011011101001111010001001000101101001
000000001101101001011100000001010011101101001000011101000010011101000010110110001111010010010100
110110001011000101010100111001110110100001110010100010000110101000010010001001101000001011101110
100010011010111111101011101111000111011110000010100110000101111101010001001000101111001110110100
111011101111101011001000100100000001101111110110110001110011010001101110100010000011110001000111
010010011111001011010010011100101000000100010011100011111100110000000011100110110010110111110010
100111011011111101000110001011000001011001001011111010101000110101010111101011100000011110010011
110001110101000000000101111101001011001011001101100011001110100111100011100010011001001000110110
110011010011011011000000111111000011000111110001011001110101111011111010110110111110100101011010
011101111010100111000011001001001001010110111111110110111000110101000100110100011110100111101111
111111001100110011001010000001111101010100001100100000110101001110100111011100111000100101010000
100000001001110101011010000010010011101001010100010011001000111110001111011111110100010100110111
010001100011010110001010001011111101011010011101001001001001111001010001110111111100010010010101
101011001101111000101010011111100011001111100111010000000011101001111000111010101101110000000011
101010111010001100010000101101010110110011101110001000000100111011011110111101111111100111111110
111110001000010011100110110000010110101010001100010010000000101001010100101000100010111001110111
010010011000101110010011110011100111011000000111110110111111101001001011100000011000010000111001
111100100111010111010111100000010010101000000011011010111100101100100100101110111110010011011111
011000110011001010010011100011100110010111000101010010010111000110101110100001001000011010011011
000001011010011001100011101001110100001000000111101011001110001111100101100111111011110001000001
001101001100000011001001010000110001010010011110100001011010101110000000000001101010010001100100
110110111101001100001001011000100000001001001101000001101001010111001110001100100011111111111000
011111001101000001100101010110010110110011100101000011101010011010111010000100000100100010010110
010000100111101110111011110101100000100011101001010111000001011000100001110000111001010101000000
000001101110011001110000001101000001110111101111011000110111010000101111110000011010001101011101
110110000001000100000100101101010100101111111101000111010000110000111111001110000111101011011100
010101100011011010111110101011011011011110011111100000000010101010011010101111010111100111100011
100001000000001100010100011100010101100111011011011100011100011110101100010011001111000101100110
001001101110001001011100001110001100001110000110110011111001000110010101000111101011101000101010
001111100101101001000000000101001110101101010010000011111111001101111000111100011010101101101010
001000101111011001101111001111010010110011111000001111111001010000010010001100100000010001000010
110111110010111110010000111101001100100100001101101110000100101111111101001010111111101111010011
110010011110000010101011101001011001001000010111101111001001011000010101110110100011010011110011
111011010111111000111001100111000110000101100000111100001011100101000000001011110100001111100001
000011011111101100100001000100101110001001101000101011110101100101111110010100000110011101110000
111001110111000011110100001000010101011100110000010010001111001101101100000010100110100111101111
011110111100010000001110100010010010000100001010100101110101111011000111010000010110000000010011
000111101110101110100110010111000001000101011000001101101000010100111000110111111101101001010011
111000100101010110011110100011001100001110001010111110011010011010110110101001001100011011011111
100011011011110001000011110100011100011000000001010111110110100101100101010111011000010111000000
100111101001001010010011100101011010101010011010011111011110011101001011100101011110011010100000
111000101110100011010110011110011011100111101101001011011001110110100010110110110110010010000100
001001100010111001101011101000010011110001000111101110000011001110000101011111010110100110011110
100011101000111111111111110011110111011111001001111010100010100110010111010011000010001100000101
101111101011010011010011011100011011110011011101111000000111100010011110110010110110100000110001
010111111010011011000000010000110101000011010110010010001110100011000001001011111001010011001000
111000011010000000111000010000011101101101101001110101111110001001010000111011110111100101001001
110001101000001101000011010000000001010000111110111101100101001001001101001110000010101111101101
000000101101011010010101000101111100110001100110111101111000110000100010100101010010010111101010
100101110110011001100001111011011101110011110101101111000101100111000010111011111100011000101100
010010011011011010101011101001101001001101011110111001111010101011111010011110111011001110101101
100010100110100110110000101011101101101111000110010100100011101110100111101010011011101101100000
011111111100011111110101010111000111011101010001010110100110100000101011010110101110110110100111
000011001101111011001001101000001011101111110100101110100001110001000100100010110111011011000000
011110000110001111111011101100000000000101101100001001101011000100100101001111101001100111000010
100101101110000000001000110111111001011111100000000011011101111111101011110010111001111001010010
011010001001100000010010000110011010100100001011000001001010010011100110101000010110011100010101
001000000000101100111011111101001001000101110111100000011000001010110001010101011001111010101110
011000001110111011010110100010000100100100000110001011110111100100001100000110010000001101010011
000000000100101010000110001011111111101011110101010110010110100110000000010101110111100001001110
100110101111010011000110101110110110000000000000100011010000100110011001000100011100011101011000
010110111101000000111001111010010111111010100001011110100101001111011000110100110111101010000100
001111011000111111110110001111000100011111111101100100001101100101000101011001101000101111100110
100110000100000101110000001001011111111100000110000100010010000011111011110001110000000011100100
110000001101111010111100010001010001010101000101011110011101100000000100010100101010001000011010
100010111001101011100001001100001001101001110110010110001101100010001110101100100001100010011011
011011000111101001100010101111111101010000001110000110010101101010101000111001101001100010011110
000011000111011110100010000010111111010011111000101010110010010110110100110101011000000111101010
001010101000001100001001010111001001100011000010111110111011101101000001001101011111011001111010
010011110000001001101010110100000010110010011101100001110100001010101011111110010001010011110010
001101100101000100110110001001100010111000101100011101000001111010111011100000000011111011010001
000000100001111011101111111001000111010111001001101000011011101101000110000000011001100110100101
100011000001101100000000001000101101100110111100100001010001101000000000110011110101110000001101
110111100000110000000011000000000100101110010011000001001010000100100100011110010010011011010011
100101111000100000011101010011011001111010110111001001001100101100101011001100110000010001110101
100001000010110011010011001111010001000011010001010000111110100000001100101110010111010011011101
010100011111011100011110001011000100100110000100111111011000110111101011011100010000111101001001
001110101000110000100111001000010010001010010100011110110110111011101100111101000001001000011110
101111100101100000111001011010111111110110111011001111000110111110000001111000001101111000000110
110110000011110011101111111110110101111010100000101001111011011101110101101110100111011101100100
010110010010010101100011101010011001001100101000110010111000100110100111000001111101110001111101
010001110011110111001011010000011110111101001100011100110011101001110100101001111000110000100001
001100111111111111000100111111011111010101000001000010111001110010010110010011011101000010001010
010110000111001110010010001000111010010101110000010000001000100101110110111011110101010101000010
010011011101001100110011011001010111110000011001111111000100100001011100001110001000110000001100
011001101010101110001100101100000011101110111110101010111001000001100000100111111001000001010001
010110101011001001111110010000101000010101010111000010001000101011001110110011101110001010001101
101011011001111010011011111001100101111111110101101000110100011000011110001010111000000100110110
110010011001001000111001101100001011111111101000011001001111011111010000000000100100011011101101
011011011100011010100001011110001100000110111110010100101111010011011111000100100000111000000110
001101000011101000101010100100011101101000011100001101111001011001000010111001000100110100110101
101110011101010101001101111001101010000110100001100101100000111111100101000110110001000101011111
111011110101010111011110111100110111011111000011100010100110001101000110010111010011011000101101
110111011010010110001001101000111111101111100000011110001010010100101011111001111010101111001001
110000101001010000101011111001101111000010101100101110101110100101110100000111100110001001100001
111001001000111101111100011000001010110010100111100011100110100100100001101011100010100111011101
010000100001111101010100001001111001000100010100011101011000011101100010111011111001000001010000
110001010001100100101110011000011110001000110111111100100011101010100100101001100100001011011011
100001101011010000010100011011001101100101000000001111100001110010111110010000101110001010110000
101111011000001000111011110111010011011000010111111010011101111000010011001011100110010110101001
100010100100011110100111011011100011101001010100010111011100101100100010100110000111010001110011
011101110100010010000000110000010011101100110000001011110101101110100000000010011001001100100110
100010001110010101000101101011101111100111110100101001110111000101101110000011111101000000000010
110100111001111010110100110001100111100110011000101011010100111111111110100001110101111110001001
011101000101110011010001011001111001100000000111000111100010000110100010100010010001110110111010
100111011111101100110110001111011001110011010000010100101101000010111111111000001010010001110001
010100110101110011111110000110011011111011011101010101110110110011001111110111001010100011000000
110111011110110000011001100000101100110010100100000101100100001100011100110100100100000100010000
000000010101100011101110010100010110000001001011100101011101110111111111100110011011010101101111
011101111010001100110101111000110110100110011011001110101011011100011000000010101000001111011010
010101011010001000111101101101111111000011010101011010100110101010010000111010101010100110111000
001010110000001011110110010010001011011000011000011001111100010001101000100000110100101000000100
110100101011011101100010100000011000110000101100010011110010110010101001011001110101111001001010
000010001001011010101010111000010000010011010000001010011111000000001111001100011100101011000101
101100010000101010010111101100000000100001000000000010110011011001010110110111001111101110100111
010000010110011001101100101011010111100001011110011011101100100001000001100111110110101011001110
111100010110110011001101000001100011101010011101000110100000100101100011100101000010110001110000
000100110011001111001110101110001101010011100111010011000011001001001111111110100111010110010011
111101100111010010011100010100111100110010101010001100111010111101010000011011000100110111110000
010110011110011110000010111000111101000100101000000100001101111110001010000000010010101010111111
110001001001111010101101111001000000100101000001010101101010101001111001101110000001101110111001
000101100001111110110100001101110101001100010110100101110101110100000110111001010000011101010010
110111100110000100110100011111001110101001100100110110001011110110011001011100111010101111001000
001001011101000101010011011110110101101101111010001101000111111011101111100010000110110001111011
011100010010100001110000010111111101001000011011000101010111011011011011000110111110011001110101
100001111000001101111011001101010100101011000000000111001011111000001011000010001110111010011111
010001010010000111001011001010000100011111101010101000100011001011001000110010010001011000011100
011101010010101001011011101101001110000010101111101010110101111100111000100001111111110000010111
110111000011001100100100011011100110001101000101111100100011001110000010011100110000100111100001
110111010110001110111001101110000010010110110100100101101111111011000111100000011100000111000100
100010100010101011101001110110110101110011101111011110100111110001001111101011000010101010101011
000111010110110111111001000111011000000011100001110011111000101000010100000000111110111101110111
101111110110010010011010000010000110111111001110100011010000000100001100000111100011101010001000
101000111000111101101011101011101010101000001101100100110111010011010001111001000111000011100000
100100000011100111100110001010000110100000001011100010100111100011010100010010001101011011100011
000110111001100010011110100110111001101100000111011111011011010000110011001001100010111100110111
001010110010000111110010101010000000110110101001000100001011101111000101000101111101110100100101
001000111011001001100100101100110110011011010000010011101111001011000000110100010110100101110110
111100000010011110100101011000110111110110100001011011001100011010010000011101101110110010110001
010011011100011110001101011001011011011100110100001110010000100010110010001011100100000011111001
010101100100101100001010010111110110111110100101010100011010010101110100001100101101110000001000
111101011101011011110001101100010110011100010101111101011110110100101110111001001101111010100100
000011101111100011101000101111111100100011111000000110110110110000001000000011011000101011110101
000011110111110011001010011111110101001001000111010001110011101101011001011111110001010010011001
001011011101111001001001101011111101110011001000101100101000000010010110101010001101010010011111
011100100110001001000100010110010011000101100101101100100101000101001101000101010110000110001100
101010101010101001000100000110001001111101010001011010110110010101011111000000001110110010101100
100110001011100010101011001111010100111101110111111011000011011010010111011110101101100000101101
011010011100110001101000001001001100101010010010110101010010101100110000111101010011000110001111
000010001110101011110011010110111100010011101101011001001000011111101101111010010011101101011100
111001011101111000000100100000000010110011110100001001110110110000111100011110001011100100100110
110001111001001001110010100011011101110001001111010000011110011011101011110001110000010010100101
000001000110110101011011000011011001011100010001100000000111001000100010100110100001000111011010
011001010011010101111101001110011111100010111001100011110100110101100111001010010000001011010111
010010101111000111001110010010000101111001101010000111111110001111100010001010101100101111001001
010000011000011111010110101111011101100100111010101100101111100111100011101010111011111000001111
011101111001001000010111110011001010010001110101010101011111011110111001110111100001100110001010
000101100010111100001100111011100110001101100000001000010110110110110001001110111011101111101111
111101111110011010011010110011011110001101010011111101100110111111101100110101001011101010010111
010011111011111101011000000111011010001001110110000011101011101111010110111100110001100110100101
000111111100101010110110101010100100000111100011000100010001010100011110101111000001101111000111
110011111101100110000101111101000111100111110011100100101100111100100110010011100000100001010001
000101101011110111001111000101011111000101010101000101000010011100011110110000100011011011011100
000011101101101110110000010110110001101111110110101000110110100101001111110011100010100111000011
101001000011011000010100111010100010010110001111001110011110111011111000100111000001000111110010
110101001001010011111011011000101101001010111111110110000010011010101101011110110010000010010001
011111101000000010000111011010110111011110001110001011000011010111110000110101100111111011101110
011001100011010010011101000011111010111101111010001100000010101101001001010001110000010111111100
110010010010001001110100111111111011100110000111101110110100001111011101101000100001010111010100
001010001011000001111100110001101000010011010111010010110000001001011000100011010000010111010000
101110100110010000001110111000000011011011010101000110000011100111011000010110000100000110010001
000110011100000000101000111111100001110110010101010100101011000100000111100011011100111001001000
110100011001100000000001010010000111101101000110011101000010110010000001100101011011000010001110
110011000100100000010000001111010000100001110111101111110111000010100101111101110111000001101000
111001110011110011101100011001000011000011101101000001100100010101010100101101100001111000010110
101001101011100101111001001001100110001010001000101111100000011000111101011100010110101110111001
100010111101010010110101110011110000001101110011010111100101001101010000001101111101111000110101
111111100010001000000011001101010011000111101100101111011010000111110111101101001101101010001011
110110111011100101011101001011001001001000101010111111000001101101110001111100001111100111001010
111001000111001010011100001010110011011001011111001001000011101000001000111111111010011011010111
110111001001001011000000010000000111010111011010110010001000101110111010011101111010001100000101
100000000101110111101011011011010000010110010011101011111101011010101101111000010011001011010110
101010101010110100000101000010110100111010110110110110111010010011100010100000101110000010111000
010010100011101100001000100111111101001111100001001101111110010101011110110001010000001001001100
011110011110110001101010000110101110010111001101000111000000010111110001110111110101111000111011
000000110101001111101001101110000010101001011110101010101010011010111011111100110101100111000010
010011011111100001111100000111010100111010111000001010101000000100101011101010111100000110100111
011011010110101011101010001010110101111000110010000010010101001001110011110011000011110100101100
001011001101010100000000111010101010100100111111110010001010011110010000001011110001110001011001
100000110011101001101011011011001011101100100110010111011101100001000000111011011111110100011010
010010011111100001010010101001110111101011100011000001001101000000011000011101010110111101100010
110111101000001000001101100100001101100001011111100000010111000100011000001110111001010011000000
100111110000101111011010000100110011110100000101110111110100000000100001110011100101001111100101
001101011111010110011111010001110000111011010001011100111011100010110110011111010000100000111101
000010011010000000101111000000101001100100111010010111110101000010100000100000000101110011101110
000001011010100110110011011101101101101100100110001010101000011101011111100000100101010011000011
011010001011010101101110100111010001011100101001100111011100011011111111011010111001101110010011
101101011100010010110001001101010100101110111001111111101011111010010000010011001010101101100101
101110111111011100001010000111011101010001101001010110001011111010000101101011000011111001011111
011111111100110111100110011101010110100000101011000001001011101000001010000101011111111001000101
101110101001000100001101000100000100001001000110011010101011110101100111011001011001111111101101
111011100101001001110101000100001100110011100001011111110100010100010011001100111100101011111010
110000001111111001101010011101010001101111101110010001100010000101010010001101110100110001010001
110101111011000011101101100010000101111001100010101111010001100101111000011101010011001101000101
010100110011100001000000110101000101001101010100111111101010011101110000100101100100001111111100
011000110010101011100111001001101111001001010101000010100010100000010111000110000111011011001010
101001100110010111111011000001101100010010110100100101110110011100111011011000101110000010011010
011101000010011010001100100001110001100100011011100001010011101010101110010100110010101101001110
110010011111011010110100000100010100111100100100100010000110100011111000011010101101111001110100
010101011001111000101010001000010001100000011010010011000110110001101010001001110000110000011001
001110110010111010011100001111001010000101011101100110001111011100000000010100110111010111101010
100000101100011011000000110000011111111110100001010111101101011001100101010011000001000011000010
010101100000010110111101111000011110110100110000101010010110100001010111011010111100000100000110
000101011111111101100101110100100111010010001000110011000101010000110101000100110010001000101010
001000100011010011101110101001001110101111110000000000101100010011001010111011001111011110100100
110011101011001001111101101110101000110110110100000001001010100101101001111010000100111001001001
001111011000001010101100100011000100000011010001101100001110100000011000101110110001011010110001
101000111001101001001001011001010101111010110000000110001110100100101101001010100000111101011111
001011010111000110111010100001100101101001111010000011100011000100110100011011000001010011100110
010100101001100010111111110111001011000000110010000100111101111001011000010110101110011011110000
010110101001111000000000010001000101101110001101111110110001011011100011011011101000011101100100
001001110000111000011001010011000001001101000111000011010011011010100001011101110011001010100110
111001100110010010000110000101101110101001011110110001010011101101110100110001011000111101001101
011110110100100111100111001100111001011111100010010010010101010110110100100100110110111001000011
100100111010110111111010111001000100100100111010001110110010001000000011001100100101111000111101
001011100101000010100010111001100011101010101011000011001011001111000100010100111000000011010001
000111001011101111010100000110001110110000101011110101110111010011001100101111011100000010111100
100100000110010010101101000011010101110011101101010101100000111111001000101011000110101000000001
000001101010011010011000010110111011110011011111100111110011110111011100000101001001110011011110
100001010011010000011111100001011101101000001010001001010101000000110011101101001110001111101100
110010101111010001001010011111110100011000111101101100000011010100010100100010111010010011110100
110111001100110101000000111001110001000010010000101000000000100111000010010111111001011110110110
000001111101011010000101010110000001001000010000111111001111110010000100100100001101100111001011
010001111011111011100111010110110010110000001101001100010101101100010101010010001101000011000110
111101000111000100111100111001101011011000011010010100111001010101011001101100011011010101001000
110111100101011111110101111100100101100001010000011100010001101000011101001101001111101011001001
111101101100001000011101100001011001111101011011010111001011000010101011011001111000011110101010
000000011000000110011110101011011100011001101110100001010001100100001111101101011001100111011010
111101111011100111000100010100111011011110111010100000000101001001110000010111000011110001101000
011100010011100010100100011101000111100101010010000101001110111010000101111011000000110010100100
101001011001011011010010011100010111011001111101101001010011010010110111101010000101010000001011
100100011001010101100011100001011001110001010010111110100100101111111111111010010110010110010101
111000001101001111000101010001011110100101010110100111011101010111101110001100011110011110110011
111100100110010101000001100111000111011111010101010011111001000101101101001001110000111010100111
000000001000000011111001111000101100100100001001001111100000010110011001111001010110100011111111
000101001100000111101000101111100111100111111110111011010101001001110010100000011001100111001010
101010000011011001010100000011101101101010001111011011111010010110010000011101000111100000000011
000001100000011011011000000000110100111000110111110110111001111011101011001100010111110001000010
101010001111110000100010010111011111101000010010001000010011001111110101011011011011000111110101
000101101100011010011001110001010110111111011010101010011001011111110100011110011010110101000000
010110100011110011000101100111110101110001010011001100110011010100000000110011101011100101011001
111110011110001010001111010001101000111010110110110101100001101110101111010110000001101001100010
100110011011111110101101101010010110000000101010001111001010111000000101000100011011100101101101
101010111001111100101011001010010111101111111110111001011100011100010100110111010110001010011010
011000010010000100001101010111100001000011101010000100101010000110111010100110000010100001000101
111010101111000110010011110010010011010111111110100010111101011011100101101111110110110100100110
010100010111111101011000100011101000010010001000110000010011111001111001100101101110010000101011
010001100000011011111011110110100110010010100101010001110111110001101001000010110110000011111011
010010001011011100010111011100100110010000001000110011000010000110110000111111011111100001100100
011000000100001001110011010010110101010101111100000001100111111010110111110000001010100001100001
010001010110100100110010101100110001010110111010010100100001110111011011110111001100110000000110
000100110010110000001001100111110110001111010000100010000000000100101100011001100110100111001101
000100001000110001000001100010011111000110110101101100111101001111001000100010011111100000100101
101101010101011000110000111011101111001111101100011001001000000010110011001000001001110101110100
000001011101101100101011000001010001100001011001001001111010001000010001000000010010111100100000
001100111100000010101100101101000111100111110010011001111111010111000110101001011101000100001110
101100101110111000100011010100111110100010101010000101001100001111000001010010111101001111101000
010000011001101010101010110001100000111101011011011100111010101001011000001010010001101011111101
011001100110110001011011001011000100011111010111110111010111111001011101001011011101111100011111
010001111010000100000011101000010100001110001001011011101101110011101110110111101000111001101011
100011111010011101100111110000000000100000111101001011000011010001101111100001101111011010101110
101010010010000111101111001111011000000110101101001111001110110010111100010100101101101110000100
000100100110111001001100001010011011111100111100000010000111000111101011101001000011011110011000
010111000001100001111101010101111100000111110110111111110100000110001100110110111110010001000101
100101110001101101111101000000010101000101110011100101001100110011111111010011001101110101000100
011001111100101010010111011000001000111011001010000011000011011011110111010000011010010000001001
011000101100000100000011100000110001011100000011111010111001001110000101100000101010001101010110
000101111011000101100000111110101000000101011100110011000010010101000011100000000010000001101110
100100011111000001011110100010010000000101110000111001110100001001000011110000010100110011101011
111101010100110101101101010011011001000010001110010100101000001011000000001011000010000100010101
101000000011101000000101101010111011010000101001111101100100100011111100000000000101111010101111
000001000011001111011010110010011001100110110111101110010010101110001001111101101010100000010101
100011110110001110111110000010111110101010110100001100010101011100010111101100000010011001001010
110011011111100000001111010010001000000101010111101000101110111100000001001100000000100010110000
101111010110001110011101100001100111101011001101101100101001110111111001011000011000010110101111
110111010100010101100011011000011011001000110001001011101011001001100111110111111010101111001100
001001110101000000001101101101101110100111010110111001010011011101001110101100100100101111111100
100011001101110000100111001101001000100101001101011011000100111001110001110001101100111100101100
111101011100110110101001111101111111000111010000100011101011011101000101011010101001010001101011
000011011110110110011010111100011101001010111111001100010100000110010101100001111101101011100101
100101011001101001110011100101010101111100100000001111111100101011010110011011000101100100001110
011001011110110011011010110110110011100100011111110101111011111001110101110110001011000011110101
110010000110110011111111011101101001101010111100101110111010011100100110101001111001100010110000
000100100000110100001100001110111010010110110101000101010100011101101100011001100001001111100011
100010001000010001001001010100001101110111001001100111010101100100001101101001111110010001110011
110111011101010100111100111000101101010000000001000101101100010111001011101111100100101101000101
100101001100111001001010001011110010101010111110000001000100110001111011000010101011100101011101
100000001111111011100100100001000000011000010001001001001000111110000010001000000000111101010010
101111101101011110000010111101111111100000010010110110011011010100011010001111011111111010111101
100001011011100011101110011101110001010111010011000110101110001011100111010001101011001011000101
001111000000001011000010000101000000011010111001110101111001001010100110000111111101110011110100
010000010011110110101011100110000101011110000010010101010010110001111000010110100001001000111000
001111010100100001001111110110100001100111010011110010001101010001100001101010110100110011101101
111011000111000111010010100011010101111000000100110011011011010101001110100100011011100111111011
011011110110001010001100011000000010101000100111101001100011111001101000001100100000100000000111
101010110000010111000011011001000010001110111111110101101001101101001011101000001010001000011100
001000101100011001100000000100111000100110001111100000111110001010111001101110001111000101000100
101011111001010100011010000001001010010110001011100101101010111001111010101100000100111001111101
010001001100101000010000111101111100001100100000000010111000010011100010111010000110000011001100
101110101000101011011001100010110101000110110010011010010001011100011001001001011111101001100101
010110100000001100101101110101011110001101001101101011100010001100001110110001011000111110001001
101010011111001011100110100110001110000101000011001011001101011010111001011001111001011100000101
110010010001011011111110001111001011011011011001000001000110011000011001011111101101101111111000
010010011000110011001011010111000101011011100110000011111111111000110101100110101011000101110110
011000001100111101001000100111010011011011000010011011011110001100000001100100001011001001000101
010001010010110011010101111100100010111101110101100111101010001100011101000110100110011000100000
110111110110011101101110011111110110111111001001110110001000010110010000000001111101010010001111
001000011000011010010000001111101000101100000111000011101100011111000000101110111110001010101011
111101110111100100011110111011010011100101101101110001111100011100110111010110100000000100011110
101010101111001101111011010010001111101010011000111111011101110011000101011010000010101001101100
111101111010011101011001100000011100001010111100101100011101110110110010101110111010100000001111
001101011000100111000011100011001001011011010001010110111000011101100101110110001000110010100011
000000111001000110011000000001100001101011001110010101101111101100000101011011000111100100000110
011100100111011111001010110000111000010101000111100100000111010100001011101010010001110011000101
100101001111110001000111011010010101101101111101011111110111100101111110111000110010000101110010
110010000001001100100010100110110011001110010000110101111000101000000000111000100000110100100011
111011100000001001111001000111111000001101110100101001000000101011110100001011010011000010101000
110110111000011111010010000000100000001100100000001110100111110001001000001110000100010011001011
001101100111001011110011111110101100010010001111001110101101010001000111001100011100001101100001
010110110010011110000000110010010101101111011100011100111001000100010110100101001100000010101000
000110110111000111110000111111100111111000011000111010010111000011010010101011101110011011100010
010110011110011011100010101001010010101011000111101111010011001111111110001100000100010000101101
001111110110010100100101101111101000001001101111111111001100111011101001010001110010000000010111
101010011111111011001001100010111110000010101010111010100001111110101010000001000001101010010100
001011001001111110111101101001011000011100110111100001011101110001111010011101000001111011001110
010101111110110000000001001001101100110000111110101110111101010010101100011100110110011001000001
100010111100101101110000010101110101001011111010100010111101010100110011000100111010100100010111
010101000011000010101111000100000110010101000000111111000011110110011010111111010011011010101001
001100011011111101011001101111100010101010001010000101010101000101001001000001100101001111011000
110101110001000111001101110010100011001110010001111010110001010010010110011001011010000110111000
010100010011101110010001000011011111000111010111100100100010111100111101100110110111100100100111
110110101001011110000010001010000100010100111000001111101010010110011010000011001011011000111001
100111010010010101100011100100101111100001110110110010001000011011010011101111110010011011011110
111001100110011001010011101100001001011001001000001110011011000010001011110110100001100000011101
000011101001100101101111011101111101001010101001010010001110100001110010100100100110011101110001
101011111110010110010010101100000010111100010011000001100010000000000001001101010000011011010010
110000100000111100110000000111010011100101010000010010100000101001000010011001000001101010110100
000110011001111101100111001110000010100100110001010110011010000111011011110000110010000110110110
110001101000111100100101010011100111111010100000001001100111001001010110011000000100101101000111
110100111100100100100010000011111010010111010100111101101010101110010111110100010000000000011111
001110011011001001110000110111111000101111001111010101100011100001000001111111100100000111100100
101010010110101001111000000110111001101111000000110001111110101110101010111001000100001100101010
011010110111100100011101000101001100101101011110010111101001101011111111101111110101110100010010
101111010001100101011000110111110010000000110111001111000011000110101101011111110101001111100110
000111010110010010110111100011111011000000110110001100110010010001000001010011011100000100000101
010101011001101101010110111101010101110011100110010111001111000110110010110000101001010000010011
111001010010101011100110001011101011110011000101100000100010111110111000111100011101100011000101
011101111101111000000100001011001000111100101011111110101010010011010000101010000100000110011010
111100001100101100001100011100000010011010111011100000100011011100101101111101001011010010000010
110110011110101010000010011000110010101001110000110001011001111000110100100000110001110110011111
110100011011100000101010111101111111010111010000010010001010111110101111110110111101111001110000
100110110011010011010100010010110010101100101111110000001111101000101011010111010011100110001101
100010100001011111110100011110100101001110011100110100110100101111111000001001001001111111101010
100101000110010010010000101011000010100010011101011010101111110011000000010011011100010011111001
111011101110001011000000101111101100000111110111011011011110110110010110000101000101011001011000
010010111110111101010110011010010101101110011011110100110100101101100111001100111100110001010100
101010001010011010100011100000010100101000101111001111101100010010100100010001110111000011010010
001100001010111100000010000010011011110011101100111000000000110000010110111101000011111011111010
100110100101111110001111011110110010010010000111001001111110101011101011011001000010101111011111
111110100111000101011101100011110100101010001101001011100000101001100010111111000000011100111001
001110010000101001101011111101111101101110001010110001010100010111010011001110101001001001100011
111011010110101000100111011110100101011111100000000100101000000010111000110101110100011100101101
011000100010001101010101100000000110011111111010001010111100011000001110010101100111010010011110
100101011010011000011110110011111001100010010001111010110011110010001100110000101111010101010011
100000100100110011011111001000000001111010111010101111000011110011100111111000011011100100011110
101000111101111100101010111100011010001101010101100010100111011101111010010010010110001111111011
010010110000001111011001101000011010011000110101110010000100110011010110000000111110001011001110
001100101011000011110011101100100001111010011010001101010000101100010011010000111011011001110111
011101001110001110100010111001000110011111100010010010110001100001011000011101111000000110111011
100011000010000110110010100011101010111001011111000100111001011001011001101101000111010001111100
001111000101001111001000100101110010101101001111110100010011010000001000111100100001001100111010
000110011001001100001011100111011000011111000111000011110001111100100001001100100011111001000110
000011000011001100110111011110010110011011000100111001101100001111011011001100000000010000100111
010110000110110010101101011010001010000010001010001111101000101110110101111000100011011101101001
110000100001010000011101011111110110110111011101010111100011010001111010111011010000111000000111
010000011011011011000001100100001110000010011000001100101100100010101110011000001110111010110011
101000110100010101101111011000000010010100101011100101000000101100011100000100100100111000001000
100001101101010111011011001111000001001010101101101111011111010010100101111111111010111000010000
101100000111010011111000011001011011000010111001110000010100101000010001101001011010111100100101
111101101000110110011101101011011100110001001000110110000010010011011000100111001110000111111101
000000010010010101010011100011110011111000001100111110101010010011010001111110100111011000000100
110111000110010001110000100110101010111001110001100100000100010001110101111000100000000111111110
110001011110000010001110110010001110101010100110110110101000111011011010011110100001100000001101
100100101101001000010101111001010101000100111011110000010001111011011001011010010010111100010111
010100001001111111111101110111110011110011110101110000110101100010100111010101110110010011101111
010111001110100011111010010010011011101000100011001010111010010001000111000111000011000011000100
100011010000011101011001111110111100110111000101011110001110111001000100001001100110111010011111
101001001010111100010001110010001011101011001110001001011001101011011010101011101011101101001000
110101100111001100101110010101000100101011110111101100011111100010100001000101111011100111011111
011000111010111011000101010011101101111101010001011100001000100110000101100111110011001000110100
101111011100110101010100111110001011100100010110101000111101000010010001000111001101011110011110
111110000010011111000100000001011100010000011111010101101111110100011000011011011001100001000010
101010101101011101001110010111010100001100000000001011010000110011101010110000001001000001101011
010110011101001000000100000000100100110110111001100001011000101011111101100110110110001110001011
110111110000100000000001100011100110110001000110101111111000010100010100100010100101100101111100
101111110001101001110101010000011111111001100000010001011011110011101011101100010011110101101001
101111110110001010010011100011011110001101101111001001010101001101111100011001111000110001010111
101010100111010110110110101111110101100010001000101010011000010111111110111000111101001011011111
001011011100111011000100010000100011011111101100011100101000101111000010111110110000110100001110
100010110100001110001011010101000110101000001001011111100000000111111011101011100010000111100101
101011010000110001101110110101110011001111100101101010001000111001101010011100001100010110000100
111100001111011001110101111000001110111110100000100100000000110001001000101100001101000011001011
101101011000001010011001011111010111101000111001001010101101011001110101100010000011101100010000
111100101001100111110001010111011100001100100110000111001110110110100011110110001011110100011010
010101100010101011100001000100001011110111100100000101001111100100010010000011011100101000111101
011110100000111111110001011111101011110100101111111111011100100001001011010101110110011000010001
110000000101101000000000011000000001000111010101000100111111111010000100001100010010001100110101
111110100010101111011111110100111011111000101011001000100111111100011110010110000011010101011110
000101111100101001100100111010010010001011110111101100001111000011101110110001000111000110101101
111011100101111100111100000100100001000000011011001010101111010000010011000110001000111100000010
011101110110101010100111101010001001011001101100100001100100110110001111010101100000110111001001
111000110101000011101110001010110100101011110011010101110001101111011010010000000101101000110100
100000001110011011010111100110000000100101110001110111000101100000100100001001001011010011101011
100111011001000100000111011011011011100111110000110111001100000000110001101100000111100100011000
010101010011111111011001111011000010111001010110011000110101110011111001000010111001100001010000
010100100101110001111111010001000011011111111100100001110111011111111001010010110000011111100110
101001010011100010011010001010010001101100110101000000111101000111101011011100100010011110100011
111010101010000111010101010100011111110000110010010000001110000010000110000111010100101011111010
010011001001100111000101011101010101000100011001010100111100110001010110001100000011110110110111
100001010001000101111010000000111010110001100011111011010001001011100111001000000000011101100000
010111011001000000000010110111101010011011011110010100001011000011101111000111100111011001001100
101000011111011011000101000001011010101000010000110001111000001000010011111001000001010110011101
010111100111011011000011001010100100000100001010111000000100101010110101011100011101011011010101
101011100001110001001000101011100010000010011011011011111000000010111111011011100011010110010110
000110010100011000010100110010100110101100101110010101101000101010111100100110001000101011110100
011010011101001000100011110101010110101100000100001011100100110100000001100010011011111010101100
101000101110101110001011100110010111101101110111010000000010011000111111000101010001000111011000
110100011110101100110010010010011010100101010111101101110101110110110011001001010100100110011010
100101101101110001101001001110010010111111011100100100010011100101010100101011001101101001011100
011111010000011000110100001011011110010110011001110001010100110010110001110101101110000100101011
001111100110011111000001001011010100010101100001010110110101111000110011010111011011101100011101
101000100010001110000101010110101110110110010011110010000110000011101110010111111000001111111100
010001011001101001011010001100100000110001000010100000101100100001101000001100101101010100111000
110101111000101001111111001010010111000110001110001001110111011110111001111000000010000011011101
001011010001101101111011100001111000110110100001000101011001001001001100100110100111010011001000
001110011111011111010000111110100111100100110010101110010001110001110100111100011000101111100001
001101010100010000010110100111111111111010111011100001100011101110011011110111011110001101000100
000100010111100111101101000101110000110010001100111101001011000011111100100001011000001110001000
000111001110011111000100011100110101000111110100111001010001111111101010101111110100100000010010
111100011111101100100001001101010100010010001100100101001101101100111101011001100100111000011011
110111011101101001001101011000010010000100100000010111110001010101100011000101111011101111010101
111110110010010100001110001001110000111110000111000010111010101011010001011111111110011010011101
001110011111010010000110100001100011111011111000010001001110100110010010111011000100011011000110
011010001110100100001000100101011101100101010110001011110010010111000111100000010010101010101000
010000111000100100011111100110010001110111101010001011001101101010001001110000100001100111000101
110110110101001001010000100010101001011100101110000000111011001011010010000000000011000101110011
011001101100010011010000011101111100011000100001000011101100000001110100101000000000111110101110
111011100110010010100111100011011000000000101101110000000011110011000001011010000101100000000101
110101010001010100100001000101101010010100110011001000001111000100100100100010011111011010001010
001110101100001101000011011010011000000111000101111111101101110110110010011011110110010101110100
110100011111011111111100011001110100000011100110001101111101011110101000001100010111010000111110
100111110100011011111101011100010111100101010010010111011011111101001111000011010010111110111001
101010111110101000000010110001011001111001011111111011111010111101111110100000110101010100101001
011111000000000011101100111110100110110111101110010101111001110110011110100111101100100110001011
010011010111101010000000000010100110001001101000110000001110110101111000000011011010010111000111
011001110000110100011110100100111000001110100101101010000001100010011000011000111101111011110001
111100111100100111100111100001110011000000101001111101011101111011110011111000001101110100011010
111110011001011110100110111111001100100010000010010100101111011101111101100001010111111100111000
101100100110101101010000101011111001010101000100110111001001000101110111110100101111001100011111
001001100101011011110110111100001010010000001111100110011000011110000000000010100111001010011010
001001000010001101010100101110100111100000101000000010001011110010110101000001100010101001110111
111011101101111010011011010110001110010110110010101110000100110110011011010000110111101001000011
101001011110111010111001000110100001000010111100011100001111010001101101000100111001001011101100
001001111111111000111000011010111100000111100111101001011100011000111100010011110110110101100110
111110100101101110000001010101000111011000010011100110110001111011010010101011101101110001011000
001011100101011010111100010011011010111100011100000101010010110001000110110111100111000011011010
100000000001011001011001111100010011000110010100110101011110001011101101100111111101100010111010
110101101011001001110110110010101011010001101100110000110000000101111101011001010100000011001001
000100100111001111100101100110011101010010010110011001100101010000111010011010110111000011110110
000011111100111001111011110100000001100100010010010101011110110111111001011111100110111101101001
011110100100011100010001011101010101111111010100011100100010100011101101001111100111111111101011
011011100011011100000010100110101100000110000110100101100000101111001000100001100011001100101110
000011100011100101111101001000100111000101111010111100111010110110110110000000100001101110101001
101001001100001110001110110010000111000110001110110101010110000010001010010110010110011000101011
010010110111110100100100011011110001110110110100011101100001101000110110011100001110000110000101
000011110011011000011110101010010011001101001000001000011011101010110110100111101000000110001110
101101111100011111111110010011010000110101001010001111100101101110010001000101010011011100100001
010010001100000000001100011011101010000110000110111001111101111000001000101110010010111010001110
011100110010100101110010111010000010101010010010010101010110101011100001111100000001000010110100
101011100001001000001110100110011100101011010101000100101100011110000011100011110011010000001001
000011010111110010010010100101110100101011111100101100111100101010010111011111011100111100101010
110011000110001010101101010011000000101000011101110110011110110111010100101111101100111010100111
100011001110110111111110011000010100001100011000011100010111001100111000111000111000001001100011
101011010001011001111001000111001001000101100010100011110100111001001100101000011110000100111010
100001000110101100000110011000100111011110011011000110010000100010101000111001011101000100010101
001001110010001010001000011111111010110000110100010100101001000101100001100001011000010001010110
101111001011101000101101101000101110010111101110111011110101011011111001111111100001110110111011
010011000010000101001110011110001000110110111000010011001111000110100000101110100000110110101000
111011111100101110010111000110100010111000000111000000111011010000100010010000101100000111100010
000010000111001011111001101010111110110101101101101100101011000000011000011000000011011110000001
100000101011101010011100111101110101111011100000101001110011010011011011110101111101101010010100
011110010110110101011011011000100011101101101100010111001011111000010111110010100011000111111011
101011111111000010111011001100110010110010001000101011111001101101011110001101111110110000100100
111011101100001110010101011111010001100101000111110100010000101101101000011111111000001001011101
011110010001101101011100000110011010000011101011100000001111000010011010011111101110001001000010
100001100100000010101001110010001101010011000010001100000111111011111110111000111101101101111100
010001100110000010100110110000110011010100111100100011011011011100001111101111000000100000100011
100001011011101100101001111100001111001001001101001000110101101000000000111010001100011101011110
001100110010010101011101010100001101010001011111010010010000010111110110000101111000111111100101
001001011011000001000110000011101100001011011110010011110101011110110010101011001100010010101101
010011010010000111101110101011001011111011101101011011010011111111000101111101011100010011001010
111111110001111010000011100101100000100110100000111100001001000110011000010101010110010000101001
101111011100000010010100000100011001010110011011010101001100101010001111110001111011100111101000
011001010000100001011110100110101110110010010100100110111011110111010101000001001110111100010010
000001000100101111011111000111100011001000111010101010101010111001000000111110111110001010010100
011100110000100101001100010100110001000111100011010111011011101001011111000001101000010000110100
100111000111000101010011010111111111111111000101111101011000111111100111100101001010001011011001
011100111000101111110010101010011011100100000100100000100011011011100101101110111101100100000110
100111000111101001110001010010001101110001101000101111100000101101100110101001000110001000001011
000111101110110001010101000101100110010101111010011000001010110110000010010000101000111010101010
101011101110011010010111001011111001110100011010101100010110010011110100111000101101011101000010
000011100111000111101000111101010101010111011010101101001010111100110010111100000010001110010010
100011001110111001111111011000000011011001000100000001001000110100110010011010001100010110101111
100100100011001110111111010101001000010100010100010111011110101110111000000001100111100011000000
110001110010000000011011001110011100010111111100010011110100100111111000011000000000100001111001
010011010110100010101110001111001111101100110101000011001101111100010010000011010111001111011101
011110011110110001010100000101100111010011111111100110000011010000110010111000000101101101100110
010111100110100110010100110110101111011110011101100101001101100011011101111001100000001110100101
010000001111010001011000100110111000111100110111100001110001011111010010111000010110011111000100
