111001011000110000000010010000001000000100111001000110111001110001011000001000010111000110101000
010010010100110111010101000110101000011110001100010010100110110111100001100100101110000110111000
010001100110011001100011100101101101011100111000010010010010011010100100001001111100110110011000
001100010011111010110111110000010110000101010000100110001100110001010111001111001011011101001100
110111110110010010010011110110010100001011011101100010000010011101100100000101110000001101110000
011000000100110001011100010100001110101010000010011111011011000011110101101111000010111100110111
011101101001011000101110011101000100110101000100100110100000111011000011000001000010000111110001
111000110101000101010100010000001100110010010111000000011010101010110111011000001100000111110010
111000010011001010001100000101100111110001111010011110001101110000010000000100000100010110110100
101111001111010010001101111111100110010101100100101000110011110111010111110010010101011100101101
000110010011001010001011001100010000110110001010101000001000000111011111110110001100011000101000
110010111010001001011010011010101100110110100001010001111001100101111001001011000000111000101101
111010101100010011000010101001111000111011100000000011001011010110011101011010011100101111011100
010010111000001101011010111011111010110111010111011011011001000001010100010111110000111100100100
110011100010101101110000111000001111000000111011010100000111011110110000001110111011110101100100
001000101001010000011001101100011010111011111001001000010010010010010000111000101010111100011010
101000000111001110010101110110010000100111100011110000010101101000110101111100111101101111000010
011011110011010100010011100000000010000111110111011110101101011110000111110110111111110010110101
100011000100011100011111011111110100111111111111110010001110010111111101100000011001111110110101
110101111010111101000010110101001001010000101011001101111010011000110110000000001110100101101011
010111101100101011001111010100010011111001111100100000100110010100010010101010100110000101100011
011110101000110010000011100111101010110010101110010001010101111000100111110001011011011010111110
011111000001110101011000111111011110010101100100100001111001000001001000001011111110001101001101
110011001111011001000010001011100111110100100000111111010011000111011010101111111001011001100011
100111110101010110110111101010101110100011010100101010100001011010110110001001100001101001001000
001011000110101010011111000110000110001101010100010101011100001011011110110101010101010111100101
001000000111000010000110110011110011101101110100100110010101010000000101001111011100101000000110
100011101010011111110010010110111111100011101001100111111101011000101000011001100101000010010110
111011011110010100111000010000001100001011000010000001000010110011100001000110011111110010001001
000011110100101110111010010001001010000100100111001011101010010011101000110111110011000000110011
110111100111101110000110010111010011110001001001011010011101111000110000010111101011001011011011
010000110011010100100010001011101110100100111111110001010100011011011101100001010011100000001000
001001101000110110010110010101000100111100001101011010000010100111011011000010100011100111111010
000111001110110001101101100101000110110011010101010011000000001100100001110110100101000110101100
001100000010010010010100011011111010101000001110011010100000011010101101101111010011110010001000
010110011111001001111000011010010101001111100111111010110001110001001111010101010100100011000001
010101001000010001010101011100010100001101111011101000110011001101000001010011001111110101111001
111001011110000101001010100010100101111101001100101011111110000100100000001110000000000011000111
101010101000010110101000010010101111001111001110110001110110100001001011111000011111001011110011
111100110001110100100001000010110100101000101001110001110011001100110111101001000111000000110001
011010110010100111111011001000111110101111101001011100001000101100010111110111111101100101101010
001110110110011010001101010110111010000110000001111101011101100111010011000011111111111010110100
011010110101100011000011101110001110010100110011000111101010000101010001000010010001011001100000
110101011101111001000000101011011100011110100111001100100000100100101001011011011000010101011101
011110010010010011001101100111010111001101001010010001111011011100010111100001010100110000010010
001100100011000001100000100011111110001111101111101001010110100101111111110010111100011000101110
100001110011001001110010001111111101110001100110011111100010110100000101101101111001100101000100
101111000100001011010010110100111011000000101001011110101001110011010101001001111100010100001010
010001010000111110001101000010100010001011101010001101100110001010001011100011110100100001100000
000001101000111000111100001010001000101111001100111001100101101100011100110001011110011100011010
100100010110110001000101011111001000000000101000010011101011000001101010100011100100110000011110
101101011011110010111010001110010101111110110111000110111101000011101011000111001101010010101001
001000011010100000111111011100100010000110000000101000111111111100100010100011001010011011011000
000010011000001101100101010100101101000110001100001010110011001100011011110010101110101111111001
011110010010111101010001010001100010101110001101101010101010000101110010111111111101111011001100
101101100010001110001100011011011011111101010000101101000000101110000101011010010010010010001100
110100110000100010010101100110011100001110111110001111110010100000000010000001101010011110000110
001001000011111010110111010110111010011001011101010101100011011010000011001100110101011100100000
011000010110000100001011011011110100010010111010100010001001010110101110100001110010100001010101
100010100011010010100110011011111001011101010001011110011100011010011001001100011011011110100001
101001110011101001100010011011001101100100010010001101000001110100001111101111000111110101001100
110011110111101100011101000101001010110010001110000110101100111001010011010110010011110011110100
100010101011001000001011110011001001100101001000101011101010100001010001000110001110101001101000
011110010101011010011111001101010101110001101100011111001101110110000100111011011011001110000001
010100010000110111000101110010001100010000111111110101001110101011110010101000011100111011111011
011001010100110111100000000011000010111100110101000001100000111001000011010101001000011110110010
100000000100011001000110010010000101010011000100100100100101101010000101101110010000111011010001
001101010011001111010111101100101111111110010110010000111101100001110101101010101001111111010101
000100101011000110010101111001111110000100010111101010000000101000110000011010111000100100011011
010000011011010101101100000000110010001000101111010110001010010011100000000010010101001000001011
110101001001000111001100001001011110001001010001110110100000111011000001100101000011101110011000
000011101110111101101110100110010100100101000100001111001010001001110110000011100111011101101100
111010110101000110111000001001111011010101010011001011000111011000101111000001001101101000111100
010100111011000101110111000110010110011100100001101010101101100101010101000000001001110001101000
110100010111000010001011101110101111001011001110011011010111100100100101110001000000100100100000
011000011101001111110010111010011101011001001010111001111111111010010100011100101011100000011111
101101101001101001111011101001000010000001001001010101000100010110000100010100010000001111110101
011011000111111011111011010101101011011101111110010100110000111001000101010101111100100101111010
100001110110101101001111111111011010011011000110111001100100110000100011001001011000010011010011
100110101011100101100111000011001010011000110011010001010111101011001100001101010111100101001111
100000110110100001001101011010101000010000100101110011010011010100010110100100011000001000011100
001100010000111011101110010000110001001001010011000011110001110011100101110100101100011111001011
001001011001100100101001110101000101001100111111101110001100110100010001001010110001000001100111
100000100001011010110001110001010110011010011010010011010000110000010111101001001111000100101000
110000101011110010110100110001000111011011110011001111010101000101101101101110011111110001100100
110011100000110011000000000101111010010101000000110001110110100000101000100001111001111100101100
101100111000100111000100000100001101100001001100000110010010000110101110111101100100011000111111
110101010001111110011110100000111000100000110110001001001101001100001001000111000111011111101011
101011000000110000000110100110111010001100010010001011011101011111000010110111010010100101100011
000011010011000000000101111100001010101100110011101111010111101011001100100110000110100100110111
000001110010101000010011111111001000001100101010011110001001001110111101100001000000001111010110
000011101101110011010010001111000011011101100110101100111011101000000000111111101000111010001010
001001000010110100111110111100101010001110001101001011000011001011101010111111111110100100010101
011110111100001001011001110111110100000101110001011011010110111111101101001111110100011000110100
001111011000111111111100001001011101100100100101011110010001100011100110100100011011001010100100
100100010111100111001001101111101010011100000000101000101000111100001010011101101100010010001000
000110000001111010101011111101110011011111101011010110111010100110010100101100001011001011001000
101000101110001100101010111001100001110101001000100011001000010010110011000110010011010111101000
111000011001110110001011100000011000110000101101000100100001011010111000101000100111011011110110
110011001011111101101011010000000111000011111010011010101111001001111110100000010110111100100001
000000100010001101011000000100011100011101100001000000011011010100011010111001010110111000100100
100100110101100001010110101100101001010001001111010100000101110010111100110011100100011000111000
001100100100110100000010010010100101101001110001100111101111001101010110111011000001000111001000
100111100100001010000101110000000010010100001101011010111010110010101101001000001101000101011011
110001100011011001000001000111100011111010011001011011010101000100001101000010001010011011000101
101011010001000111111000111101101101000101110010101010011000001001101001010011100100111001111010
001001001001000101001011100001001000001110010110010100000010001101101011010010101000100110111101
100100110101011110110001001101111111111010000000100100011110001000110100101001011011011100101111
100111001101001100000100011111001000001010100111101111000110111011100000100101110111110101110001
011110011001000100101001011010101110000111011111011110100010110100100101101110011110000101011101
000001101010110111100101001001110001001101011000000111111101100010110110001011011111010101101000
010111101101101110001001000110110100111111011101111100010010011110100010101010101110010111001100
111011010000001000110110101111010100110101110001111000001101111101101011111000011111111001111011
100011110011011111011011001111101001010100110100011001001110011011100111111101111110101101111111
111011101101010111011101001011000010010001010011110110101011110111001011110111100000011000000111
011000010110110000110111100010000100111000001001100001000100010110000100101010100110011110011010
110100111100110100111001110000111111011111000010111001000000110010111001000011111011010000100001
110011101000011111000000001011111111110100011000001010011101000110101011101110010001010001110101
000010111110001001000100001111010100111000110110110010111111000110001000111010011111101011000110
110110101010000000101011001100011100010100110101100101110000111010011010001111111011000011111000
111101010101100011111000000011100101010001100000000100101111111100010110101100100001111101101101
110000010010000000000010011001110000100011101111011010010011011110010011111111010100101110100101
010000010110001001110000000001110111010001110110000100110000111000010111010111001111111011101101
000110010100101111100001100100010100010000011000011110111111111001000000010110110000101111101011
100100101000000110010010000011000101010000101101010011101101001100100011001000000111000111111101
111011111001001101111010000000010001010011001110011001100000100000100011111010110011111011011110
000111100010010000011111000001001010011000010000111001001010111100100110110001100001101011000011
111001100011111001111101100111010110001110011011110011000000111110010110011000100001000001100101
010111111110010100111001010011011110000101000111010101110011100011010011001111110010011110010111
101110111011010000010100110100100101011110001111101111101100010110100111011001000100010110001100
010111111111111100011000010010111010111110001101000101101000100010111011111011000001001000001101
000101011100101111011001111101010000001011100101101111001100010111101011011000000100011101010110
010110000110010001011011001101010111111100100001011000011000111011111010111010111100100000000001
010100100101100111001000101111110111101000001011011101000101000111010100000011101011110011001000
100111011011000110000000010111010000100100011100011000111101100001101000100101011110100000010100
100111111100000011000111101111110101010110011101010100111100100111000000011001101101111000000010
110011000010001001110001011100100111001011000100100111011011111000011011100111011010000101000000
000110101000101001100001011101101011100100011110010111010001110011011000000110111000010101001000
111110110001011101011011100100101110000111100001011001011101000010000010011001011110110000111000
101110101000011110110010111000000110111000100000111000101100011010000000010100001110111100011100
010111000001111111001011100111100011101001111110001001111001111110011100001000111111111111100100
101111111101010101101001110110010010001000010111111100110001110000011000010010011010111010001110
011000100110100011001000111100101001101110010000001011010010011100110111010100011110001001101010
001001101111011100110101100010111100010001011100110000111101001111000000100001010110010010000111
000000110000110100001110101100100111111110010100010101000011010100001001001010110111110101000100
101111000001111011011001111010000001010110011111010111111101111101111110100100000101000000111101
101010010000100110011100101101001001101000110000011101001101101000010000111010110111001111101011
010101110010100110001101100101111011010010010111101010100000000100001110110001011111010000000011
101110010001111101000110001100100101011111010100011010101100000110010111011111000001111000111101
011011101001111110001111001101010001010000000110111010110010100001000111100000111010110000010001
101010100100100000010101001101000011001101100010110101111101100110111100100000110000101011000101
001100011101111001100100101000111100100010110000110101001001110010001000111010111000100001110001
001110111010001101011100110001111110110010101111110000110100100101000111101111110100101000000111
010000010001011110010010011011100110100011000111100001101100110110000011101111001010011101110110
111000000110010111101011010110101101101001111100011001001010100110010001000000010001110110001011
111111111000011000011010000000001000110100011010011010010001001010101111100011001110000110011111
010010110010110101010110011011100110001101010111011010110110001100111101001110011000100001000110
010000010101010010000001011101000101010001111110001101111000010001011011100001111010010000000110
101101011001110011010001111001011011111100011101100110001110010001010110111111111111100010110011
000001001100111011010010011011100110001101111000110111001000010000100010100010110110000110111100
011111010000000111100000001110011101000010101100111000001101110000101011001000100010010011110001
000011100110110010101000110011100100001010110011110000110000001100011101011000000001011110010001
010111000110001101101000001010100111010111111111110011010011101001101001001100101010000001000100
011011100011100010010011111101011111101101110111011001001110011111100110000000110111000110001000
011000011101011101011000011011000101010110010011010011011001100111111111000001110010010011100011
101100000101111110001110111010100110001010101001111001111010110010000111000101100100100000010100
100111111111001001111111001111101010101001100010000010011011001011101011000111010100110100110101
101010010011010001001011110101001101111000100101100001000101010010111011110001110101101000011011
011101010010111001100101100001111111100010000110100000001100110110111000011001011011000010000000
010011001010001101000001100010000110100000000001011010001101100010000101111001000111110110110000
101101101001110111110110111100100011101011101001011110010000111011111101001110010100110101001001
001101100011000011000010010111111101101001001110001111001111010100000111100011110100100010110011
111111001100110011001001000001100100001000111001001011101000110001011000111010100100010001011110
100000011110011100011110001001100000000100011000010110111010001000000111011101111000111000110011
011100011111100011101111110010110000101001101110101011110001101000000101001000111011101110011111
000001100011110111010110011100110111111000101101100110101011011101100011101001110100000101111010
010011011011001110001000010101100100010101000010001000010100010111010100101111001111010011011001
000000011111011011001100110010110010000001000001101111001110011000000111110100100000000111010100
100010010101010101101101110110010001111100101100100010100010100010011100100101001011011011100000
000011101000011001111100000001110100111111111011001011000100100100110010111101010101101001110010
111000010100110100100100001001100100010010010101010101011001100100110100101111001111000111011001
111000000110001111111010001011010001101001110011010111100101111100001001000011111000001000101000
100011111010011010100011100101111101110001000110010001000010100111100001110010001111010001010000
100011111100100001101001110001000101111010100110100111100111110011000111011111100101100101000111
111100000111000101110010100011100101100111010011100001001011010100000111110111101111111010000001
101010001000110101010111110101110100001110010111111111101000011000010101111100101100001101111101
111111111011010001110111100000000110101010011000000100111111111100000110010000000000101110011100
011011100010010100100111001011101001010000000110100010101111001111001111011000111010101010011111
111000010001100111101110011101100000100101100000011011110101010111011110000010101111010110101001
011111010101101101110001110010111000000101110110001000101100000000111110000100100001010110111010
011111000111000110100110001001110101010100011101000010011011110110010011110101010100111110011110
101111100111110100110110110010101001000101010110110110011010011001000011000111111001110000000111
000010000111011001000111110000111011101010101001011010111100001100110010001000101011010110110011
011010001000101001010101000110111110000110010000101100010011111001001000100010101111110110001010
110011000011100110010000110100011000000110000000100010100111000110001000011100101110011001101000
010100111111111101001100111010000010111000011000001000010101110010001010111110100110110011000001
101011000111100000101010110001011110100110100100110001110101001011010000000101110100100110001011
011010011111111001011101011101101011001111001101000000110001110001000010111101011001110001010101
010011000101111010000101001000110110011001010001100001110011111111101000001101011111111011110010
101000010111110111001111110111000101100100100110100110111000101001101100110110100110011010111010
101000011100001100110000100100100100010100011101110011110010111010100101000001101010100010000010
010001111101110000100011010010011100110110001011110000100010100111101101011100101110011010000011
000101010110110100010001110110001001000100010001001111001000111011100110111101100011100011010000
000010001000011111100111111111000010001000101111110001111000011010011101001100001001110000010000
011010010101000000101110100011000010011000101111010011001011111100110000100011001111101110100010
001010000110001100100100100010100001010011001001010110000111101111001101100111010010010010000111
001000111000011110100011011111110101111001100000000111011101010001111011110001011000110111101010
000000000011011011100111000010010100010100011110011111101000100000010001011101111110001000111100
110110000011100100100110111111000000111001100010100000000111010001001001101000011001101110110010
011100101001000000000010100101101011000000110101011010101011101000111011110011000101011100001010
000000001000001011101011111010101000101010111000011001011010001111001000010011011110100000000111
000001000010000100010110001101100100010110110111000011001001011111110101101111011101000101100101
000110100100001000011111100110001101110100111101101100011101101101111001110100011000111001001100
000101100001000001110100111101010001101000110010100100101011111111011000010100010111011101010000
101000100101001110011110111011000001101011011000101101000110111100111101100000110100100000011010
000001011000100010010011010000100001001011010011010011010001010011101001001111100000100101001011
110100001110000001110111000001001101001110110001101101000000110110000011101101000000011011111001
001100101010111111011110010100011010000010010101010100100001001111110111000111011011011001111111
011001111000101001010100010110101111100101000000000010001000110110101111101110110100110011111111
010100010000011001010111100110110010000100101001000001001001000010010010011100000101000001110000
000111011101100000101101001010110000101010011100101010010101001101011100001010001010001110111111
010101001100010000101010100101110101110010110100110110011111111101000101001011101111100010110110
100100101101101111110111111011011011011110001101011010100111100011000011110111111111101111011000
110011000010100110011111000100101110101111110101101100101101011010001000011100011000010000000000
011100001001000101110101110010000000100100010001011010101110100001100011111100110101000101111101
101001000110001011110101110111010111100011110000110011010100011101001110101101100011001111101000
110111101101110001101111000111011000000000001001010001111010001110001000110111100011010100010100
100011101010011010110111000111100001011001101111101111110110011111001111001010001100000110011111
110011101101111101101000101011010110010011101101101000101001000111100010110100010010000101000110
011111110110010011111100010000110011101010000110100000011110011000100011100100100100110101111110
100011011010001000000010000111000110110100100110010001110010011111101100111001110111110101101101
110101001100110100000000101111100111010110100000001001011000101001011001101001001011111101101101
101011111010011100111001101000111010001010111110101001011011011110101000111111001010101010101000
111000100100110001111010111001111100000000011011110010100000110101101110011010011111110100010100
010111001110011110101111100101101100110100000111001100100100100011101010001110100001000111011001
110101000110011101010101011101100011011100100011000000010101110011010100001110011110000011100100
000101010000111001110111111000110110011000001110100010010110101000110011100100111001001111001110
110001011111001001011110111001011001100001110101001010010011110011011001001001110110100101011001
101111100101110011010001111100100000010011011001100110011100110100101010101101100111110011101100
000000100101100111101100100101000010100011101101100010101110110111000100100011010111100100010001
001011001011110101111100100010111011000000101111100001100100000011100000010101100010101011001000
101111101000011110001100100100010100111000011110010010101110111110100101011000000010100110001000
001101100100000001100010001100010011001110001010100110010111000110010110111000111111000110101010
101110101110110000100101010111100111110101100001001110001000101011111011011011011111010000111011
000100010001001011101101101011101101001100011000010110001011100111001010000000100100111010011101
011110010010101111000100010000000101100011000000111100100000101011110011101100101000010001011010
001000000001011100101001111011100000010010011110110101111001110010001101111111000101100001001110
100100111000101000100011010111011100011110100000111110011101011100010011100111010011000000110001
101011000000110001101001001101010000000111011000010110001001111111110010010110000010111000101110
001101011010111001101100101001111010111100000001000001110101111001100011001010000101001000000000
100101101111101011101101111111011101001000001010111111101110001000111001011001011111010110110111
011001101101101000100101101100110110001101101100000000011100011010001010000111001101011101000111
111101010000000001110111110110100000011000011011110001000011101001011010001000100111100100010100
110000000011000111100001010000101101010100011100101010100110100111110110010001000001011110001000
001101000111101011011011011101100011001111001111111001000001100001011001111011011001001010011100
011000110111110110000000011010000100101101101101110110110010101111100011000001100011101000111001
010111010111100011100010011010110001010000110111011001101100010111001000001111010011010101010010
010001111111010110001000110001101110110100100000000010100100110011110010110011101001010001000101
110111010001000100011001101111000001110010110011101100001110000011001010000010000010100000111110
111000101001010110010111011011010011100101111111110001010010110110001000111010111010011010001011
110110110100000011111001100001001010110111011100110000001111010111001110101001001101101000001010
110000110010101110111000100101000011000101011000010100100111110111011110110011111000010010100110
101010010011000110001110001101100001111010110111000010000110100110011110110010100001111001101111
111110101010000111000101010110101000100110010000001010111010001110111101011101111010101011011111
100110001001101101110001110010100100111001100101110000001100010001101101000011001110100110000101
000101110010010110111110101101000010111101110000110101000011100010101101001100001101110011010001
100010111001010111011110000010001011111111000001011001011000111101000110111011001011111100110110
100111010111101100111001000101000011101011010101001110101100110111110111100010010110010000101000
000101000101100101000010011110100000110101000101010001110000011111000011100111110011100011101010
001111001111011010001100101110111100111001111100101110011001110100011010100111100101000100011011
110110111111101101001011000111100111010011011111000010111001101101011110101111010011100111100001
100000011111011011101101110101010010100000011100101111010111111011010010011110000110110001010111
011110010000011111011010010000101010101000000101000100001000001101010011100010111100001011111100
000000010101100001110011101111111011001010101001011111001100001011001001000110100000111111000101
010001000111010010100110100111011100001101011001111100111111000100000000011110110101100001001001
111001100000110001111110001010010010010010111111010100111010111101001111101100001100101110101010
101100100101100011101011001100010011110110100010000101100000110010001000001111101001010000111000
001010110001110001010111101010000000011011011101111111011010011010001011000111010000110001001101
010101110100101010001011111110111110100101010111110001100110101010110011011010001010100000011100
100111110110000001000000111010100011000010111000101011011101000111011111000001110001010010111010
101001001010101010011010111001111110010011111110001001011001010111000110100011001000011010111111
011001101011011000110001111001001000100001101101111001010111111010101000011011110011010111010001
110110011100100111011100111010110111101110001010010001011011101011100001101101011011010001010101
001111110001110001110011100000000101111001011000100011010011110101100111111001010010111011101101
010101111011010001100000101101011111110000000001111000001011001100100000000011011100100011101001
000101010110010110000010100010111010001101011010110111101000111010111110001001001001111011000110
011010000111000010010010000110110011000000111110001001001011110111000110011001001011101111001010
101000110101101100000100010001101101000011100000010101111001010111011001011111101100101101001000
001101100011001000111001101111110000100100110111000000001110011000000011001101001001001101101000
110000000001110111111001011100111010001110011010111000010110111111010101001010001011001011010110
111010101001010001110010101001001111110100000010100011101010000011111100000010001101101101000101
001011110000100010101110100010010101101101100011000110000111100101101000010011101011011000110001
010111111010100110101110001110111100000000011010001001001101000001100001101000101000010001000011
110010110101111100011110001101000001011101011110100101010111100110001000101000110110100101000010
001010111101001000000101110111000110011100000010000000110100111110011111011011000010000101010001
011110100010001011101001010000111011111010010100011111000000010000101000010011010010100011011101
010000100001110001110100011100000011111010111101101001100011010100001110100100111000011010101110
001011111001110000111111010100000110000110100101111011011101000010001000111001011111000010001010
101001001001000001011110101011101001111000000100010100011110101111110101111001111011110111001111
101000011000010110110010111110011110001011111111111100110000110010111010000110001101101001101111
