000110101000010111001010100100101110001001111000001010110001101000111100101111010001101110000001
000011011011011000010111110100001001010101001011010101001111100000011101010010111001000111110000
111111011011001011101010000110100000100001100000111001110010110001101011011101000001100111110011
110100101000101111001001100100110111111101011110001000100110110110011001110111110111011001011111
001001111001000011010101000001000111000001001100100111110011100010111111110000001111000010111100
100110100001110101010011100100000100011010110110110100000100010001000011010111100100101001110011
000011011000100111100000111000111010001101101000111000000101111100100001101010111100000010101100
111101010011011100100110010000011001000111010001111001111111011011110100010010000010011110111111
001110111011100110010100111111001001100000110011100011101010101000011100111110011111100111110100
100000001001000011011100100110100011011110111001011011101011110001111011000011111110011101101101
000100101000111101000101011100001011000110100001100101100000101100110000101101001100101110110000
111100011000001010000110000000000010011100001101110001011101011011110101011001011110101011001110
110000101111111110100001000110111101000011110000110101110101010011000000001000110111011001101100
011100100111101101101010100001100100011010000110100010010011010010000011010110010010100010110111
010110011000100101100010110000010011010100101000101101101001110001011000000000101010011010110101
010001111101111100010001111111111010111011100101001111111100011101011000001010001110011010101110
011100001010110011011100111100000111100001111001101001110100010011100110101011100101111000011011
100001111110011110010001101001001110100100000110010010010110001110101000100010100011001111110101
110000100101110100101100111111110101000011011100101010011011111000111110011110011010101101011110
010100110100001100110010011101010010111000011001101010011000111101110011000010100010100011000011
111000110111000010111000110110101111001001011100010100111011110000110101101100100000011011110110
100011000011110001101010111110000100110011111010111000110000000011001000110011001001101101100011
111001100011001100010000101111010011110001111010001010100010101000000100010001011100101000001101
111111011001100010100011111110100001001101111111001010111000010011111001010110111101111100100100
010111101010001011000100101110110100001100111101111100111111001001110000110001001011010001101000
110101010111011011011111001100111000001101010100010100110011110100111000001111011011101001001001
001100101111100010000001111000000100101010100101000000110000000011101111111010011110111000100001
100000101101100000100000010010000111011010100010110010101111100111011100110000000110000100111110
011100100101111001001100101100011001010011011000000110001010000110011001110101100100000100100010
110001110101110110101110111101010010110110101000010011011011111001010011010110100010110000000101
010001000010011001011101101000010111110101010011111111101110001100100101111000110011001101100010
001111000101001100011000100110111011011010110000011110100011000110101010110001011100001001111001
011111110100101011000110001100101101110011100001001000011000111011011111100111010000001011001111
101110111110101000101111000011000000100101011001101111011000111011010110101111110001000100100011
100011011000010110000001011111110110011100010100000000010101110001000010111111100000001110000010
001000110001110001101101010111011110101001011111001001000001100101011111010100001111101000101001
001110011000100100000001111010100111110111001000001110100001111000010001011100110010110111110111
110011111110010110011101111000011101001011110010111011101000001011010000001011011101001010101110
110101010100010011100011100011010110110100000001000011011011111101010100001000101010011100001001
111011111001110010111110110110111001000110111100111010010011001000010111011000001100000100011111
100101011100010111110001110010101010101000100111010000000111000101100110001110000110011010000011
111110101100001100110101101001011001001001111100110111000001001101111111011100101111000010011110
010000011001110000011111001000111011000011010010011011010100101010110110101101111100010101100111
010010111000010101001101011101001010101110011100101000000011111011010010000011010010011011111011
111000010100010111011011010000111010010000010110111111100101011001111100000000010101011100101000
110101000100111111101010100101111111110001101110110111000011010101101011111110011101100100001011
000100001110101001000101111000000110001101110001111101111111110000100010111011101000111000111110
000010010100101000101110010100111101011010111101010100000010111011101110001110010111101000010100
110010010111101101100001101111101111000111101100111110101111000101101100110001010000100001111000
111010100110101000011011101001001100101000011111101110010100111000011101001011100001011111100001
101000101011111111110011101111011001011100010110000110000100011011010101000111110001100100100111
110111110001100000111100100001111000110000110101101011000000101010111010010110011100010110001011
110011100100101000101001100110110111101100011100111111011000100001000111111011001001000100110100
011010010011101100100011110111001110011011010011110000100100000101100110111001001110100001010000
000000010010011101011010011011110101000000001000011000100100101010010101111011100100100010011001
010110110100111101000010001010001110111010000100111111011000001011101100101101111010111011001100
010110100011110000101101011110010111111000000110100010100011100010110111000100000100001101011100
011111011011000111011100010101101111011000011011010100011100001101000100100100010010100000110110
101000111101010001101100110101101000011001011101011000101101101110010111101110101011000101100101
010101100111011010111111111110001110011001011011010000010001011111100110001101101001010000101001
001110011000011110111010110011111001100010011010011101011110100010010111011010010110000001000000
011011001110110001111110100000000111111000101011110000011000100010000000011101011011100111110001
000101111110100011011110010000111000001100110110010100111101011000111111110110111101010000110100
001000010011001100111111001101010000001110000010101001010000111000101100001000111110000101111101
100011011011110100001111011000011011110100100000101001000010010110101101000111010100100000101111
011111010100110011100101011110111110100111110101011111001100100100000010011010000110101100011011
100010011010101100011011101111010001101001001100101101010011011100010100010111100101010111000010
101001101011001111101110000000010111101011010001000111000001011100110010000111101000000011011110
110001001011010011110010111011111001101000110101011000110110111110001001110000001010011101000100
110110111001011100101100010011000110110001110101101001100000101010011011100001100011010100000110
110001011101000010000111111111111010001110110001000111111111011111000011101100000010011011110100
010111010100010100000011011001000110100100111000110110011011001001101111101000111000101111010100
111011110110100111110110001110010001110110100001110101110111110100001110010100101000001001011000
111001101000000111110010011100100101011100011100110001100100100111100001111010100110010111011101
001111000111000110100000000110001011111011101010110100101101110111000110110011111111001101011010
101010110100110001010100010100001011111000100010111001111011000011101001111101100000110100001111
011111001100100111011101101100000000111100110111101110011001110001111011011101110000011111000010
001001000000001100011100111100110010010101000001100111001011101001110001100000110110100000010101
000110110000000001000101101001001011000111010001111100111111101001010100011011011111001011000000
011001111100011000110100101110110011011000010001000101110000010001110000011000100011000011000111
001011111010100110010000000001111000011000101100111110011100010100100110011100111011010000111100
010010011010111100111101110110100000110111111000001010111011011001011110010000001000011100110100
110001010110101001011101111110000110111110000010100001001011111101001010110000000010111101010110
100010000110010011000000100111101110000000111001101100000000010000100001111100111111001110100100
011101000100000000010000111111101110110001100100101010100001101111010000011100010100010100100111
110110100110000010110101111111001011011001110111001100110011101010000100111000010010111010000101
000011010011111100111000101000110001000111011011110110001000010011110111011100100110001011101001
100001110011111001001110110101111111110110011010010000110100001101101001000011101110001011010001
110111110110000110101010011100000001101110100011011101110100011110001101100001010001001101001111
100111001100100110110100000101110001010001101000000000111010110101010111001111101100110100101101
110110101011101001010000110011000100101111000100001111100100010101101111110001110011010101001101
111101110110110001000001000010010000111111000111110000010111010101101100010110101111111000011111
111011110110110101110101110110100111010111111111010110010110010000110000110010110001010000010010
110011110101011101011110010111010100110101000011001001100101011000000010000111100101101010011100
101010000001011010101110111101100000110110000111011100111000011001001101010011010101011001011101
101111111001111101001000101010010001000101010000011101100001111100100110100001110110010111100000
000101111110011000000011000100110111110110010100010000010011111100001110101101100001111110100000
010111001000110000110000100000000100011111110001001000111100100111111000000101001011001000011000
010110100100101001111011011101101101100001000101110010001110101100110000101000110000000110101110
101111010111111010010101011110101001011011000100111100110010000111010100000110110100100100011100
110101110101001110110011101011110101011001101011110001011001101010011000001110111001111100000000
001111011001010111110110001100011001010011100111110001011100101000011101100100001100111101111111
100110001000011000001010111000000100001000111110011001101111000100100100110101101110001011100100
110001010010100000000110000010010110011001101111010000110001000110000000011111010001101101101000
010010000011011011100110101000001010001001110110011110101110001000100100001011001011001001001010
100010010010001000010110100111101000011100011011111011100111101000011010100010111000100100010011
011000001010111100010100100100111111011110000111100100110010100101101110111110100101100111010100
010101000001100011101111111011100001111000110111001111111110000110111000010000111110110101001111
010000011000100101011110111101000101101100111011110110100100011110100100001011100110101011000101
110000101000010110101100111100101110100111111101010000110011011010011100101011111000100011100111
001001110111100010111011110111000110100011001010110000011001010000100011001111101010010000111001
010000010110111100100010110001011010100001110001010110000011011110110001111100000001000110100110
110011101101011101010100111010110011010110000000110010100111011001110110000011001100010011011011
100011001001000011000110001000100111101111110111101110010100111110010011100011100101101000111100
110101100101001011000011101001001000011110100110101011101100001110000000011001001001111001110000
001101001110000101010000100000100110111000101111010110011001100111000000101000100100000010100110
000101101010011100101001110011010100111101101100010000101000100111110110110011100000100011111011
000111010011011100011010011010101001001000110001000001011001100110110100001011001101011100010101
011100110100001110000001010111110000001110100000010001000101001011011000000001011100110001100011
110100101000111010110111000001100010111100110011010001011100100000000110000001110100111000000010
110011011100101101011011001001011001011011101000110000011010001010101101111001011101111101100000
011000101100000011110101001011000110100000100110010101111011010101011011110100011011001010001000
110010111010010101110101000011011000000000101101100000011101101101001001110010100101101111001001
000010010000110010100110101111010000000010100101100100010101111101100100000101011000101111111101
001001000010000100100111000011110011000011000011101001110000001001001000100010010110000000001000
110001001001011101101010010110011101100001000111111101100110111001110011001001010110100001000000
110100001010100001110001101010111001010001110101001010010110000010000001100110101110010000010010
110010001010010111110101111101111011001110011010101001110111011010111110110010001101000101010011
000101101110110001001001101011010110011010010001100001001111010001100000011111111010100100110110
110100110110001110110001101111111100100000011101010110000111001011010110100110101001110011011110
100011111100010010100011100110100000100001011100011000100110011001001001001000111110011010011010
111110111110000111010111111111011100000011001001000100000101010100011011111101010111100111100000
001111101110111010101010101011000110011110101010010001011001010110001111101110000001011001010100
011100010011010110010000101000100111011010111111110100010001000000001011110011110010100011010111
001101011101000111001010110111000011100000001100000000000001100110101011001100110000110000011011
100000110000101100110010011100111010000001000011011110110011000001110111000101100011100001010111
110101000010000110100110101101110001100100111101111111011000110110110001000111110010000001010010
100000011011110011011100010000110011100001001110100000110000101110001010011011110001100110010011
111111010001001011011101000000100100101100100111101001001110001010100001110100000101011011100010
011110111001000011010111100000000000101010011011101010101101100100001100100011111101011101010001
111101111011000110100010111110110100000010011000000011001111000101001010001110101010111000110011
101001100110000011011110011000101110111111100011100110010010110000101111001111111001011110111001
010000111110000111010110011101100001100011001110110001110110000101101001110001111101010100100100
111111101110111100010010010010111001000010110101010011110001010010100100011001101101011011011001
111010101111000111000101111100110001100101111111001101101001001111010001110110101000110101101100
011010010100001001010001111001100110000000011010000011001111011111011010011111001000011101010110
001011010110100100100001101011011110010010000000000000110111101111010001011000010011101010000001
010011010100000010001010011010111000000010010001111110101000011101001110000000011001101010001001
001110110100011101101010000111110011101100100110010011001011101011010000011111011000101000111111
110001110110011001011010110010010001010000111100110100010111101100110011011100100010110000101010
100100001100001010101100000011101111000100001001110110001000101010111111110110001110010010000101
001111111100000001111011001100000001001100111100000001011101110000101110001000010101100100001011
001111001101101101011000011000100001100011100101000000101100011100001101100101010111010110111010
110001101001011000000111011001100000100010100000110011101001011100000011000101011110101110100010
001010111001001011010001001011111101111001100001010010001110011001100100000010011100100110000111
010100111010110100000101010011111010000111111000000110101110111011101001000001000111100110010011
110000110101111001010111101101011000100110101100110010011101110100011011000100100010001100110000
101000010011101110101100001000010010101101100011011010101010010111011110000001100100011110101010
100010000001011101011111011000110001100010111110111010101001110101111100110101011111000001001010
101101110101101111011000111001011010010001011100110010111001110111001010011110010001000100001000
100100011010111111110111010001000001011100011110011110110000010001111111001010000011000011100100
001010110000111010001011110111101101001110100000001011100001100100000111010101000111000000110010
001101011111111100001111000110111100110000110000001101000111100111100100000100110011101101000111
011111101110110000101100110101000000111101001111001110010111010011000110000111100110111011011011
010001110101000001100010011111111110011000001100001001000010111001110100001001110111101010111101
111010011111100111000110110101110000000010111100110101111100100100001001011011011011000100000100
000010100110100101000000010101001100101000110111100011111010010100111010001010011110000101001000
100011111111101001111110111000000110000011011111111011100000010001111000010000000110001110011100
100100101011110110111111001001011010000110010101110010011011000011010100111100100010111000111001
101011011001010001100100100001101000100011010011011001011010000100011101000011100010010000100010
101001111111111111000000111100011101111011100111111110001011010111111011000111000010110111111011
101010000001111001110100101101000100101001011100000010110101110000001011100101000000111010011101
010111001100011111011110111000101111101000010001001011101110110110110110111101010000010111101111
010101110110000011000110100011111111000111110010101101011010101001010111010111011111000000000000
011010110001000101010011001010010110001101101110000000111100010111101100101000101110011011111000
101000101010110010011001101111010111110010001011101111011010111010011101010000011110001000100111
010110001011010001111011000101100100001100101000111110010110000011001100111100111000101101100101
111101101111110110100010001111100011001000110010101010010000000010011001000011011011111100110101
010101010101111110001111000101110000000011011010010011110011000010100000111100010101011001111110
001111100101010111101001011010011111110011110011111000100100110001010000001001001000000110010010
010110111111010110111111111111000000110011011011100000011111011001010001101001111000000110111000
000011001110011100000000000000010000110101011111010001000110110010100101100001110010001110111001
110001100101100111001001000011011010001010100011011001111011101111111011111101111000001000001010
011011110110111110111100101001000010010111110000001001011111000000101110111000101001101001111110
111011010101100001011100100001111110001001000011100011010011101011110010111111011110001000011001
000010100001001101111110000000101011000100010000011011110111001101110110001001001011100000011011
100110100000110110000011000001000000011110010000000110010100010001000110011100010111010110101101
011001010100001010011100001010110001010101110100000100100101010010101111000011010101111110010101
111111101100010001111100101110001110101100010001010000001010100011001110000010001100011000111111
010001101011010101001111101010110110111110011001000011100101101101111000000011100011001110010010
010000000001101000001101001100010110100011001010011000111111100011010100111011011010100001011111
111011010100111111000001000000111011100001001010000110011100111111000001001001110010000000000000
101001011000011011011010110100011001010110101001111101100001111011111001100010010110001000101010
010010110101100111100001001010000111011000110100001010001100010001100111001110001000000110010101
000001001011101110100111101010001101100101101111001001100111101001010100110000111010111010010111
111000111000111001001110001100100111100010100010001100100111110011001111001111100001110100011001
101110100101011111000000001000110011111011101101100010010111011001001011000001100110001110000100
111010000010001111010000011100111001001011011101011010000010000001011000001111001110111100011100
100000100110001010001100011101011001000011010011000001110111001011011011110111111100001110110011
011010011100001000110000011010011111000011010000101100111000111010010010110001011100110101110001
110011001100111011000100111110100101110110100111101100100000111010110000111110100100010011010100
110110010100110010001110111011100100111100001111110010110010110111000110100111010100100001011100
000010100111100100111001100001111110100110111000000010010011110001011110001101101110101100111100
100001100000110011000111101001111001110000001001000001111001110000100011111010010101111010011000
100111001111001110110001011001110100100011100010011101110010000010010111111110000000001010011111
000110001000000010010010010100100000111111110111000100100011111110110011011001100100010001100111
110110100010100001110011100000101111000010000100010110000111101000111001101111000101011100101101
000111101011111010000111110111100011101000001000110010010111100100111101011110111101111000100110
110101000111101111111000010100101001000010011110110010000100100110011100110100000000111101000101
101100010110010110100000101100001110000001101111010111101010001000100110111010110110011010100001
001101110110101011110001011010011011001110000000100111110100010101111011010001001101011110101010
110100111000110100101110110100101011101100010000000101001111100111110110101100001010101110001111
110100011001100001011010110000100110110001011101010111000100000000111001100101111001011000100100
100110000100110001011110000111100001101101001001111110001000110000110110100111100110000011010110
011110111101110001110011001010010010101110010000110100011010100110000000000000010101010010100011
101100111111011110011101110010010111001000111110011001101001100101100010101010010011111011101000
111100110110111101000101111011010011001110111001001101111100100101110011111110001000011000100101
000110100001111100110101110100111010010101100010001101000110100101001111001101111100111010011110
110110101011110111101001110000111000111101000101111100001011010110011100001010110010001000101101
111111110011011001111011100000011001100100101111001111010001000011100100101100111010100001110000
011110010100011010101001000000101000001000101010101011110000101100000110000111100000001001010011
100011010111000011101010001011011001000000011010010111010101010101011100011001101110010101001100
110111110101011101110100101101111000111101010100100110001110010111001100110001011101010101010100
011011100011111101011101100111100001000110111111100011101000100111101111110100110001110110110001
110100100011000010100001011011001011100110110110000010110001011010000001010111111111001110100011
101001100111101101101000100101101001000000101111010110010001011111000000101100011110100000000000
011010001110000111111011000101001101000110101100110110100000111101000010110001101001111100101101
000111110111000001010001000011111100001010000111011000100010111110001111000010001100000111101111
101000110001000001101001101011010101011101101000001010011101001000001011110100011111000001001111
110110100110000111111010001011000010111010001010100111011110111010111000111000011000001001001110
101011100000011010011011011101001001001110010110101011111110000011000111101001010000100101101000
101110001010100011010111111010011101000000000000010101111101100000000010111101111011010011111111
111000110111100011001011011110011111100010101100001111111100000101101110111001011100011100101010
010000100010101111010001001001111100101011000000111001000000101010111100010110010101001000111001
001110001001001000100001111000100000110100110101010111110101101111010010101110101101000100111110
010011111110000011010101001011100001110110001100001111110001000110010111100011110011101100011000
111100100111000000111011101011101000010100011101000001110011001101111100000100011110000101001100
001011001100011000001011110011111100110000000101001001111010100101111010110011010111100110001111
111000011001110101001110011011010010110001010110101010111111011011010001001010100001110100111110
011100110000111000101011100001101000110011110110010110100100011110111101100111110100011111011100
000111011100110111100110001110001000101011010111100000001010011110001111110100100000111010000110
101110100000110101000000001000001001110100111011100001101000110101010001111001111111111000101011
111000101100011101010100010000111001000001111000111011000101111101110101101111011010110111010001
011111110011111011011011011011001011010100000100010110111100010100111111111110000010100111101011
011101011111000000001011010100001011001010100010110000100100110101011000010011100100101011011100
010111100001011000000000101001010101100110001111101010100010110100110011000000010110110011110001
111011001000000000111100111000100110011110110010100100111010010001001010100110001111101000101100
000000010010110110000100111011001000001101011011101111100101111100010011101000000010000011100111
000110110111101111011110110001001111000101110101100110001101010000001001010111111101001110011111
111000101001010011001010011101111001100100101000010001100101111111101110010101001001000011011001
000110100111001011100110100100001000110110110000101110111111110100011010111110101110001001010100
110000010010001011001110010001100101001101110001000010110011110110010101111101101011110011110011
101001111000000101110001111000100000010101000101110001001100111001101000010110100110010110011000
111010010010000011101100101001011001000011011111101000110000000100111010010100110010010110101001
100100001110011000111100000100010010001011011110001011011001111101100010110010100011001001001101
001101100001111101111000011011111111101111010000011010100001011001110110100111101100100010100100
111100011101000100110010001100010100111001101101001011010101111110010110100011110010011100000101
111010101111010001101110010101111010111111000111001000110011100111010111001001010000101010010111
111000110010000101101111001111111000111100100000001001101100001101001000001110001010100001101101
011000111101111001101110100110101100011010110101111100101010100111100111110110011011110001001000
000000010100101101100101110100000010000110101101011000010011010101101011000000100001101000000000
110001100101010111000001000110001101100001111010100011100001111100001101010111110100001001111010
101101100110101011001100111011011011110010101001001000011101101000010100011101110011011111000000
000111001010000010111001011111011111011001110111010010100110010011111000110100110010000110101110
101111110010000101111010001100111011111001011101001111101100100110100100111000101111101100001010
111001111010111110110000010110000101111000100111010011000010001100111001001001101001101010011000
010111111101110011111001111111001011010000100001101111001001101101101011000101011001000101101011
110010110111000111000010100010110110101001101000100001010000010100110100110110000110100111110100
001010001100110001111010011010110100011101110010100000010001101011010100011100010011001011110110
011110011001011011000011101110011010011001111111011011010010010100001100110010010000011011010010
110101000011110000100110000101111110001000100100011001010010011110010111011001111010100011000000
101110100111001010010100110110011111000100111101000100001000001101111101011100011100000010000111
101011110000000000011110101101100001101100011011000101100011111011010101111110001000011001010111
111101111011010110111010001100101001111101000101110101010100011101011010100000111010101111001101
111100111100110010101101111100011010010010110110010110111100000111001111011111010011010001111000
100011000001111000101111000010011111100111101001011010001101001011101111010101111100011000000110
110001010010001100110011111110100000101100010111111100001100111110001110000111000010111100010010
110001110101100011100001111110001110110001111111100111010101111001010010010001101100001100011100
111100010100111100100110100011100001010000010110010001111110010110001101110001010111111001011100
010010000010101111011010101100100001011100001010100101001100111010101000011100110101111100101011
011101110001110111100011010101001110101001011001110101100110001000010011101110001000111001001110
111101011011001110100101011001110110001101111010000111101101101010100101100001011101111001011111
111000110000000000111100010010010100101001001101001101001010100100011010000010101001001011101001
101010000100011011010001110000110100001100000000000100100110000100011001001011000011010010011100
011110000010001111100110111100110011000101010000100011000011010000111010100011101001000100001010
010011110000100101010110101010001111111010111000110011011000011100000101101001101000011111001101
100001101011111111000001111011010111101110100100001010100011101100010010010101011010101100110001
110101110000100101101011100101000101101101110001100000110001111111011001001010011011110001000010
100100010100000001010101111011101011110100110110001101111001010000110100000010101010001100010111
010010010111010110001001111100111101011011000110101111001100110110110100111010011101000001010010
010101011101100110110101001111101110000101010010011011011011010000101001110111001110111100000100
001101111011100010101011010011010000111000110111010100100010001111100110010101000110100001101000
101110110011010100010110111011111101001011100100100100101000111101101010011001110101101101100111
000010111110111011100010000001111010111110011111101101111111000010010011110011101111111001001110
000101101011111111010110111001001010110111010010111010010010010110110010111010000110101111110110
011011111111100011011011100100111011111111110010001010000101101001011100111010010101110101101010
100000001111001110010010011000011101110000101001110011110100000100101111100000011111000110111011
100011001101111100101111011101001110001110110001101100110101111001110110010110110010000100000011
001100111000111010100001010011100011001001011010010101101001000101000100111111101111011100000101
011111111101101000110111101101010000111000011000000101011001100110000011011001010011111000001011
