001111011011010111101011110001011000111001010000100010000110100111001000111110010100000010111001
100010000001110001000101011000011011101011111000110100000010001001100010100010110010101001001100
111110111011100110111011110010111000100000101011101110111010011010001111011101000011111001101100
011100000111001000011110010001010110111000100000101010100000110000101101010101000111000011011111
001100110100001001111000101001010000100101001101110010110111001001011101100000011111110111001011
100110110001100001101000101011011110010001111100110110001110100001000111000111000000100101101111
101011110111000010001000101010100010110111001011010001001000101110000101110000010101010101001111
011000111011111010010111010100011011100011100101000100000101011111110100111100011101100110101101
101111001010101000011010000010001111010111011110101011000110001011101100110101011110001001111001
101001000001000110000110000001100110010001010001110000011000100100101111010010010000101010100111
001100111010000001101001001100101000011011010010010100000001100010100100100000110010011000001101
110111100010111010011001111010000001110011100101110100111001010101111111100110010111111010011011
010100011111000110101101111001110001011011011010010111110110010000001010101000111010111110010111
010101101001100000011011110001101111001111011100010001010001110101010110010100101101010111111010
001101001001001100010111110101001000010111111110000101011001001001101010010011101100011100000110
100101011010000100000000101111110110000111001001100000000111100001000111010010000000000110110010
000011011001100100011000110011111011000100100101010010001000100010001110101000010001100001111010
101010100010111111100011000000110000101101110110111111001110110010001111101000001100111000000000
001011101101011100110010011101011000011100110111001110000010001100000010110111101000110101111111
101100111011110000100001011000110100110101010111100101001101111000100101110011000000101110101001
000001111110011100110010000001010011101101110100001010100111110111100110000000011001110000100100
000001001110000011010100110010100110010010001100011101000011101100011110110001110011101101110101
110010100110000010001100010111010100100010110100011111111010101100110010110101011011100100000011
011001111011111111101000001111110100010110000101011100000101101001011111010100000011100000010100
011000110100100010101110010010101111001110110000101110011011001110011010011001101101101001000001
010100001110011010010110101000001000110011101101010000000001101011000110101001110010110100100011
001110001101001000000101011010100000111010111111100101000100001111001010011001011100111110100101
011111101110101110110011110110110100011111110001100110110011000010100011100000000100000001110101
000001101111101011100000110101100111011001111011110101100110010011101000000001001011000101100000
111000100100110001101110001000100011011101001001001010110011100000110001011110111100111001101110
010101001001001100101100000110011110011111000110001101000011000110011001100100111111011010001111
010101100100010010000110010100101010100001010011110010111101110000000111001100000110010100101100
011111001001000011101000011101000101010001011010001001010100110000101100110111000000101011100101
100101101011111111011011001000010001100100001010100000100110111010000000010001010100101110001101
101010000011011010100011001011111001000001110111000100011011011011100110111001100101111101000001
001101010111001000111000001111011110110111011110101001011010001010100011110011100100110101000001
010000110001101100111000110110000010100100110111001000110010000011000101001010011000011101000101
111010001011110101001010011111110111001101000001110010010110100000010100000110100100010010100001
011010011010000101111110110011000100000101010000111100100110001010011001001101011001000100010011
010111000100011110100011001111100110110000111111001100011100100111100011111101000111001010111110
011011001110001011100111011010101011100100100111000101111111000111000011101011100101101000111111
000110111110000011000011001110000110110011011100110011111110000111000000011010001011110010010010
111101100110110101111100110111100100010111101001110000101111010010101101100100010011010000111110
000011100010011110011100110101101110001100011111011001011000101011110101111110100110001100111010
010001110010101111000101100111100010000100000111110110110000010110101111011110100100111011101000
001111101110000100001011101101111111010011000011110010100001010100000001111000011000011011010110
100011010010010001010101010001111101110001010101000001000101000111000111111100001010110001011101
000111011000110000111101111001100011110000010100101010100100000111100100010110101011010111000001
111000100000110111111001111110110010111110010001100110100011010011101100111101110111001011001010
010011011110100000011100000111101111000110101010110101101100100101111010110000111111001100111000
010001001100000101110100001100110110010011010100111111011000010100011100011110001101101011110100
000011111011011100100101010110010011010011111111101101111100001001011000000110010010011000000010
111101111000111000111010101101000001100000110001111010100010001000001101110001011110001111111101
000001101000001000111010011000100001100011101000110000100010101101000001001111011101100011100010
100111110000100110011001101010111101111010001111000111100010100011000001110110100000001010111000
101000100111101111101111101000101110100011110000111110110110010100101111011100100001110011100111
100110000010111011001110111101100001001100111001010101011111101110101001100101011011110111001100
001100011001001110010101010001100101111000000101110101011100110111011101100111001100010100010001
110101001111010100111011100100101010110111011010100101110000011000001101000011000100100101111010
011010111001010000100010111101100100011000101001111100110100111111100010110110111000110110100010
001111011011111110000011111011011010000001001111010010010101110110010010000011100001010100100001
010011010111001011000101000001011101111100000100010001111001110001110110110000111110110111001100
011001111111011011110000101110110010100111011001001000110101011100011110010110001011011110100110
110001111110011001000001110111111001101111000111111010101001000111000011100100110100100110001100
011000001000010101100111110110110011110000000100011101001111001110001011000011100010110100110110
100010100110010010110111010000101000000100001100010101101111101100010011111101010111010010001100
110000111010010000100000110110001100100101101011100000101010010100110001010111001011111101101111
010011010110100011000101100111101011010000000001110101000111100001100001100011000101100010001100
011001000111101100110011110111011110010010011000011100111000100111101111001000100000101001110011
000001001111011010001010001101101000101010101110100011011110111101110110100100010100001001111111
101110011100100110101101000110100110111110110000000001001011101010110100010111100011111100011000
111010100001011001011001010111001100111010110110001010100010010110010001001001110011001100111010
100110111000110000101110110101011110001000101100000100110011010001110111100000001111110011011010
001111111001000000010111100100011110110111011101111110011000101101100111011001110111011000111100
101100010011110110010011101110100011001011001110000000110010011000111001000101000110010101000110
111101111101110100110010101111111011010111101111011110011001010111101100000011100001001011110111
100010011000010100110110010100010010110011110111111000101100110001010111111011000011011000000100
110111111101101101010101010011100100101110010111101010011110101001100001010101001001010100101001
011100000011110111111111111001010000111111110100101000010011101111011000111100000000010110001110
111010101100001001101100010010001110111110111000000101001110011110010010001100101001000001011110
101010100110100111010101011111010110000100000011001100100011001000000010100000110101010101011110
110101010011011101100000101111010101111111011010110000101011000110001101011110000011101001110011
011101011101111100000001110110100110110101100110101101101100010110101011000101111111000000110110
011100110110010011111110111110010111010011111011111110111001011110110000010100010110010111010111
001110101100010101001110101000101011000101011010101111100000000111100011110011011010110111100001
000101101111111100110010101001101011101000010110010010100101100111111110101001111110011110111101
010110101110000100001011010101100000000101001110010110001111011010101110010100000010011101110000
111101001001010011111101110011001001110101110101101001000010000011110010101000001101011000000100
011011000101111010001100110110011100110111100101010111001111111111010100011110110101101111101110
110100000011010110010001010100100001001000001101100001100000111001110011010000001010111111010111
110000110000000011111010011000001111000110101101110001000011101111111100001110010011010010110100
011100000110110000001011101010011100011101001110010110100100111011110110100011010010000011010101
011101110000110010101011010011000100011110000100110100111100010100000001111111101100100110000110
000011001010001001001101111101001011000110101000000100111100101101101000000110011001000111101000
100111110011010110100010100001111010111100011010100110000010000111011101010100111011001010001111
101001101110011011000011000101111001110100010111101011111001010001010000010001000100110110100100
110000111000001001000010100100000011111001110000101101011010101110001110111110101110100110111101
110101010001100000010011110010101101101111111001101011011110111001100001000110111111110011110011
001111000111100000010000001101000100011111010101111100000110001101110001100011110110000011000110
010110011010010010001100110110011001110010010100001010000000010011001001010000011000111111001110
101000110001001100011101111110011000101101000100111000010000000011011111010110100011111001000001
001101001011110100000110010010110111001100111101001101111100100001101001001000100001010111001111
101110010101010101011000010111111101001001010101011111101001000000001001110101001011100101111101
101110001101100111000011100111100010100010000100100000100000101111100111110001011101111101011101
100000001100111000110100101110011000101111011000010000101111000010001010111110101010000111110001
000101011010101011011001000100001101011101101010000100100110011011011111000111111000111101011000
100011010101101000110000010011111110101011010111110000010000011011101100111100010001010001000001
001001010010101111000011000010000110101011000100011101111001100111100001000101000101011011010001
011010010001010110100010001000011011000011000100100111010111100010000101101101110101111111011111
000010110010011001011010000000010100111101110110110111000110010101101100110101110000011001000010
001101010010110001000001010001100001111011000110111111001110110011110010101011000010100011011000
011101011111100000101111111101001100100010111011110001010101110010111110101000101101011111111011
011110011010000011001011011100011011110111101011011101011011000110110001011011010001101011001110
001001010010100111110000010110100011001101010001010100111110101100110111011000101001101101010110
000010110011110001010011100001010111011100110111100111110110100111101101011111111111100000111111
101100000001100111010010100110000011110100101110100111010100011000100111111000011011011111011110
010100100111101000000110100101110010000101111011010110110001001101010111011111001000010110011101
010110000101011000111101110011001011101111111110100100110101011101100011101010001111010000010010
011011101000111011011001000110101010111100110110101101011100010110001001001110100000111001110010
011011110001001000111111101100000000001110111110100111001111010000011011001011111001001100101100
001101111000001100010010010111011000011011000100110011101101010001011110101110000100111101011101
110010000101011111100110101110110101000111100100001000000011001011110100111000000010100101011001
110111001101111111011010111011000010000000010110110111010001101100110100110111010111110000011110
100010110010100010100000111110001000110111111100001010101011100001000011101011011010101101101001
011101110110000010010100010001100001100000000010110101101100001001011100001010011100100100111010
010010111110100011111111010101001000000111111101101100110101011111111011100111000100110110111010
010010100100000101100110000110110011111101000100110100101101100110010111110110100101111110001110
001101100000010010111101010011110001100111010110011100010000010011101110010001100001001001100111
011110010110000100100100011100010100011011001010111000000011000011101011000100001110111001100011
101001010010001011001010110011100001100111011111001110001010111101110010011011010110100000100110
100001100001110011111111011111111000101101100001101001100010101110111000001001101000110100011100
001110100011011110101001110010110010100110001111000011101100111110100110000100000101101011110010
111100001001100001101000011000001101010101110110101010001111000100111110000001001110110001110110
010001011010010000001111111110101100001101100110111010010001100101000001110110001011001001110101
000110010010101000101011001111110000100110000001110101101101111111001101011000000010010110101110
111101101111100000010100100001010010001100111101010101101111001110111001111100100101010100010110
011010010101100010010101110110010101000001110001010111001110111110110000010100101101101000110111
001010100000011001100100011111010100111101110000111010110111011000110001100001111110010001001111
000101001101101111111000000011110100110011010011110010001101101101110101100011101110011101001001
011101101100010100101111101111100111100100110001101100111111010010111010001010011011010011110100
100100111010001101011000011011011000110011111100010000110100111110101100110101110100011100011110
011111111111111101011001001111110100101111101001001101000101000100101100111001100100110011111010
000101010010100011100010011110111010101011010110001011011010010001001010010111011100010000100000
101111101101111011110001110011111111001011111110001011001101100111110110110011011010101100001110
010000100101110100110000111111101100111101110001011101011001110001011111000111100011111101100001
101001100100000100010100010101000101011110110110011000100101001011001000111110111011111100101000
111001010101110101100110011101010011010011110110111111010000100011101000011011100010001110011011
011111111010001001001101111000111101110010111100110011111001001100101010001001000110000100001111
110100000111000010010011101011001110011000000011110010001101101010110011110111011101101001111000
001011110110011011100110001010110110010111010101000010001100100000001010011100111011000111000010
111010101000011001111101000110110000110111101100100000010101010110101000001110111110000100101101
001011110110001000011101101011101001111001100100111010100101011101101001100101111101011110110000
010010100010111110110010000110111010000010010101101010111101011110011101110001110001010101101000
110100101100100101101110101011000011111110010110111000101001111101101110111111101000111101001011
111001010011010100011111000100011111111000010010101110010100010010110000010111000001000001011000
100111110101100001010010110100101010111010001110101101010110111001010000101000101111111000001001
100100010000100100101111101101101100001110101111111000101000111001011000010000100001001100100101
110011000011001101111110100100110101110110101001011010001110101101101100000000101000001110000100
100100011101110101000101100111101100110010000010110111100000101000011010011100101110011011011010
011101110010011010101100010010110110111101001100110011101100000100000000010010010011110001111110
101011111010000011110011001011100001111111111001010001110111000001000111100100111001010101100110
100110010111110111000010101010100011111100111000100011111100000111011000111100011010010010111100
110111001111001101101001101011011100111100110001101111101001110000101010000100010010110011001010
101100001110100111011001000000011111011110101010110100100100001001100011010100111111111010100101
101001000100000011011101101101010110000000100101111100100100100011100000000010000000001011100110
000101100111110010110010110010000111110100100011000010110111100001011011000111000100100110100010
101111101100001100111001101001100101101101111010111100001100001101110000100100100101011100110100
110010110100110001010011111001001110011100111101011011000011110111011011110100010001110100110001
111010110100101101001100011010110010100011011001011000100001101111001101110111100100100010001011
001100100010010111101011100011000100110100101100010010110011001111101001101110011001110011100100
100011010111110000011101100101000001001111110000011111011110111001110111000010110011011110000011
010100111111110001011001010110011010111111011011111011011000001010011011010001000010010001010100
010101010101100011100011011001101001001010011010100010000001000001000100110110001111101101111001
000110101000101001110000111011010111011000001111001010100100001110100010000100011010000000011100
111111000101011011100010111001001100001000011010101101000000010101010011110001000011011010000001
111101010100010111100011100111111011010001100011010011101110110111111011010111001111101010011000
101110101110000000001111111011011101100110011110010110011011011101101110000111001110001001010011
110110110010011110101011110110101001111101101110110111000101010010001101011100000000111011101001
101000000111110001010100101111011001101111111111000010101011110001110010000010100001011101100001
010110000000110001010010011001100011110110010110110111010001010100011111010010111010100101000110
110101111000000000110010000100111100111100111000000000110111111010100110001110110001110101011011
010100110111111000111111111110001000011000110110001100011001001001011110111101101011010000001110
101100011100001001000000101110001001010010111001110101100001100011101110100100110100110100110100
001001010111101100000110110101010001000000101110101001100110000111101110001101000100101000011001
010000011000111010100011000101110101101101101100010101101001011010100000111101000110011110010111
000100111101100110100000010111000001010111010010001101100111101010000110100110001101110110111101
000010111111110100001000001110000101111111000111011100111010110111000111100111101001100010111111
100101001010000010110100000010111010011110011001011110001100011110000000100001011001000000011101
011001000000010010110100111011000011001101000110110001110111111101000011101110101010111011101101
110110011011101100000000101010000111100001101011011101101111010110000110011001001111111101110100
100010100011100010011000100010110010111101111000110100011101111010101100111001000111100111000111
100001100011110111000011110011000111101000100010110100000101110101110010111011001111011011010001
101110000111000111011011110110110100011111011111010011011100000010101011101011110111000101010000
000011101001010001111100001001111001010010100100001110100010101011001111011010110111000110011101
010001101100101001110000100100101101001111111011100111011100101010011110010110001101111001001110
100110000001100100111110001010000101010011011111011000110101011001001110100101100111010100010110
000011101111011010011101011011011110111101110000000011101101010110001000111010010111111110000110
010001001011100101010101101110011111100000100101010100001001001111011001101001100011101011111010
011000010010111111010010100011001001001011000011010011100111000110011111001011111110101111110100
010001001101100110100111101010101001000010000001111010101011111001101111101110001001111011011011
111000101011111111101000000101011000110010110001011101100101011001000001001111011010000000111010
001010110110101001110100110101001100000001011000110001001111011100010001100001011100110101011101
100001010111110101100001100101011110101111111010001111010011100110011010011000011110010111100100
010000011001000000011010001011101101110100010011101101110001000000001000110000111000111101000001
001001100000111101110000000111111110100100100010001110001011001101110101101111111011100000100101
010101100110111101010000100100100110011011010100101010111100000001011001011001010111100011010010
100111111110011100001000001011000010111000101001000100001000101101000010111010001000111011100100
001111011010000101110111101110111110100000001100111100101010111111011100001010100101101011101011
111001000100000000111111110001101101001011110100011101101011110001011111010010010101101100000101
100111111000010101000101101100101101001100111000111111010010011001101011100010011111100010110101
101001011100101010010010100100100110001001101100011101000000001100100010100101000101101001001011
010100100101111000100110100010001111110111100001101110100110010110011101110000110110100110111111
000100100011111100001010001000011001101100010010011000101011111101001010011011101100110000001011
111111101001101100101100110101010011111011111100111101111100010001100011011100001001111010100111
001010100010100011111010001100111111100110000001100101101010100100011001010010010100100010110111
010001000101001111101001010101100000101000011101001101000110111001111111010100010111011100110010
101101101111011010011111000001101110010100100010100100000111001111011101011111111011010001110111
110001000001100000111011001001001001100100100001001110100010110101110010001101001111101101111011
001001010110011000111101001101001100010000100100110110100010000000000011101101011000001001000000
110010011011011101100001110111111111001111000101111010011011010011110001010000100000111110110101
010011100010111010011011011101110100001100011111100110000001001110000000100110110100101110110111
011100110101101011010000100011000001001111101111010011001110000100101110101110011000111001011110
010111101011110010111011000110100110101001001100111010111110100011100110101000110011011011010110
000010011001100000111100010110101100100100111000000101101011101000001100110010001010011001100010
110111100100001111100011111000100110011001101001011111111101101101011001010111101001001001011111
111010010101010011101011100001010000110111100111100001001010111111001010110001101101100000100100
000011110110100101101101111110001111000001110101010000011111100111011011000101101101011111101100
011011011100111110011101010110010011000101010000101011010001000101000110011110001101110001100101
011000011010111100001100001001001110100011101101101100110110011100000011000001011011101101110010
101100011111100011001010011001000010101111011100100000101001111100110110011111110100110011110111
001001000111010101100110111000110110111110011110111101111001101101110001010011001101100101000101
010100010010111000011000101111011111111001111001111110111111111011111010000000111011000011101011
010001101011110010110001010101001010011001100110010010010101111100010100110011001010011001101100
111001010010100001100001010111010010111110100000011111000100011000000011000111000110111001110101
000110110000010100110010010111110011001000100001100011000110100010010001110011011010001001100010
110100000000011010111111100100110001011110011100101110000000111111101011111110111011101010111011
011111111101010011110101000000001110010001010111100000000110010010010111100111111010000111100001
000100101100101001101101000111001111111001000001000011010110000110100000110010001100001011100111
011111010100110101110101101010001010001100110110100011001100000001000111110110011100111110000010
011010101101001001010000000100110101101101100010101010010110110010100000000000110100101110110011
100111111111100010111110111011011000011100111001101110111110011011100101111101101111111110010001
000010101001100110000110101111101110011101110100001101001111101111000000010101110111010101110100
000110000011000110010110101111111100010000101001110111110011101101101010000111110101101000011000
110010001100110111011110111000110000000110001110011101000101110011111010101100001001111010100011
101011111000110000010010010010010101001001001110110101110011111001100111011011010111110000010110
011001000110100110101011101101101101001010111101110001001011101100011111110000111101100111001011
001001011001001101111110011111111010110111100111100111010011001111010010000010011000100010111100
001111111010100111101011010101011100011110101001111111000001110100010110101001010011000010111111
100010101111101110111101100000000110100110010010111011110111110000111101001010110101111011010111
101100010101100111001010000110000110101011011110110001110111101101000100100010111011111110101001
100111010100100011101000100001100110010000010000001000001101111000110000110011101010000111001100
000111001010111100000100000011010001011111011010100000110000110110010111110101111111000110110000
101000000100101111010011001000101010001011000010010101110111111100100100011101101101000110111011
000100000000011000100111001000100010011001001001011101100010000001010110000111100000011110101100
111110000111100011010000110001100111000110000001011110110100010000100000100001010001101010111001
001011011001101011111111101010010101100000111100000010011111001010111100000110010101110101000010
000001111111110011100111110101010111110110100011111010110010111110101001110011100111100101100001
000110101001110010010001010000110100110001001000010111001010011011101010111100011100000000100100
110011110111011010110111110010111000001000001100100000111010101010110011011000000100100001111111
110011000110101000010100111010010000110100100000011001100111010000000001010011110111001011111110
100100101110110111111000110100100000000111100011110101101101110011111100001011011000011010010011
101111111101101110000101010000001000001011011000000111111101101100101100011111000011010110011000
011000111111011110001100000100101111111000001110111011110000101001010110010100011101010011001000
100100001110010000111000100000111000001111110010001000110100100111111111110110111011100110000001
010110110011100011100010100101000001111100101101001111101111011000000000001000111101011100010000
111011000110010110101000001111011011110001011001001011100010000110101101001110010110101000100010
001110000001111110001101010000101000101011100101101110101000110011010011011010000011100111101101
011111101001000010011001000000000110001110100100110011110010111110010111111101111000011111010111
000101001100011010111011100111001110011000111111101110000001101000101110101100101101000110010001
111000011010001000110111011000101110011000100101000010101011011001001101101100110111000010010011
010111001111111101000010010110111001011000011010001001111001000101010100100111010001011110111000
101001111101110111101001011001100101110110111100010010110000101101010000010001010000101010100010
111010001001111111101000000001101000111110100101111101000111001001111101010101000010011100001101
110110100111100010010010111101000000111101100010100110100010110000001011010011100111110101100001
001010101000111110111111110001010111101111101110110111111110111100010011001011011111010000000001
101101001000100100010111111101011110011001110111110111000101010110101111010100110011011100111100
111011110111100110001100100100001011111111010100100010001011101111011111111110111111011010011110
100010101100101011010101111010100110011100011000110100011101000001110101100010100011011010101010
110001111010011011010001110111100101010011001101111010000011110110010100100101101101011010111010
011101101111110010010000011011010010011001110010000011011010110111110100100101110001100000011000
011101111100110001110001111101110000100011011001010111001111101101001100110001010110111010111110
010011111100101111011111100111011110110010000100000101110011100011111001001100101011101011011001
100110011111111110111111110001111000100001100111110010100101000111011111101001110101001100101110
100110111010110011100110111000000011100100001111110110001000110110101110011110010000000001011010
101110101111010111001000110000111001001110010101100101101010111101000001010000011000010000011000
101111101110000010101100000101001001110101000111000001000000101110110111100110110101010101011000
001101000100001011101010101011101010110000011100101001000010000101101000110000011011000010001010
001110100110000001010000010010001011101000010100111110011010001011100011110101101100110001000111
011100000001000101111001110110110000010001111100101111010011111010110010110000000000111110101001
111000010011101101000100110111011011110011110010100111111010001100001111010110000110100111011001
011110000111001010001011101001000001000010100100001101111111100000000111100000111100111100100100
001010000010110000000010110100000010010010111010111000110100000000101011011111101000100011001011
010000011000011011101011010100110010100101101111001010110110010101100111001000011111000000011111
110100110111111101111001100101001001100010100101111011000011111111100100001010010000100111001101
111000001001000111110111010010001011001111011111100110110100001000101001010110100100010100000110
101010110010100111101010001100001111000010110101011000001001000010111000111011010001000100011100
110000001101110101110001010110011100011101110011101111010100110011110110010000110111010111000111
001110101011111011100001111101110011110110111111010010101001000111001010110001011110000001010001
010110011100000110101000100111000101001000100001001111110100100011111111001001001011001101100011
101110001100110110111111010010101111110001111111111001100010111011111111111100101110111011010000
