011001000000011011011101100100000100101010011100011111000101011000111110100000010111101001101100
000100110011011010101111101100101110011111000100101001110011101010000101000101101110010000100000
010100110000110100110110110011101110101000000101000000001010011000111101101100000100000101101011
100000101101010001010010111110100110000100001010100111000101001100011100001101001110111100001100
100111011110011101101100111011111110001101000110100001010110101010110000011100010111001111010000
001010110110000010000001000101010010101110111000111101110011010100010011010111111101000110001111
101100100111111001101000101001010010100111111010111101110110110110001001111100001110100110000010
111111010111000100011111010101111010110110010000111000111111111000001001111111000111001111001010
100110001101101010100100011100010101001010110010011010010001111000011011100000100110110111001011
000110111110001111110011011011010001100101010110111011010101011101011101101010100001110011111010
100111110101001010110000000100001110011111000111010110001010100010001111001111000011111000100101
101100111011001111010111011100001011101010010000010010001010000001101110000010001001101101111010
101010000111000000110000100111010010110100110011100011100001000111101110110001110100011001010010
110001100111111011101111010000100110011010001101111001111010101101001100011010111101101010000110
110010101100000000101111011100010100110101011000101100000001101110011110000010010101000011010011
101000011101011101111101101011010001000001110101100111001011111110001110001001110011110001101001
000011100001010010011101000000011100001110110111110000010100010010000101000110100100100101101000
100010110111001100111010000101111010001101001101110000001100101001100101011100111010011101001000
000011100000000111110101100100100110100110101110100011010000010010011101110111010100011001111111
100011010010001111011100001110010100001111110011100110101010010011000000001000000001000111100110
011000011011011011011000111000010101101100011110101110000011110010100111101111100000111000100011
100001011110110111110101011110000110001010001110001100001001010011111100110001110110100100000110
000000000101100000110011000110100111110110011110010110001000100011000100100100000010010001110001
010111111000111110101010101110110100011101001110100100010111001001101000010011001010101011110101
011110011011111110111111101101000001000011100111110011000101110000011001001001000011100101101101
000011000110001111101010000011010101110101100010011000010001001101110011111100100100000111110111
011111111111010100100110000110010110000111011011110001111000001101011000101011001011010101000100
100000101011101111100010010011000100100010011101110000000100011011010011000110001001111111010110
011011111101000100000011000101110001011000000000100100111000000010110010011001100001101110000011
110001111011100000011110011111101100010101000010110010011111011100011010010000100110001100011100
010001111100011100001010100101000011111100000101111010101101100100110110100101111101100011110000
101000111101111010101100011001111101101110011100001111111011010001101001001001010110101110000000
000111011010000010100011110111111010110101000000001011011011000100111100011000110011110101001110
101000000101100101010011000000111001010100110011110001000011111101001000100010100101010110001011
001011010000110101000000011001100101101100111111101111111010001011000100101010111100011010011100
001110001100011000111111111011101000010000010101111100000101011101111111100100000001111111111100
101001001100011101111011010011011000001011011111111100011100000001111101001100001111001100010110
010000001010000010011000110011111101111110100111001111101111111111010001001111010010110100011011
101100000101110010001110001111111101110001111110001001011111000001110001011011001101000010001010
111111001100101000100011100100110101101110010111000000000000100001000011000101010010010010010011
000100111011011110111110010100100110010010110100100011011111101000100101100100001100110101011111
110111011111001001101101111100011110001101000011011110000001000001101100101000010101101100101100
010110101111000110110100001010110110000001110010001111100110001101000011000000101110010000101011
101000101101100111011100111110001000101010000001111101010010001001111000001100001000000101011110
010101100101010100101110101000010101101111011001000110101101100000000010100001111101100001000111
011111001000011001100101100100001101010001001010100001101110111010100000101110110101011000111111
001111100000100111100100001110110001100011000101011101111010011010111111011001110101001111010001
010110000000000000010001011010101101100010001101100101011100101000010101001010011010111000100111
001110010100001000110110010100110110000110101111011001110000100001100111011111101111110011001011
001011100010111011000011001101111110011010011111111110010011111001101000011110010101001011000011
111011000000100100001001100111110111111100000011110011110110100010101101011100100100111101000000
100101100001000000100000011101011100001111100100001110000100100100001110101111111100001001010110
111111000111110011100010100100101011010110001001110001000110001111100010101010110111011100001000
111100001000011101010111100000101000110011111001011000011111110110000011010000110101010000011010
111100101110100101100010011101001010111100111001011111110011111001010110100000110110100001100011
111100111001010110010101101100001000111100100001111110101101100011110101101010100101001110101001
101010101100101011110111011110111000110111001001000010101111111010011011111101111001011010001100
000011111011000111001001010001010000001110101100011101010101000011001101000010010100011011000100
000010110101011011101110001010101000011100100101101001111001001111010110010011010111010111111001
101000101101101000110111010011111111011111101000100010011101001110110101101010101101101100110000
010010010000110011010000011111011110001111100111100100011010011000100101001000001101011110111001
101000100110111011110100001010000001111111011011001000110110101101010001111110010010010010000001
001010100111011001101001111000100000111001100111100001110111001110111000111100110110000101010110
110001100110100001011011111110101100110010101111111011011100111111010100001111100100001101100011
100010011101100100110010000011100010011010000111001001101011001000101000000011000100011010111100
000100110101111001001110000101000000010001011110111101000000101110111011010001110010011011110010
110000010011110100011101001100001010100010101101100101111111001011100000010101110110010101110110
101010110111010000110101001101001100011101100010100101100111010111111100101001011011000101100011
100000111101000001000000000110000000001100011110111000111111101110000010011000010111100011011011
111000000111001101010110001101000011000000000101011100110001111110001011111111110111011110101101
100001101101010001110101101010101010010001010001010100101111011001010100111010100101011000010111
000110101100010001010000010100101100001000111110111000110101010100001001100011111010101100000011
111100111111111110100001101110011010101011010011010111001000011101010010010110010011100110010111
001110010010011011100001110011000111011001010011101001010000010010101111001110010100111010011111
111101111010111001111111100011101000111000100110001000001010001000101110111011010110011110110101
000011110101101001110001101011111000100011110001100110110101001011001011110100110010010010110000
011100000110110101101101100110000000000110000110110010001111101101111011011111100110011100100110
101111011100011111010010111111000001000001110011101010110100111111000111000101101001111101001010
011110101001100101010010011000101010100001011100000001100001101000100011101111110001001010010000
100111110010011001010101000011001000010101111110001100110000111111010101010001000001011000010001
101000111010000111111101011111100011100101010101101111100111101100000101110101101100110110010110
101110011101101110111010101000100110100000111101100001111110111011001111111011110000010111110011
000110100100000110100011110000111110011111110101110001100110001100101000010001000100110110011001
100101010110110010011001110010110010000000000010011101000100110111110011000001010001001000111011
001011010011111100011000011100111000001011111101000110001100110001000010011100100000101010111101
101010101000001000100010101110000111100100100001010110001100011110001100110110010001011110001110
101010010110100101011001111110111010110010001010110011001011110010000101101101000101010010101101
100100100000101011101000001011111011101011111001110000000000101111101100001010100001001111110001
011001100001001110111010011100110101111000010001000011001011010000100011111000100101100011110011
101011011101101000100010000101111001100100011010000100100001001101001011110100111011101110101011
010001110100011011001001011010000100111001010110111110100000001000000001000011111001001100001101
010001101111100110100111011011100011110111000000111011111101110001100011001100100111101011101000
000100111101001010111001010011010110001111011101100100000110000001101101110110000100011010100000
011111001011100101111110011110000000110001100010111111000000101100100000010110111000100100110000
001011010010000111110001011000111001111011000000101101100000110001111101101111111000110110101011
010100011100111101000000100100010101101000100111000110111001111101110110110011111011010001100001
110001000000111000010111100111100101011000110000001001101110000011000000110111001000100111001100
000101110110000011111101111010011111111011100111010000101000111010000111100010101011111001101100
001110101001011100101000111001100000011001100011111110001011111011100110101100100111111010111000
011101101110010011001110000001101001010010100011010010111110001100010010011000111010010100000101
101001101110100001101100001101000001110010100010010111011111111101011010011001010010111101100100
110101001000010001110011001101110110011110100111010011001100010010001100101111100111000011101100
111011100101101001111001011110010101101010010000111101001111011101000111101001110101100110001110
001011111110100110110001110011110000110100011000010000100110100111100001100011110011111000010010
000011001011101000000001010111011000011110010111111001000110111110111110000100010101011110110101
010111110010011110010010110010001110110110100010000111000010011001011101110110000101101010111001
000011000000000110011101011000100010101001000100010110011000011101101000001111100110100100111111
101111011101111100000110010011011101110101011110011001110010111000101100101010101111001101000010
001111011101011001000110110011011111010100110000110111100101111010101111001110001101011101101001
001110101100011101001010110101110101011101010100100010010010001110110001011011110000110110010101
101110101001111010110000101110100101000000100001001001011001010000000000110001010100100000011100
100010000101000001011000010001001011000011101011001110010100100011110111011101111100011000101011
100001100000111000000100011100101010111011010110010000101100101100110111101001001010110001111010
110111101000100011011100100000001101000110011001101011001100000101010110100011010010000100000111
101001011110110001001010001000111001100000101011010100100001111101110100111001101111010110110011
001101110000010010110001011111100101101111111000110011110111101011000111100110000111111110101110
100100010011011111011101001111011110001110101110111111100001100110100101100101100011010010110110
010011000000010100101100111111111100011101111010100110001000100011101010101110000111100011001100
100001010110110101000001110110101010010111010001000111000111111010100011010010101110000100110011
011001100110110101010011011000100110001111010010010100100011011011100011110011010100001000011110
001110100101111001011010010010111000101111110001010100010010111011111011110100100111101011100010
001010010000100100001101110001011011010000001101000110000110001101111111010100000111100111101010
000110111000010110011111111010100110100101011111001010110011100010100011110111100100000001011001
111010110101111100101110001110011110010010100101111111000000111111001001110001000100001110110110
010011010111100001001101100101001100001101000111011100010000100100110000101100010010011101100000
001001110111101101111001000100011111111101100001010011101101101011001010000011111000110100001111
000000111011101110101100001110001110101010110110000101110101101001111100110000000000011011100000
111010000111100000001100110000010110000000010011111011100110111011101010000011101111111101000110
011100101100001111001110101000011001011101111010101001001111011001001111100010101010000110000111
110010011110111100110011111101111010111101011011111111011100011011110000011101111111001100010000
110001100000100100001010111011110000001101100001100100101100010100001010010111100000001101001011
000010000110100110011011111010101110101010010010101001001000010101110110100110110010010101000010
110001101011000011010100111101001110110000001010100011010101000101010110101000101110000111100100
111001000001100101101010001001010110011001110100110010110110010000001100000000011000111110110001
110011011111000001010011010100011000010101110010111011000111001010100100111001010001010111010111
100110011001110101001010111010011100111010110011001100000111101101111101111100001101001010001110
011001101011111110001101010101001001000100111110110110111101000100011000111010100111000010000111
001000101100001010111110111100010100101010000001100001010011110100111010101101000100101001001011
101111110001011101100111000100110010101011010011110010100110011001000010000110010101111110010101
110000110111010111100100111110001111010000111010111110111111101011000111000010010111011110100001
110110101111111000010010011110110100110101001011111111010100000011001000101000100110101010000011
010101001011110110001110110000110000101011000001011100101001101101111001010101000011111101110010
001011111011111111101110000100101001110000010001100100100110001011001000111101111010110001011100
001100111111000000100000011111010100101100111010101011011010010110011111011101111101000101011111
000101001110001010110110100111010010000101110011000110111101000010110011010100101010101010110010
100101101010011110101011100000101101001100010001110100011111101110010000110100110011101011001110
100010000110010011000101111000011000000100101100100111001000010101100000101000100000001000010000
010000111001110000100111010001001101100010001001101000010111001110101000110111101001010010101101
110111001101000001100001110110001111111111110011011111001101111110101000000011101101100010110000
010100100100101011011001010101111100011000010101010000010111001001011010111011111100011011010111
110010111001010110101101010100101001111100010010111111110110110101111110000101000100101111100000
110011110010000100100000011011100110100111000001101100101011101101011001000111111110001111010111
110101010101001111000100111100111110111111010001001010001101001000111101101001101101000111111101
111001100110000101101111010001101101001111010001111011101101100100110010100011111010011110011001
110100000000010100111011111000110101100011100100100011001101101001110111110001001100001100001010
100101111010001111101101001100011010011001110100011101100110001101100011110101111000110011011100
000000111011000110000000101010111110010010011011010000100111101111100001110100110011101100111100
000101011010100010101011001001101011110110001110110000110100010101111111000000101011100000010100
100010101101011010010101101001100110100111100010100000101000011100111100010111000010101010111010
101011101100100000101011111010000000111010001101001000000111000100000110010000000110101000011010
101101111011000110000100110100001011011011010000101111011001010000101011011010001011000111110110
010000010011000101111010110011000011000100011010111000010100101110011111110101010001001011011101
101110010111111110001000110110101001010111000001110010001110111110111011001110001100010011100010
011111111010000010011000010000011011011110010001000000000100100011010101011111101001000111011011
011011011110000100010000011100100101001011111101000011010001100111001001010101000000101011100100
010011111101011110110100001001010011110110001010111101110011001010010011001011101001011100011011
010101000010010010110010001010001001000010010010001000111100100101001001011000000010111011100010
000101111011000110100111000101101000111000000010100001011111010100001111110110111110101110000111
001001100100111111001101111110001011111101001110100011000100000010000101010001100100011110101001
110011000110101101001100101000011110100100110111110011010011010100010110011001000010111010111001
110010010010100011001010000000100101011011010000100100100000000111011110011111110000111010100111
111011101101110100100000001110110111001110010000111001101010010011010111111001110100000010100010
111000111100111100001100001111110110100110100110011010111111110110110101011001010010101110111111
101001011000110110010111111000101100011101111110000101010101101010100000010011101010111001001101
001111111101000101100100100010100101001111110000101101101011001101100111001010110010010111110110
111010110011010101111011111101011011011000001111001100011010110011110110010111111101101000100101
101011000001001011011000010101011000010001111101011001100111111011001111011110100010001100111100
011111011111001001111110001010001111101110001110110100110110100110000111010011100000010101101011
000001101111100000110000100110110000100000111010010110001100100111011101001100011000011110100101
100111100011000100011001110101001111111011111111001111010011101010100110000011011010100101010011
111110010000110101111100101110100001011011001000001111000000100001111001110111001100110101010000
100110011110001000110011101010000000101111100110101101110010000110110111000111110101100000001111
100000010010101111111110011110000010001100101100101100011110000000001001001101010011001000010010
100100111010111011101111000100001000011000111101010001110010011100010011000101001000111100100000
101000100010100010001100101100011110100111000000011010010000010010001100010001110110100011011110
110101100011110001011010001001101001000111010011100111011010010110110011110011010110010010010010
100001001000100010000101010101110011111011001110110000100001011110111010001110101011010000111111
101101000111111001011100111000101010111001110010001010010101111100111110101100011000010010011001
011110001011100111001000001110010001100101011111011001011111111110010111110100101001110100010110
000111011100010001001111000011101011001011010000111100101001101010010000101111001110000001110111
000000110010110010000010100011100001101001010001011001001011110111001001000111000011011111111000
001011111000110011010001000010000100001111000101001100001011010110000001101000001110100000001111
100001101001011101001110100101110101001111010001110110000111111000011111011101101101000100101100
111100110110000001010010111100011110111110100110111011110101101001101010010111010011101100011101
111110011001110100100110101101010110111101001101010010100110111011001000011000101110110111101000
001001100011010000111111101010000001010000011000100010111100010110000101011110000110111111000000
011001100101011000111100100111100111111101100010010010000111000010011011010110101000111111000111
000000101111100010101011001000101011110011010111101100110010001010000100101010101111101100111111
111101101100001110000101101011011111100100101011011111000011010100011001000000100110000000100101
001101010101111000011110101111001000100010001001111110101000001011010001100100101011100110110100
101110111111111001000011001001011011011100101011010101011111000110111101100001000001000010111101
110010010010001000011000001000101100110111001100011000100100011011010101001101101101010101110111
001111011010011101000111100100110011011110100101110110100001010111011100110011110011000000100000
111000001000000111001110010111001010010101000000010011001100110001111110110011101000111010010011
001010001001110000101000110111100101001101000010110001000001110011000101110100100000100000011110
001111010110000100000110010110110000100101110011011110001110010111001101010100111100010100101101
100100110010101111101101100011101101011101100000010111000101010010111110110001011111100001101101
101110100110010111011010011010001010011111111101101100100000101100011101000011101100110100001001
101011100100000100001010001001001100111101011110010010101001011110100100110000101100011000100111
110110111101011000011100100000010000110101100011100100100110001100101000001011100011111101101110
010001000110001011010010000000100100101011000010101111110001101010001111100100010000101101010001
011011110010001000001001001000010111111011011110110110001001000110011111011010100011110001100100
111010111000111100001100100111001111100101000100110011001000011001011100010100111001100011010101
011011100101101110000010111111001101111110101110011010010001111000001111100111011110111111000110
010110100011111100011100110011000011111110101010000100011011101011110101110100001010101110010101
111100011100000101100101010001111000010001000101010110000110000111110110010011000010111010100010
101000101000101101011011111000100011111001101110101111010100101010011001001101001111010001100001
010001011001110111111001010110010011000100010000001011100100110010111010101100111011010010110111
100010011111010101001011011010100000101001110111001010010100001101011011011000111110000011000000
000101100001011110111001000100100110000101101000011111010100010000001010100100001000101110011110
100000010111000000110011111110000100001001100011111111100100011110111111110000000100000010001101
001001101001000001010011011100101101011100010100010010010000000000110111011010001001100110001110
101001100111111110101101110001001001110101101101000110000101000011010001001011100110000011000100
001110100101000100000010010111011111111010010000111100100100001111011001000000100110010101110101
001110100010111000101001011111010111101000110100110011111011001000011011011010111110110100011110
000111011111100101101100101000010001001010101110110101000100010100000111100101111101101111000111
010001011110111111010101111111110000111010011100101111001110010111000001111001000110100110110011
110110010011010010100110001101100001100011010111011011000001111111100101010111000100100111011110
011110011010100110011010111111010101111010110111000001011101011111011101000100011001101011000101
111100100001010101000101001010010110000111000101110100101101101000001001110101100011000110110001
011101000001001101110110101011010110001011001111100100010101110111101110001011011001001010001011
101110110111100110001110101100110100001011111011010011101010110011110011101100101001010100010001
001001000000011010001110101100101110111111110010110011000100010101000001000011110000011010101110
110110011001001111011111001000001011000100111110101001100010101001010100101101100101101000110100
110001101001001100010011110011001001011000111100101111100000100001000011110011110000000000010111
010111010011110101011000110111110111011110101001111010110010101110010011010110101000110110010100
100101001001000010100111110001010111101101111010001000110100111111011111001110000111011100010110
101001101011101111100100101011110110010111000001110110111111111010110101110010100110110100001111
000010000001110111110110000001111010101000110011100101111000100110100110101100000110010100100100
000100001011100100100000101001100101010000001111010011010000110010010011001011101000111100111100
001111010111000100101000111101000010111010101000110110001101111110010111101010000001010101000010
111000111100100111010000000010000101100001001111010001000010011010001001110011100110010000111001
110001111000101100111001011001100000001101101001010110010101101000010100011001001011010010100101
001000011011111101111100100101100000100111011110010111000000100101110010000101000110100110100101
000000110011100100101101110110000111000001110001100100000111110101111011010001101001000001100010
101111000111111011010000111001101000111011010110010110101010010111000111011110011111101111101001
111110111111010111011000001100110100001110101110001011001111001000010011101010100101100110001011
110100010111010000111011011001111110011101111001001000000011111001010000101011101111101000111010
111101110000101000110111011010101011101010101011111001010111011110110101110010000110010101011000
010010001111111011010011111001111110110000001101100001100000110101111010101101001011001101110011
101111110011010001111000010100111100010101110000001101100000110101000011010000100000000001011110
110110001000100111110111001000101101110110111011001011000101110110011100001101000101000110101011
101011101010010000111000001010010111101001010111101001001001001110111101110000001010000011010000
001001110010010000010101110110101010000111010011110110111101100011101000110000101000000110001110
001011001101110110110101001001010111001010001110010110001001101011111110000111111000011110001110
111010001110110100101101111011100111101100110010000101001010111010101010101001000101100110110111
100111110001111100010110110110011001010111000010111101110010011010110010000101000100010111010111
110001000111010001100111011111000010111101111001000000000110010001101110110110010011010101110110
101001000000010101001010000010000111001010010110111011110010100101111111101010011111010011100011
001111001011000110111111101000010001000111100011101101000100110011000101100000111010001000111001
110100010100000101111010010111111010111110100010001011110111001110010011110001000111111010110000
110011111111100101000010011100101000011100010101110011001101000011110101100010001011010000000110
111101100111000010011110101111011011010001101011100011011011110100000011100011001011101100110100
101111101000001111111101110000110000000011111011110110110111110101100010100100011100001011111001
110111101000000011110110010111011010011011111101000110100000110111011111110110011101110001000111
101110101101001011100011101110000001010011001111100011000100111001011011000101000111000000001100
100011010011110001001010010110011000000001100110001110100000011111011111010110001001010010001100
011101011111100010001000011110101100000010011011001000001100010100010100000100001110010010110001
100100000110111011101110100101001111111000101101000010011000001001111111111111100011110110110111
101001000111001100111001101100110100100001011101000011100010100011000100110101100101100101011001
110100011000010100100101110011011110001110010111101111100011111111111011010001101000101111001011
000110101000101101101100111101001011110010111010110100111010000011010001010000111011110010001000
000111000110011110001001001100101100101100111111110000100011100000110000000010111000100010111101
001100001100111100101100001100101010011100000010101110010010011011111011001010000010101111000100
010110001001101000111000110110111001100100111011111011000100010101011011011001110010011110001110
010000101001101100001101110000011000110010110110111111111100011101010110110011110010000100000000
001001010100100101011000000101111101000100110011110011010110000011001100011110111101100001100101
011111100111111100101001010100001000000111110000000111100100111111001001110110010101001011000110
000000110010001001101010001010101001000000110100100101011001110101111000010100100011010011010010
010100000011100000111100011110110110111111111101000011111101110111000110100010101110000111100000
000100001101010110011001111110100101010011101100100111010101110010110001000001111011100101000101
011010100110111110010011100110010100111011000100111010000100101010001001001010000111100101000110
110000010011101110011001100001100001111010101110010101000100011010001011001001101001000101100010
111010001111101010011011110111001011000110100001001011100000101011111011111101101001000100001000
110111100110100001011110001000101011000100110000101101000001101000000111000010110110010101101111
111101001010110111111100001100010000100000110101011000110000110000011010110101001110010011111101
000001000110010001000001011101000010010000101011011010111110110010100010100100000111101000000000
011000111100111011111101001001010100010101010111100101101010000110001110010010011100110111100001
110100000111011001010100110100111011010000111001010010010101000110100010110111110101101001100111
110001011110000001011001111110101101011100001010101011000010111010100000100110110010000000001001
001100011100010110110000011000001110100001110100111111000101111010110010010010000000000001101001
101000101000001011110111011111010000001110101100010010001011010100100001001000101000000011100111
110100101011001001011011110110011100110100110111010110001000100110100001011100011010110100110111
111111111001111001101111101010111011100101100100011100101111010101101011000111000100100100101001
101011111010100101000110111110000111100000011010100001000011011101110111000110010110111110010111
000110100101000010001101010010010001100101011100111101111111101101010101001010111011100010000010
100000010011110100011001011011000010100000010011110101111100100111000001001010110111001000101110
110110101110100001001100011010011101001010001100000101000001101101100110100001000001010011100001
011110001100001110110111100001110101011101110111011011110110001010100110010101100100100111001001
111111111001101010001001010011111100110111100011000010111110110110100111110111001010000001100101
