110110010011100101111000010100111110111110000011111100110011001100010010101010110010001111010100
010011101110101110110000110100100100110110011110110100000010010111110111001111010011110011110101
011110001101010111000100001010110011000010000001111000011111000001101011000110101100101000000000
001110101101101100000011000101000100100001101110101110010000101110110010000001000010000110101001
110111100111010001000111110100011001010111001101101010111001100111101000100011110011100001001000
011111011111011011011110011100110011101101001110000011110101110110011100001010011110011110101111
000111110100000100100111101011000001110111011011110001010011101001100000100110010100111001101000
100111001101001101100011100110000000101110101110000110000100101110100101111000010101110000111000
100101011001101000100101100011111010101100011111001010110011010000110101101010000111000100100001
011100100100110110111111010001110010100101001000000001000010001000010010000001111000000100011111
001000011110101010010010011110001011011100110111010100100010001100110110110100001000110000110011
000101011010010111101111001011000110101010000001000111111011101110110011101101111011011100001001
000000110001101010010000011001000100111010100101110000010101101010001100100101000110111010111011
000011101111101101010010100010001011100100001100001100011110101110101010110010011000001101001110
010101010111010011001010100010111101011000101010110100010111001010000110001101000111100100100100
100101100000111011111010101110110001001111110111111001011010111011100111001001000111010011111010
111000111111100100011011001100011010010011101010010000111110111101101011100110010001000110001110
100011010111111110110110001101001111000011000011001001101111110010000001111100000101000100001101
011000100110011101010000100101111110000101101011111110100010100010101100100000001110001000100000
100010111111000000111101001001001000110010001001111001000011110110111001000001011101010000100110
110100110001000111011001100100111001000010010011110101000001000010000011111111111000101110001010
000000100100100110100101010010011100011100110010110111111111111110101011111100000111001100011011
000110010011101001101010000100011011110000101110110100110001110001100100101011111101010001100001
001101010110011010101100100100011110111100110010000011011100110010001011100001001010010110111011
110011111110011101010110000110101010011100010110110100000101110101011111011101010011010100110110
110100000101000110110000011110110111101100111011100100110110011000100011000000010011111100001010
000010011111111111000110011110101111101111011110010111011101101111000101111111000011101100101011
100000110110011110011110011000001111110110110011100101110101101100110110101001001011000111110111
000000000010100100011001110010100011011111101111101000010010101111000000100111001000001001011001
001000110001111011010010011011110000001100001011010101001000011111110011110000010011010111011011
100111010110111110000111001000100001000111000111001100100111001101111000100101101101101000100100
100000100000101000110001011011110000111010010000110110110010010100001001101011000001100010101001
100100111111101010111011101110100010000001101001100110001010000111101011000110100101101000100000
101010001110110101010000000011110111001111011101001101100010000110101101111100101101010001011001
011000011100011110010000111011001100100110110111010000100011110010110100110101101010010011101111
110000001100100111110110010000001111101001110000101000100000011000011001010011000110001011001010
101111101011010010110010010001010011111100101100011011001001101000111100100111000100100100101111
111100101110010011010101010001001001101001111000010110011001011101111101110010100101110001111011
100110100101111000110100100100101000110111011100110101101111110110101101011001010011110010100010
110000101111110100111100010100100111011100110100000101001011110101000000111101011001100000001001
011110111001111011011000100110010010100000000011000001000100010111100110000110100000111101111111
001001110110111111111100001101101001011010000001110000011011111111010110101011111101011011011100
111100101010011010001010110001101000001011010100110010111010101010010010100010110111000110111011
110100111110000010101101101100111110000000110011101000001001001000011111010100101001001110011001
011010011101011000010111110001101011111111000101111100111011111101101101110011011100100100111100
100011110110001000011011010101001000110000010101110010010011001011010011111110010001101101011111
011010010100001101110101000100010011001101100011011011110111101110011011011111000111100100000000
000010110010011010000011111010100101001100010000101011111100011000010000011000010001001000010001
110111101110110010001101100110101111000110110101110100011110111001010100110101010001011001011000
011110001011001111100011111010111100011001110000000110000001110001100100100100110111111110000000
111010101110001111110001010111111011010101001111100100000110000101011110101110110001001100010010
000110010100100001100000100110010101011001001111110110100111110011011100100000101111101010001011
000011011101001110000000010111111101110101011000111111110001100001100101010000101111011101010010
111100010111001000000100010111100010011110110001100100011111010000001101101001010101111110100111
000110110100101110110110001100100000110010101100000110011101100101110101101001111000111110010000
000101111110000011110101011110111110000000110001010001011111010111001100111110110100100011100111
110100111110100000101011010010110010000111011010100111110000111000010101100111101100110101010100
101111000110010100110010111010100100111110101001100001100111101000000101110010100110011111100011
100111100000001100010111111011110101100001011001111101101011011101101100001000001011110101110110
100000111100101001010110001011010011000010001100111010100111000110000010110110000111100000111111
011001011111011101111011110001101010100100110101110001101010101011011100110110001111001110100010
101111100100110010000001000100110100010000101011001100111010101010011100110100100101000111101011
110000000110001010100010000010001001101100011000101100011001101101001101001001011100011111110000
011001010010111111110001000001101010000111000010011010111110111010101110110111000111011011111101
101011010111011100101101111111000110011110111011010110111101100000110010011100110111010000001011
001001000000100101010110101011000000000011110101111101000011101000100010101010101011011111111000
100100001111001000110101011001010000010111111101110011001110000111111001111111011100101001100010
000101111001010000010010000110111111011100001001010110010110101000110110010010010100101110110110
010011011010110000101010110100001001001011110010011000000000110111010101110001111010100001000111
000010010001010010001100011100000101101111001011110101011001010000000011010101100101100100110110
000110100011110011000101010001100101110101000100011101111101110010100010100001101100001010011010
110001110000010100110101100101010101110100111111000101000011100101100100111000010101111100100110
011011011010101001111010100001010100101000111110101101110100001010001000110111000100111011000010
000101001010001000100010111001110100111101110000100100000001010010110010000101011111111111001100
000111001010111111101100000110101110110001101000010100001100000101100110111100110010010000001011
100010110111100010101001100110001101000110110100000100101101100010110101000001100101011100111100
001011011111100011000101010001111000011001110100000010001101001010100101110001101000010011001111
110100011000100100010001111101000101010101110110000100101110010100000101111010010101001110011111
010011110000000011000010010100111101101011011011111101000001100111111111110011001010111011100010
100010000100000011011000010011100110000001011010110110011110101010000100011101011110111111001011
001000000110011000001010100010010110000011111011111111100010000111011000110101010011111001011101
000000001000001000100111110001011001010010000011101100100000111111110110011111011111101101111001
111110111001000110110000101000010111000010000110111011101010101111001111011110001001010011100011
000001100101000101101010010111101111001011110111101000000111100110000111010111011001110110110110
001000000111110001011001001010101111010000110010100111010101100110010100011000011010000110000010
011000011101111001010001001000001110101001100101101011100010010011011100101100011011100000000010
001110001001101000111011101000010110000001110010101001001000001101010111101001100111000100000001
110100101111010111011101011111111000111101000110100101111000000000010011100011000111101111110111
010011000010000000100110111100101000010001010101000100001111011011110111000010111001101010011010
111001001011001001100110110011001100100100100011001100001001000010000110111010011000111010000001
101011111001000011101110010010001111110010101110001110000011110100000100110010110101000011011011
011010001111001001000001001100110110111101000011001100010111010100111111001110101111000011110000
010101010100110000011010111000000001111011110101100111011101111100101000011101011011111010000001
000100011011111100011100111110000101101101011001010010100001000011110101110101100000110001100000
010100101111001100011010100011001100101100001001100100100101011101101010010010010110110011001100
000000010010101010010011100010000000111101100011111011110010111110101000100111010110011000100100
000001010001110010010000111000000011000011100110011011101011000100101011001111000000110001010001
000010101010111001011110011100100011110101110011010101111010010111101101110011000000100111001101
111100010111011011010000001001110100000001100100001100010111100010100111110001111010000011100010
000111100000010111111001010110011101000100011101110010101000101100011110011000111100001110011101
001011010101111100001001100100011110100011100100100000010000011001110111111111011010100100101110
000101110010111100000100110111011110000010100110001111010000110111001001110100111100110111110010
100101100000111110100000100111011001000010110010110000011011011110000111000000100000100011100101
010100001011100000100111000100111011111000111111111001000001101100111011010000010111011110100111
101101101000001010001011110101100100101010111100000100010100101110010010110000101111111000001100
110011110010111001010010010101001110100000000000000001010011001110110011010001010001100100001100
010001110101001100000110100110100101100100110111110000110101000011100111111011100010001101100100
011010010110001000101100010110001100111011001010011110011110001010110111001101100101111011010000
110011100001011010100001100010000100110110101111111000101001000001100111101001111010101000001011
110011110011010011000000111100101100001110110000000001100011101101010001101011100101001111111110
110010011001010000000011011110010101101111110100111011011011111111100100001010010001100010110001
110001110111000001100111010100110010000011000110101010011010011111001000101000100001100011101100
111101001111100001010010110010010011011101111101101111111101111111100100100101011011011011101100
100100111001111110111011000011000010011100110111011101100000101111010111110110011110001111111111
010001100000010100011110100011011011111011000101100111101110000100001110110111100111010000100100
100100010010011101100110111110011011011001001000110000111011111011100101000000011010110001111110
010101001011011010011110110101110111100010000000000011111010110011111111001000011000000011100110
100111011111001101010000011100001011100001101101101100010110000110110111001010100011111000000101
000110010111111101111111000101100100011001001110000011101111111111100101000011100110010010100000
010001111000010011011110100110100000100000100100100011111001000011100110010001111010000100011000
110101011011100001011111011110100011100100111101001000010101010000100010010111100111110010010001
001010101110001001100110010111010010011000011001111000110000010100010011111000110110101000010101
111111110001111110000001010010110101011000000011000100100000100110100111101010011101010110011111
010110101011110100101110101000100011001010111011101010001110000100000000011011101100010010001100
010110011010110011111111101100110100010000110000000010101111101101000000101110100100111010111101
010000011110010100010000010010010011101111011011011011000001010110000010001100011000011000001111
011010000011100000001101101010110111000001100010000000000101000000111001100111001100111000000000
100111010010000011001100001010110100010100000011101100000110010010001000110001001111111011101101
111000110010001111001100111110101101001011000010000110100001010010001111111110000001000010001010
010011111111001110110100111011010010011000011110101001011010011101000110010000001001101100110001
010101011101110010010000110100010011001000100000010001110010101011000110001011011010110000000011
111101001111110111110001011101010110011111000001001100001100000010010101001101101011110100000110
001111001010100010011010010000001100101101010100010010111011011010101011101001010100010010100100
010101100111000001010110101110010000001110010110011100101011000001100100011011000110010011110001
011110111110001001010001001010010000011110001001000101101001101111011111000001111101110101100101
001101010100111100001010110010100010001110111011110101011110111010000111101001010000111101110001
110110110010001101001010100010100101110110000101010100101011110110110001011101111101100000001011
011001011001010001010100110101111011011001010111011111111110010100100111001101000110000110101010
001100000010101111100011000111011001010111101001111111100001110110101111011100010100000100010011
101010010101100110110000001001000101101111110000111000010111011101000000010111111001100011101101
110100011110101010100010101101111111010001011011101010111100000010011001110101000000011011111001
011101001001100000001010000011111000000001010000101000010101000011110111000111011001000111011001
011000111010001110101100000111101001010100010011100100011100101110001011001111110100101100010001
011110010010000011110101001000110110110011100011010100000010111011000011100011010000101001110011
000000110100100111011101000111101011011010100010010000001000011010000111110011000100100001100001
001101101011100001100001110111001100110001100101011011011100100001101000001001111110111011010110
010010110010010101010001110110000000000110110001000010111111100011110101110100001101001001011010
001111000000000010110100000101011100110000001110110101000101001001011000111001011001111100111110
010110111110100111111010001101001010100000010000001011001101001101011101100110110011100011000100
011011101000111110100011101101110100010000110111101110100111010010011010010000100001010000110101
101011011110101010011110011101001001011010011111111111011000101100110111010111010111111011001001
110000010010100001000101101111101100101111100001001001111001001111111010001001110101101010101101
101100101111001010011000110110000001001000010100110001000011000010000010111011011011001101100001
111001100011001001011001010001001000111101000011000100100001001011001110100001001111000111101110
011010001001010110101100010110111100011100001101001011010000010110011010000110101101110010111011
001000100111111000110000000100001010011100000011110100011011110011010110010101111110000110110001
001100100111101011000111010110101010110110000010011101001100110111011110001000100010011100111100
001011000001111000101110101100011010100111100101111010110100101000111000010110001010011110000000
111101100000100000110111110011101010001010101011010010011100111100111110001110110001100000100011
111101011000101101100010011011010000110101101101100111110111101111110011000000110001010001010001
100111110001011001101000001111101000100010000000001110001000001000100011000110100100101001111100
110011111011111001011001010010010111110111010011010100001101100111111001010100010110110101001101
000111100000100101111000100010011010100100010100000010010011101110100001101101100100110000011001
101010010011010110111000111000000001111011110000100101010000100110001101001110111011011110001001
100110100111011010001011010000100001011100011100111111000110000111100011010101110011101010111100
101011000010001001010000101001110101100111110000010101000110011011000111101110110000101000000111
010111110001111000000110010111001001111000011110100100011101111110100111001111000010101110111111
111010011110101111000110011111100001010101001111011011011101101100101110011000000001110101111010
011111001101000100100101001110110011101111101000010000110100101100011001110000100011010101001010
110111100110101100010000000011000101110101001101101010101101011001111000010010011010010011011100
111001011111110111011110111011110111110111001111010111110101010110101101001100010011010001000011
010011101000100011001011111111001100011000000000100010000111010000111111010001000110001100011011
011111100001100110011101011110011100010111111010000011100010100011011110101100001011111011111111
101011100101101100000001100001010111001110100001011111001000011010010111100110001001101010111001
011011100001011100010000011000101011000000100111001000000001010100101110110110111101000000100010
001110110100100111110111111010001110000101011000111000000110011101110110110110000011111111001111
111101100100000011100100100101111111100001000111110000010110001010101101011011011010010110110111
110110010110010100011101001101001110110111101100011001110100000100010100010001111000011111100001
110110001001100001100100011001100011101101011011000001010111011011110001000101001001100111000000
010111000010111101101010101001111000011011111000101001101011101111101101011110110110101100000010
110111001101010011010110011010000000010111101110010101101000100100000111100110001001101010100111
110001011101100010110000000001110110101010111001010101011111100010110000111100100101100100000010
100011111111010100110100100101101000100011100001000110100101001100101001101110001100001010001010
001110001000111001111000110001001110001110000001011000100011001111011111110101000110110101111101
100101101001100000111011000001011011010110110110110100110001110001011001000001011101010101011101
011110011110010101011110100001001101010101011110000111010101100101001111111011010000111011110001
000000111110110101010010100000000001101000010111000101101000110101000100011110010000001111000011
100100010010100000110001110100010100111010100111100010100111100111101111010111100100011110100010
111010010100010011101001111100001100001101110101110111010000001101011001000101100011100000110011
011100011110000100100101001110010100100101111110100000011111100111011101111000111111010100001101
010111111000110100111000111111001100011110101101110111110010010111001000101000001000100101000000
111000111111101110001011001010011011111111010111101101011110010001011101100010000100011111101101
011011110011110001011110111111000001001001011000001100111010011100001000010010110110001111100100
010000100111001000010101111101001111110100101010101110101100100001111111001111011101001100101101
110110101010001110110010101011010011110001111011001000110110111101100010100101010001001000100100
000000100000111100001001000101011010101011000001101011011110001111101011101111110101100000001011
110011001110111100010110010001000010001111110010011110000101010111011010000011100001110010000111
101101111010000010010001000010101111101101101110010000111100110010111101001001100010011111100001
110001001000011000001101011101010011010011011110111011011101010111001100011101011110111101100101
001011110011000001101100110001111101011000010010001000111001011010000000100001001001100011110011
001001111110100100011111100101111000111010010011100011001001100011000001001100101100000011010100
000110111010100010001101110001110001101010101000110100011001000001001000111000010110101011101001
110110100001110111111010101110001111101111100110001000010000000000000110100110011001111010011101
111010111101100000001001011001001111010101010100011100010010011001010101110111011001011101101100
110110000110110111011011110111000001110101011110011000101011110111000100000100010100001010100000
011000110111010110110110010111000111001110011011101000100010000011011100100100001010001110111101
011010101101000000011010001010110110011011011001101101010001100101000100110011111001101111010111
110110111101111001111101101010111011001010001110011000010000011000101111101100010111011010100101
111101011100111111000101000010010101110000001001100010110010111110000011110011000110111101100101
110011110010000100010010001101110011111101000011100111001100110100001100110001101011111100010111
010000011110000110110101010001010100011111111101000101111000111100111101001100100011001110101000
100100010100100011111000111000100110000110011011000101011010011100011001000111100001011011111010
010011011110111000111000000101010011101011001110111001011010111010101000000111110001001011100010
111010001000111001110101001101110101001001110011100101111000111100110111010000000011100000100100
111101000100111110011111110000010001001010001011110100110000011000110110010100110001001010111111
100100110001010100110000100100111110111101001000001111000111000110100101110001111000011010001001
011011000100110111110001001010100100000101001101110010100111101010011101000011101011101110001111
000101000000110000110001100111100000011101110110111000111101000111111000000100100100000101100001
010100011110000011110110000100001010100100000110100000101010000010011111100010010101101000110000
111000111110101111100010100110101110111111010111101011110011000010100010010101100001011111101010
010000000010000111101011110011010100110011011100111101110101110000111010010101010110111011010001
001001011000111001010011000011000000010001011001001110000110001001010000101110000100100010101101
101000011001101100001111001101011111110000110001001011000001010000000100111000110111111110000111
100000110000000111011101011101101011010101001101101000101110000110110100110110101011011101110110
010000100101001011111110100001110011101100011110110011101100010101000001010101011111100010001111
000001010000110010111101001011011010011000001111010011111110111101111001111110001001100100101011
011110111011110101010100110110110111000010010100110110011011010110110111011100010110100001101101
000101111001000000010011101001101001100111100100011001000000000001010110110010010100000000101011
010010011011111111001101111111011100011111111000000011111011110111110100000101101111101111010111
101001111000101001001001110110000000100110011101001010100111100111100001011000100001110101111101
010010010111101100100110010111011001011111111010010010101001001110001101100001110001100100011110
100111000100000000000001100110111110111011101011000010000010010000100011011100001101000000110110
000100001111100111111010101010100011111001011100100001001010110110101101100100000001010011000101
001111111000100110000111010001000010000111011100000100001011010101011001100110010111101111010110
110001010010111111001010111111101011100001100101111110010110010101011101011111100100001011101000
010010110000110110100010001001010101000001100111000100100010111000011001110000100111100101000110
100101011100110101101110100000010111011111011110001101011101111101001000001111000001010111100100
110001000000111000110010111101000011101011110111111000010010010001000010011000111110001011100010
101101011101001010111001000101100111001011011000111001111001010100000001100010001110010100111110
111011001011111110001110101111001100000110010011100111011001101010101100110000000110100110111111
000011111001010101000000001010000010001011010001110001000101101101000101111111010101100001100001
011110000000001101011000001010100001101001011100010101001110100111001111100100101110101001001010
001101001110010000011001011110000100101111000111111010001111101011010101111001011101010110001110
010101001111010111101010011111001010110000100010011011001110111001101110100110111111011101001101
110001001100011000010000110000001110101101011111100000101111111101001011010100000010111001001111
001101100111000011101100011000101110100100011010101001101011111101111001010100001011001100110110
110000011000011110000011010000101000110110011110110110010000000101111110101000101001111000001100
110000010000110110001010101000011101111010111001101110011000010110000100100110001011000010010101
001011000011100010110001101101111001101010101000111010100011110010111010110111011100011101011000
001000001010010110111000101000110110011100011100000000100011101010111100101011100100000000111111
101101101000101011001101011010100111011001001110111100110001110111011011101000101011101000110111
000010001110010110111000011001100010100010010010110110011010110101011100100010000110010100101101
101010100101001010010101011011011111010111000001000001011001100000010000011111011110000110010011
000000100000010011000000001000000011001111011000100011110000101111001101110011011101110000011011
100011111000101111110100100100111101101101001000001011000001100001001000000101110100111111001111
110010100101001110011001011011010100000110001110011110101111111000100010011111010111100100110101
011011100110110101011101011010001011001101111100110101011101010100111110000010001101000111110101
011111101111010000110011000101100110000001000110101000001110011111011101100011100101100001001000
100001011010110111101111000100011111011100110001011000001110010100011001101000011110111001111111
001001000011011101000000101010001110101100111101111000110100011110100001000001100110111110001111
010001101111111001011011111010111101110000000101010111001010110111110101110100100111101011101000
011110111001011010001100011001101001110010000011110111001101001101011000111011010101001001101111
111011001001101001010100001001011000110000011001111000100101001110110001100110000101000111010010
110010000100111001110101110001010111110101010111000011010000010111111100101110001010000000000110
111101010011001001011001001110000011100100011101010000011000100101000111011011001101011101001001
001101000100101100111101010001000001000011011000101110101101000111111010101000011101010001110100
000101101110100001011001110001111111101010100011000001110010001110100100110000100011000100100111
010111100111010000000011001000000000000100000001011010110100000100010001001110011111110111101010
010000010011011101110000110011110011011000011111100101101110011111110001001000001011011100010001
111110101101100111100110001101000000100000000010001011110011010001110000110010100000010011100110
001010101100100110100000010100000010001100111100000001000011001110110001111001100001011001001001
101010000111100100110001010110000000100111110010000100011100101101110001101011110111000010111010
111011001011010001111111111001010010110110111010010101111110001100000000001100000111001000001010
111101111000010101000101110110010110010100111010010001110101101011110000100011100011100110010111
111011110100001101010110011010111101010000111100111001111110010000110011010011001111001100100000
010100101010001001111101010101100101101110100000110001100001001101010101000110100110110010100111
000110100001100100101001000000001101001111010001111101011110010100111101000000001000100110000100
001011101001110100001111001011000010000011100011110001100011001011000100110011001001101010111110
111011110111010000001001110111110001000111001110001000000010111001100101100100110100100101011010
010101101010110100010010100101000010010010000011001001110001000000000110001110100000101110011000
101001011100001000011011101110001100110001000111001110001101001000011101000101010110110010010000
010111110101011010110010000011110011000010101110110000110111101011001011110000100010110010011100
011011011111101010001100000001111110011001000100101011110010101010110101100001101000000010110101
101101110110111111101010110101110101111010100011001010001010010001011010101000010101011100111011
111110001101110110011010001001101111000010000101010111100110000010010111000100100001010001010010
100111001110000111110100000100010100100100010010011000000101110111010101000101001000011001110101
100000100100110001001100010100101001001100110000001010110110010111001000000011000000100000000001
111111011011001101010101010100111011100011111101001001010101010101101001000001100110000011001110
111100100101011101101110000000010111110011111101100110110101100010010100100000001100011011011110
101111000110011010101100000010001001000000000100110111001010010100011000101001011111110100111110
101010110011011101001010010000110100111011011100010010100000101111100101011111001100100011011111
100111110111101011001000100000111110010110000001011011100110100010011110000001100101011001011010
101010100011010110000001011101000000101001101010100111111110100000101111011101010100010101011111
001011010010011100010001111110000100100010110010011111010111001110001110011100010001100111010010
000100101101011011000011100000101100001101000100110100110001001000110100110000100110110100010011
100100001000111111101101011000101100111101001100010101101001110111110011011111101010100001110011
011000001011110100000100100010000011111101101101011000000011000011000010010010011101000110110100
001100111111010000100110001111111101111000100100010010011001000000110001101010011011111101010101
000111111111011011110111001100001100000000110111100010101001100000111001000101000010010000011000
110110100100100001101111000111001110001011110011011001001011100100011011001010110001001010011011
