110110000010101111011001011000100001000101000001101000010011111100101011011010101001011110010000
101010100000000101111000010100000011010110010110111001001101000110000110000001110011010100001010
100010100011000000111000000010011111010000111001010111011010001110001111111100100000000010110011
011011110100101101101110110111101001110101001101000111101110000001101000101010110011000000111110
101001001001011001011001000100101001101111000001001110010111110011001101110101000100001101100100
110011100110010111111001001010110110100101101111111100101011111001111000111101100111101111001000
111000001101111100011111111111001100010001101100000011110110001110101001011101110001001001010010
011001101100111111101101101110101011100101011001001100000101100001111011101100011111100000001101
011001000110001110100101001100101101111110101001110000000010001110000100011110110001001011000100
111010011111001100110100111101111000011100100100010100110101010100011111001001000001001101000100
110111100110000111111110100000101101100000001011111001110111111101111100011001100110100010100000
100010011011010011101111100001011111010101100001011111100010001010010111110110001101001101011101
011001111011100100101101001000000101100010101100011111011001110111010000011100010101000100111110
100111100001110000100011111011111001111010011101101011110110111110111010111110011010101010100110
010101111100001011011010000110011001010100000010000000010000011010010000001001101101111110010110
111110010111010110100000101111001100100010010100101011000101010010011010011011000110100010110000
111010100001100001111110110000100101110101111111100101111101011010111011110001100100010000011000
001111111110111001000111101000010100001110001100001011000010100101100000010100001010111010100101
001010101000100111100110110111001011011111100011101011101011001001101100110000001011110011010101
110101001000100101110110011111101110001101000111111100001011101100011100100100100001000011101000
111111100011001001111100101111101111001010101011000001101100011100011010100000011110001010100100
000111111011111010010100110010011011111100101010101100101111110011111001001000101110000010111101
111010011101111100001111100111111101000101110100000011011001000010100011000111110011010000110011
011000101110111000101101010111100100000101000011011100100010101110110010010110100011010011000110
110010010100100111011000110001101111010000110001010110101011011100110011111000101101111110010010
011111001010011000001011110011100000101000110001111001001000010111010001000110011001000110001000
001010110011011111011101101001010000101010111001111000010110101110111011011010111100110111101000
010111001001001101000010000100010001001010011011001000010111001111111000100011101110000010011101
110101011111001111101011100000011101110011111000000101010000011111111001011001011110010101011001
110010010001001000011111011011011100101010001010011010100111101111001000100110000101011111100011
000110011101000101010101010000001010111001011101000100110011001011100000000100011011001100001010
011101000011010010110110011001101110011111100011001000001011110010010010000100101111110101111011
111111000101101000001111101101010101000110011010001011110100101011011111100000001000111101001111
010100111111100110101111011010111101101101010000011011101000010101001001110100111000011111101100
010011101001101011000001110011011111101010110000011011011111011011011101101001101000110100011010
011001101010000010111111100000000011011111111111111111001011001000110001111100011000111010111010
010010111111110110110010010000100011111011000001010001000101101110011111100101111110100000011011
100101100010000100100100010000011110011001000010000101101000100100100010100011001000010100110101
110010010100000110101011111010011101000001110101100001001010100101101001011010100100011110010100
010000010001111101011010011001110111101101000011011101110111110111100110111100000111101101011100
010000001000111000101101001110000101111000111100111110000010011011101101010011100010100111101001
111011100110010010010001000111011000110111000111100100010111101110011000010101011111101010011001
100011110000001001111100010001001101100101010101001001100110101110000101111001000100001111110010
011010100100111010101000001110100110100011011001001001011001001110110100011111111101010101001100
001011111000010010110101100001011101010101111110011001111011101010101001110111000110110001101110
111000000001110000101101110010100110001100101101011111110000111011110100100010010001011100010011
000010110001010101101100010010100010011010100001111010001000100010001000001100110010110101100001
011111010101000010010000111101100111010010100010110111100110101000100100110111000010000011011100
101010110101011001000000011001111101101000011011111100000111001101001001011011101101110011001111
011001101010100010111110010111010000100001101110000100101101110010010010001111000010000101101001
100011001111001100111010000100010100101010100010001110101111111000101011011010011110101011011111
011011000011101000101101000001111010101001001100101101101010101100110001111110111000100111101000
111000010000111010101011000011001101000100010111001100000000001000101101111001100001001011111101
111110010111000001011011010000100011111011000101011010101000000111101011000100000000011100011010
101011100101010100011011101101101001100011110100111101111101111010010011100100101110100011111011
101010010111010110101110001011001101010100101010010111101001001000000010111001010100111111000010
010000001111110001100001101010110101001110000111101011111111101111001001000000100110010110111001
000010101010000100110100011100101000110101010100010000001011110110101011110111011111100001001010
010110010100001100111010011011010101101011100011001111111110111100011001000001100110111011100000
001001101010101010001110111100001000110011111011111010010011010001010101000010100001100110101100
001100101010011010011010001100001100011111101110010011000010101101110100111000111010010101111000
010111110011101110010001100010001000100100001101001100001101010111001101111111110101111000001111
111110111011100011110100001000010110010010101010000100101111001100110000011011010101001110000000
011010011000010001100010001000100101101001000000100101101000000111000111001111010010110010100100
001100100011110000000011110001010010001001100000011000111010011001010010000100101010111111010101
001011011100000001110001111111000010011011010001110010100110100010110111100101000010100000011000
000000001110110101111111101011001100100010101101000101101010010011000001110110010001000110001001
100011100100101000110000010110000000010110111111001001110011001000010001100000111000000100111000
011011001111110100011101101010001001101110011000100100101101101001110000010001001010111100010011
011110101101000100111100100010000101001101111100000101001001000000111001001110110001000011111101
110010111011011001011100100110001010100000011101010000001101011111100000110101111001110011001100
011010110011000101010001001101100110011110101110011010001000001111100011110110111100011010111000
011100111100101101010111000001000101010000111011110000001010100010100010001011001101111111110000
111011000100101010010100100110100111000100010010111001001001000000110100101000010011100111111010
101110101101011000111010011101000000111101111000101100111001110001011111111100011101000010010110
000110101110011011011011011101110000110001100001111001011100001110101001100111110101001101001100
011010001111001011011001011111111110101101110111101001011000000111011011000110101100100010100010
110001110010001101000000001110011000001101111101000111011111011001000000010000101101111010111101
001111001111010110100101000111011010100001000101111001101010000011111010101001001101000000001001
010001100000111001110001100011101000100101101101010100101110011101001111100100110010101101001011
001011001010001010111001110010000101000010100001001100001110111011000001011110111000000010101101
011101000111000111101110111010011111110011011011010111011101001011010101101101000110010011000100
100010110101010011110100010000001101111010100110111010011010111111001100010100010101111000110001
100100001100010101101100111001010010101111011000010000110100110110111010110110110011100100010001
101101001010111001101001101111011101101110001011110100010110001101100010100101010111111100101100
001100101001100100000001110010010100010011011101101101101001001010111110111001010111100000100010
111101110010111101101101001001000001001101000100110000101001111010011010001011111101111011110110
001101010111111101010000001111000111001100100010111010101000111100110111110110001101101010110100
110011000011001111110101010011101100011110001100100011000000100111100000111111010110100000000100
011001001110001010110101001011100001011110000001110001010101100101001100111010110001110001101010
110010000001100001010001111010111101001111100100011100011111001111001101101101000001001001101000
100011100000011100111001010000100110100100100100100100010111000110110101111101111100101101011101
010111100100001011111101011100000011011101000011010110001101000001110010011111110100100101100010
101101011101000000001001111010011111000101001011010011101111101100110100010001010101111101110111
111101011001100001100100000010000111011111001000101001011110101011011000111111000100110100000101
100000111100101110111011100010110101010110000111101100110110111111111000001001111001100101111011
110010000011100111110011011010001111110111011010100101101101111010111000110101010101101111101010
100100101010100011011110111011100100111111101000001001100110011000001100101110110011001011010000
101101011011011010000001010101010000001101100101111001111100100101010111101000000111111001100111
110111110110100111101101001110011011101010011001100101000101000100110101101101101010010111010111
000101011011011001100000111001001001111111011111001110101000010010101111000010011000101101110111
101010011110110001010000010110110110111001101111101100010101100000110101111100110100011001001011
101011101111001111011101000010100111111110111100111110011010000001101010101000100110110011110011
111010111100011111100000011010111011111011001011000010001010000011010001101010100011011011110001
101100101101011110011011110001001100100110101010101000100011000001011001010110110111111110000100
000100001010001011100001111000000100001010001010011000110110100001110011101010100000001111111100
001100011001010101001001010100010001111111100010111101111001010101100011111111111100011010110010
001010011100110011001100110010111011010111011000101111010000111111111011101001101010110000111000
101000001110001011101010111110001010001011010010111011010101100001110100100100110010110010001001
111110011001000001010110110000111110011101000000011011111110101000000111000110110111010110011010
001011010101000100110101011111101111110110001100101011010100010001011100010111001001100001110001
100100111001101000011000110111011110011001100111110100010100100110111011010111111101001010010111
100101110111110010100100000011101001110000010111000001101000100001101111110011110010101111111011
001011010101010010101011010011111110100000100011100000110010001111010100101100011100001010000100
010011011100011110011000001000001000010000011100000110111011100100011111100110101110111110001001
101110010101010110000101001010010001111100100100010010111101010100100010110011111111100111100101
000000110010010110111111100110110111111011100100000101110111100111101100110011000100011010011010
000001101001111000000110110000100110100000110000101101000110110011111101010011111010001010111000
000111000111000100100011001000000001100110111100001101111011101111000100010000111110000111000100
001111101011001011110011101011001100101001000010011100110010111000000010011101110000101001101000
001000000001010011011110001011011010000100000110100011110100100011110000001010001111110101000010
000100001011101101110101010000101110100001101111100010000010110011101100010101010111101001000000
110000111011011100011100101101111001111100110000111100111100100001001100110010110110011010010001
000000110110001101111100001000110110001111101100010010011101110000100101001001010000110011011001
011111001000011101100011000011110010011111101000011001011000011110100001110110001011111011010010
100001110000110001010101101011011101110100011101011100101011110110110110001101100001101110011100
010100010011000111100100100010110010010110101001001000101000101000101000001000111000110001111110
111000010111111010110110111010010110010111101110111001011101100100101010100011001101010111011001
001100011111111100111100100011111011110011011110001010011110110111111001011110010010101010000110
001101001101111111010010001001111100010010001101111000000001100001101110111010010010111010110011
000000010000100011010011011001111001011111000101010000101000001110011100011101001011110111100000
011010010100111101100110100100110011010011101000100111000000001000100100011011000111100001010010
001000001001111010000010110010010111101001001010011000011100110000111001010101100111010100001101
101000001110101001011011100111011110001000100000010000111011011111000011000100101101011110100101
011000101101101011001110000111101100011110100101110110110101000111001001010101011100000001011100
010111101111110100011111000111010000101001011000110101010111011010001111011110010010101101111111
011111001011101001001100101110001011011000101110000010101000101001100100010100100100000110110000
111011110111100100001100001101000010111100110100101100100111111001010001011011011001111101000010
001000110001010100110101010100110010010111000101101001000111011111010011110001000001111010000101
100111001110110111100100101010100010001001010111000010011111111101100001000101000100100011100001
110010101000000010111000001110100101111001101001100111111000110011100111000100101001000111001010
001000000011011110011000011001010000010111001010100101110100111010111011110100000110001100100111
101000101110010101011000110100000100001110010011101010111011010001011101010101100010110110111000
011001101110101011100110001010110010111101000011010110110011110010111110011110010100010111111010
111110001001001000111000011101011010111010111001100100011110011010001001101000010011000001011011
010101100001011110010111110001010100111101111000010101101001110110100110000000010101001001110001
001000110100010101101010110010111111100001111101011000110100001110101001101100101000011101101111
011000011110010000101010111110000110110100011010010011101101111000011110110010010001110001001111
101011011110110000011100100001001111001011100101100000101101011111000101011101000110111000001011
100101111010100001100011110010011000000011011110111110001100111110001011001001110100001001011110
001000111011000010011010101101110010111000001001011010111100010010111111011000001110011011000001
000000010010111011101111010100100010111110001110001000001110000010001011011101000000010100100000
100001000000011011101101111111100011100000000010001001111010110000001111011100101110010011011001
110101010101010100001111101011111010011001111000101001010001110001001111100001110101010101011101
010110010010011101010000110110110001011011010011011110010100110111000011110001010001001101100111
101111100100001111111010001011011110111011000100100100100111111101101110011100100010000111110101
110100011111011011100100011001010001101101011000111000111110010010011110010110111101000010011101
100101101011111101111101110011000100110000011000011111011011011100100000000001001010101011101111
100100101111010001100011010110100011110000111100101111101100001010101010011111100100000011110101
001110111000011000010011100110101110011101111100010111100110111001110011000110111111001111100010
011111010000011101111000011000001111111111111101101111111100010001100000011101010010001111101101
010010001001010111110101011000001101000110111000111100110000000100010011001000111101000101000110
011101001000101010111000011001110111011111111100000111000100101001101011100100010111000011010101
011100100000110011011011011111101111100001010100110110111111010001101010100010101011000000011101
100100110001011011100001101101100011010011111110011001100101010010111101110010111010010101111111
011111011000111011100011100101001111100101101000110100010010001010110110100101110010000010100111
010110011110111101101010000110101110001000111110110101110010100110101000111110001000011001110111
000111101011011111110001111011100110100110111010011000101011111111011010111011010001011111011010
111100110110110001000111011101001001101101010110101110110011001011000011111101001010011011011001
111101000001010110001011110110111101111001011000110001011010110101100111100000000000111101000010
111011000111111111001011111000100010011101010010000010010001110001111111111010011110110010010001
001001111101000100111010101110000111110000100111111000111101011111110000011110100110000001100110
010011010010001110010101010110011010101100000000101110110101000010100010110000000110111011010011
011011000111001001010000001111010011011011010010110010101001000000100100011101001010010110001010
011100101111111111111001011011001111110110010011111011011010010010111111111011001111011100000101
000010000010000100010101101101101111101101000111100110110000100101010011110011110001001100101010
110011000001010110101101010001101001100010111100101011010011011111010011101001001111100100001101
001010101101100100011011000010100010100000000111100000001111011101001101001010100000111001100111
110111001010001001100101001000001100101011100001011011101000011101100011110001111100101100110000
111001111011111111110110001010110010001001000011000001010001011110010110010011000010011010011001
001001001100010010101010000001010100011010001101011000011101001011010111111011011010011010101011
100000111100001101101010010100001100001001111000000001011000001100011111110110100010000100011000
000001110001100011101101001001001111111000011000001000100001100110111100000001010000001001011110
000111111000001010110111010111110000001011010110011011010100011100011110110101010011111100011100
001110010011110010100110000100100111111011000011111000100001110100010000000011111110101011101100
011000001110101000011001111101010100110010100010000001110101010011001101101010110111101110111000
100010111000011100010001010001100000101000001100010110010001110111000101010001110110011110011111
000100000000110000100100011001100001000010001011100001011001101100100001101001000101101011000100
001001101000010001010011010101111101000011001100110010011000010110001111100010111001010110001110
101010100010010001001011101110100001111000011110000110011000111001101111101000110100101000111101
001111000111010010100010101101100001011010110001000100110000011111100001010000001011110000101010
011010010011000010110100001110000101100110000011000000101111010010111000111011111000010100001101
011111111100101111010011110101010111001101000011010110000101110111111100011000111101001011111000
101011110110011101101111101100101011000001010110000100011001111110110101011000011100010100111100
101000110011110111111001001000111010100001101111001111100011000101011100000100100101110110001110
000000110101101110110001011001000100100011011110110110011111000100111101000100111111001110010100
010011000000001100010101010011010000000001010110110001010110000110101110111111011100110111001001
001010010011010011101011100001001111101100100110111001100011100011010011001010000100110000111101
010111001111000000010001111001001010110101000100110101101011110000110000000110011010101101011110
111100001001100011010110011110000001100010000001010110101001100001000110111100010101100101011011
101010001000111010101010100110101000011001110010110001010010010100010010010000111110100011001010
010001101101001000011000000000010100001111100010011111011010100111000010100110110110000110111001
111101010100011001101000110101000100111010011001110111111100101001001100101000111111010010100000
100011011110011001000110100010000100111011001011000011110001100000010111111111100110110010100001
111100110101101101111001101001001100100100110011100000011101010110001000011110100101110000110010
000110010100010110001100111010100110001010001110001000100001110101110101100101100101100101100001
111111100010110000000000001111000101001101000110110110101101111101010001011111111001011000011000
000001011000010000111111110001100101010111001111111010000010000101000100100101100100110110100000
010111000011110001011011000100011010011011011000101100110101011000011101111101101011111000010101
011100100110001101111110101010100000100011001000111000100110110101011011101110111111000110100000
110011010010100101000010011110101100001100010000111110110001110001000101111001000010001111001000
011101000010101110100100010011001100111100101100100011011000111001101010001111110001100001110110
011000111111001111000001100110011100101010101011010110011011001001100111000011110000010011100111
001000101101001100100101110010101010011100000101001110010110111111100010000110111011010111010100
011011010000000110001110011100111110001110101110011110111111010101010001010110111001000111101101
111011011100110111001011110001001001001011001110011110001101101001110111010110011001010000110001
111001000001101001100010000001010101010110101110100110000000100011010101101110110011111111101010
010010010111011011001000100111011000100100101110100000011011111001000111111111111011100100111001
001111110001010010111100111100000011100001000011001111001010100111011111110000001101101111001001
010010011100010110101011010011011001001010110101010111010001010100110101111100100001101101111011
100100001010001100011101001101000111001110001011111110101001000100100101011001000101000100011011
001011101000111010101001101011100011001001110100101100011100000011110110101010000010010001100010
010111100110101000101111111111110010110011110101010110011010111001010100101011011100011011101110
010111110101001111100100001000100011010110010011100011011001000101110110001101100011011110011011
000000000001101101010101011010011010011010001000001101111101010111100011110010111010111101000000
011101100010101111100111110110110111111000101000100011100010010100101000000010100011001101000111
110011000101001110000101110010000100101011011001000101110010011000010100111110001000011101001001
110100110111101110110101100100010111000111000101100001100001011111001110001110000010010011000001
101000011110000001011110111111111001010001010000100101000000001100000101111000100001111110101010
010011000101001111000110010011011000010101100110110001110100010001111000000101101111101010101110
000000111000000110110001101111101110010101011010000000000101011111011000101111111000101100100011
111010110100000101001110101010100110110111110010111000000100010111010001000111111110011111001010
111001001010110000001010101010010110001010000000111000001011100010011001001101100001110001011110
100000010000100010110100111000011011011101010101100001011011110110011011000110100010100011000100
000000000100111110100000101010100001000011101001111000010011101111000010100100101100000101011010
111001001110010101001110100101001101100110101010011101000000011100111100001111110000111111111111
110101100010100100001011001100011001100101000001101001010000010001000101001111001010110111100000
111111111000100010101110110101001111001011001010100101101110001101101101101110100000000010000100
001011010101100100000100110001010100110001001001001000111100101111101101010100000001000111100000
101010110110000100110001000110111101111010111000001100110010011000100011010000010000111110100011
110110011001010011010101000110011101010111110011011000000010111100000010101001100011100101001010
101010101010101100101010100011010011010001100011011000100110000111100001000101011101000101110110
001111111001101001001101111001010111011100100110011000011000100111110011110010001110011000101110
010111100111011111000010010100011010110010000000100100100100101110101011111010011000100110101010
010000100100111101100111001011110111011100100001000010111101111110100000100101111110011111001000
110010110110000111000111101001000011111010101000001010100011001111100111110110111111110000000110
111001000000101011111100111101001000010110110011100001110010101010000100000101101011000000101110
101101001100000101110000000100000101111000011101101010000110100101100001110100101101101001111000
000111010101110001110011001101001011010011000101110110100111110101000101110011101101100010100101
000101010001001001101111111011011011101010011001000110111000001111011000101111010011001010001000
010000010100010000101011111000001011101110101000000101010010001111010110010001110100010101000010
011001110101010111010011000101111101000111001001011100110000000100111111100010110111010000000100
100011001110000111001100110111110110000011010110101000100100110001110010000100110101010111001101
010000011100111100110111100110001110000000111110101111101101101100011010010101100001100000100000
011011111011010010000000110110000000000001100111011111000000100000100110011000110000111011010000
010110001010100110111110010100100100011001110010011011110110100101100010000111010111000100111001
110110111111101001000100010001111001001101111010000110011100110100110100010001100000000110111000
001101110101101110011011001101101000011000010110100111111000101011001001001110001100111100110110
011111010101000011110100111101000110000110100111111000101010000110101010011001001000000111010000
110010010111001001000111110110101100001111110110101000100101011011111100110011001011001111011101
110001100010110011000001001100010111001001010010000111111111000011011011111110110101110001101010
100101111110000011010000011111010111111001000001001011001001100101110011110011110000001011111100
110110110100111001001010011111101111111011001000111010010001100110001100111101000001001011011000
001101110010111010111111001000110000010010111001001011100001010111001001110111101110000100010010
111101101100011011000101110100100001011011011000001000111011111010001001001001110000000000011111
111111010010000010000110011000001001110000111100101101100001010101010101000011000110001110100001
001111100101100010000000010010111000001110100001100111101110101110001111001011111110101001100100
110001001101001001010010010000100000000101111001100001010111010110100111011011101111001011000100
101101111111001010101011111010010000100101101101001100111111000101010100111000111001100111000011
100100000111011101111001001011000010010011000111111000101100100000011000000101110110001010011100
001001110000001010010010000000111011101111001101010001001001001000011101010110011001100111011000
101011100100010001001011101111111011100111011111001110110100011100011110100000101111000001101010
101001110001101000110101000100000000010111010101001010001100000110111010000000010111001101101001
001110111110001111011011011010111001000010101101101110100100000000011111011011110000100011111011
100101101111011010110010100100111101011010011001011111000100100111001101000101111110001100010000
100110111110101010001000010101111001001011001101000000011100010000001100011111101000110101111001
100000001110110110010100110100001110100001101001110011000101010101111011000000000101110001010101
111010111001110010011001111000010001100100110110100100100011110101110111010101001001101010100001
111001101011101101101000101110101000100010111101100000110110101111111010000100010010100110001000
111011111011011110011011001001001001111000101111010101001111010001010101111111100000100111100011
110000111100010001001010011000101100010101000000010101000111100011111111011000101101111011001010
011001100100101110111110011011011000011000010110101001111110101001010011010010100110010010001110
100011100011100001110000111010010001001010110000000100111110100101100111010000101010000111001111
010111010001000000011110010100000000100000101001000101111011100001101100110001001100001010100010
100000100100111010110101011111001111000101110100111100110101011000010100000001010001110100010010
110001111001010010100111111111101110001000101000001000101111101110011001001101100101001110011001
110110001010001000001111001010110101110010111011110000100110011110111100000001010110101011000100
100010000111011000101110011000101110100010000011001010111010000010001000011101100010001101000000
110001000111011010111111110011010001010000101100101110100011110111010010101110101010011000011100
100010110010001111010110001001100010111111011010001110111011000111100000011100110100011010111000
000011011010111010010101011011000101100101001001010100111001100111011001010010100011101010100111
100111011111101011000010001101111010011111100010100111000000110100101011100101011101101011101100
010111111100111000011010010011100010101110110100101001101001000000100101100101011011101000111000
100110100100000111001100001101000011111010110010010110001100101010101111000001010110100111000010
000101011010111101010010110001110110011001111010100110000000111011101000101001001011000111001011
110001001000101100011101100110010011011110100111111011000100010101111000010000101000001010101000
001001101001101001000001001111011110110010101010110010000111000100000111000100110001101101001000
111100010011110011100110011001111111100100111000111001010011110010111011000111101110110011110011
101110101110110011001000110001100101100110011111011111111100000011100111111111111110101100011011
011000101100001100101100101111010100100100100110101000011100101100010010101110011101100011011010
