010010100111001110000010101010110101001010110100011001100100010010101110010011101111010100010011
101111110100101100000011111010010111111000000001100111000100111000001011111110000100100101010011
000010101110101101011001000110010110111000001100110101000110110001000001010101100110000010000100
110101000000100101111010010001011100111100101000100101000011010010010100111110010111010000000001
001011010001001111010001010100010100001011001010001111101110001110111111000011011100001010110001
010101010110100111101101111011011110100001001011011011110010100100000000011100110100011110100010
010100100101000111110101010100000101101111010110000100100001111000111110010000100011010010100101
111001101010100000111101100111001101101110000011000101101111110001100000001000000000101110010101
110001101100001101011001000101110110101001111001010000011000000010101101101010010000000101010100
000001001011111000111100111000001110100111011111100010011010100001011001010101001100110110100001
011110010100000101101111110100100100010011001110001000010010110001001010110110110011110110101001
101000010110100010001000110001000101000100110001000101111110101111101111110001010111010011101000
000001011000101101011101011010101000001010110011110011010011110001111011101001001010001110010000
001000011010011110111011011110101110001010101000001100011100001100110010001101101000001010111100
100000001011101000100001101010010101101110111110100000001110100010111101101010100001001010111010
011101101111010100110010111010001010001000011111101101101001011110100011100011111011101101101000
001100001000010111011010111100110111110101011001010000110001111100011011011100010010000111101101
011001011001000101110001101110001111001001101100000010100101101001110111001011110110010011001111
001110101010110110101010101101001110100011111011001011010111000101000001000101000101001011001000
111111011101110111100100011101100000110110010111101111001001101110010000101000010011011001001001
010101001010000000111010111000001101111101011000000100010101011110110000100000010010001100101001
111110010010011101001001000010000110010101100111110011010001011001101001110001110000100010111110
101010010001010111010100001110111101011011000100110000110101111000100100000011011000111001100011
100110100111010000101100101111000001100100111011001101000100110100100010101011000000111010011111
101000101111100000110011110110111001000101000010000010100001011011000010011101100011011010010001
111001101100101011000111001000110101110001000100110111000100011101100000010111111110100111110011
011010001101001110000000100000101001001010010100001001000011011011010000010111111010000111100101
001011101101111100001001000001011010011111100100100101111101110100001011111110100100110111110010
010101011011011001111100101111100000011101110000111101011001110011101010010010001000000010111111
001111000110111000101110010100011000001100111011100011111011010001010111111111101010101011100100
111000100000101011010101111000010111010001000000100011010000111110101001011001110111010110010000
111111000010011111000011100000111110111011010010101110101000000101111001001110001000011110001110
001110110101010101100110000001000001110100111111111100010011001100001010111000111010111001001010
110001011010111001100011101001110010010111010100001010010101110000010000000011110011001101111110
011011100000001000010000011011001100110101010110000111000011111011101011100100010101110100011101
100100100110100001010101101100010110110000000110001101010010101110101011000110001001010011100100
000001101010001111100100101100111010000100001001011011100011010111011000010001111101011111001011
110100000110100011001011011010011001111010100110111100001100101010010011111011001001100100101101
011100010000010010011010011111100100111111110011101101000011110011001111010000000110110010111100
100110101100010001101010000101100110011011110001010100011001110110110110111001010101001111001000
111110100110011011110000000010001011100011111110010110001000110110000010011001100000101011100001
010111001111011110000000010001110101010000111010001010111000101011010110010111000101010111000101
001101110110111010000101010101011000011111011000001011111000101100111101100101001001111010100111
101111101001011101111100000001101100101000101001000010011001011010001100010011100000110011101111
000001111110111110100000100100111110100101010111001011111011010100101001010011010001110101100100
101000000010000011111011010111000011110110001110011000011110101011111110001011001111101010011110
110100110000111010010100001000000011110011000110001011100111101100111010000110011001010110010110
001101001100100000110100000000110111000111010111101101010101011000011010001010000111010011111101
110110101011010101101001001101110000011111111101001101110011100011101001110000011010111010000100
000111101101010110100001000011010001110111110111010110010010100010100000001110010000000100111111
101111100001110100111100111100010010000000001011110111001001110111101001111000111110110110001110
000100011011101101101100001010011001110101111110111011111010010000100001100110101010000100111100
001001001111111100111101111100010000100111111100111000000011110110110001110111100100100100010000
000100100111010000110110100010001111000001001110001111111101010000010101011000101110011111010011
000000010111001001011011001110101011111101110101010000000111100001100001110001010010011101111010
000010111011000011110001110100111101010101001110110011001101000111001100010100010111001000100100
100010011100010010010110000100111101111001011001001100010011101011100001010001101100101111111110
111111011000001001100011011011100101101100101100011100110010100010010111100100011101111101111111
110000011100001110110110110111111100100001110100111110011100011101011011100010110111111100001110
011110000000011110101101010000010110111101100000110100101100101100001100001101001110100101000001
100010111011001001101010010001100010010101001000011111011000001011110100010100010111100001010100
011000001000110110001011010000100101110100111000001111001000110110101110111101101000010011001111
011101001001110100001101001110110100010010100111010011111010011100001100010001001101101011010111
100111100101010011100100010010101110011000011100001111010010110110011100111001100101111010000000
011110010000010101011011011001100101100110111011111111000101011001110001011010000110010011000110
110111001111101101010010001111101111001010001011100110011110110111110110100101000011011100010111
101011001111111010010000010010011101101010111011010000111111111110000001010110111011000110001000
000000010011100100101010110101100110110000011101000101110110101000010101110000110110011001110010
111010100111010110100001011001110101011101011111101010110111100111110100110101101011100110110001
000000111110101000100001111100000011010110110111010100010111001110100110111110010110011101111110
001100101001000101000110101001111100001001001010010010111010001110100101111111101001010011111110
011110001010100110111100011001111110001110101010101001100111111110011100000001000111011110100101
011000011111011100110011100100100111010101011100000011000001000001101000001001110000100011101101
101011111001110110100111000111101000001101101000011000000111111110000110110111110001110110011011
111011001110101010110011011100110100001101111100001111000001110100110001111101111010001001001010
101011100101001111111111010101001010111000010000010101001111011111101001011011101110001110011110
001001001000000100111100011010100001000110000111111110110010111111011111100001111011011110111010
011011110001001011111100111000110100010010111111110010101000011011000011001001010000000001101111
011100000110000101111010011100011101101011110111011100100011001111001010101000101111011001111000
010000010000001011000110100011110110000000011010100010011000111001111011010100111000110111100010
001100101011010100010111010011110110010110011011001101100111100100100111110110101010101000101011
101000011010011010110010010111000111110011110011101101000101111010101100001111010011000111001001
101001110011001111111110110110010011011001110000001110111111110111000011001111000111011110111000
011100111100101001001010011010001111100100100011100101001100001011110001011011001001110010010010
101010000111001010100100001010100011000101001101101010011110100100101010100010100000110110110101
110111111011011010001110000111011001110010000000010110011101000100110000100000001010100100101001
011100011100101111100000111010101000001010110100100101100011010100001001000111110101011001111011
111111101100011001010001110101100111001000011010110100100110000000000001100000011010010010100100
010010100010001010111101000001100000110110100111101010110110111101001011001000100111100100111001
100101010011111011010001111001011000001101000000011110010100100000110111100100100101010001001101
001111001011110001111100000101011000100011111011000111101110000110110110000011001010111110110010
011111011010110111011011101011010011110100110010101110011110101111001111010010001110111011110011
100010001110111100100100011000000001100100110111101010100010100100110000100000010101111110110001
000101010100101001110110110101101000011011010101111000111100111000011011110110110000011001010010
100000111101101101010100101010101100110110000001101001011000111011111011010100011000111111000100
011010111000010000100100101010001101100101011000110100111100100000100000111110100001010101110001
010111010110011001011011011111011101010010000001001110111100010111011000000001110011001111000101
110001101111110101110010100110110011001011011111101101110110001100010111000111110001001001000000
001001010100001010111110000011110111110101101001110011101001111001001010011101110001111001100100
001100001100111011001100101001010011100111111011100101110001101001101010010000001000111000011001
100111101011111100111011111001101010101011110111011000101101001000011010110100001000011001001100
001110001000100101010000111110111011000100111001101011110111010000000011010011000000011110110100
100001000101101000011001110000011001110000010110111111110000100001111000110111001011101100110111
011110011111111100011111000011101001011100011010111011011000110110100000101000010000001000111010
011000111111110111010011111001011100101101010001011111001111011100110110001101101011101111101110
000010011010100101011110010011110001111100011100010000100110101101001100000110011110011000011101
000110000101000111100010000101111000101101001010101010110001111101100100110011110000101010011100
111000101011100011111010100001100000011000000001001101010100001101100000000001111000101000110010
011011010100110110110000011010011101111000111111110101001110111011011110110101110100010101000001
110011100001111100101001101100000110111101011000001101001111010000011001111100011010110000011100
111011101110011100010000111100100000010011111111010000010001010101100111100110110000100001000101
000000011100001000110111100001011010110000101100001000111010001011101110001101101011100010110001
111100111110110110010111101100011100011001001110011111000001100110110110101110100101111110111000
000000101100110011100001110011010100010100010010111011011011101101100010011101000000111001000110
101100011000011001100110101101100111101101001001110001001101001000000101000010110100010100000101
010010001001011000100110100011111011010111110111101101100010100101100000110111100101110110101000
010010011010000001001111110101011011101001100101011100001011010000110110101010100010001111110101
000000010110110101100100111100001000110011101010010011001101001100101011000110110000100101110001
010101101100010110000001010111111000000001000000100110000000001001010001101010100011111110101100
101110000011111110101101110000001011010001100001011100000100111010101010101100000010111101000111
100010100111001011110110101100111110110111011110011000100001111001001011110110110010111001011011
110010100100001111100000011001100101011100010001011010110011110001001010110110111101001110100101
010111011010101101100010011110000110110100001001100010001110011001111100111110000011001101100000
000101110111000100001100011110101001110000100001000010101010011010100110110000011100000011101101
001111010100110111111101111001110100011011000111000110111110111001001011101010001011110001111000
011101110110101100101110001110000001110101011111100111000011111011101011000100011111011011001111
000000101010101001011011101001111111011100101000110101000001011101110000110001110101110001010011
000000000101010110110001001111010010001000000100000111011110101111001110100011110001001101000011
010011000000101110100011110011010101111100110101101110101010110100101011001011000111101101001110
000100100100011011010010000000010001111001111111000110111011101000111101100011101010110101001010
010100111011001000111101100011100001110001000100101100100101110101011001110000010000111001000101
001101101101101110100001110101000001101101010011101010111001101101001101110111000000011011111000
010100110111110000111111101010111110101101011110101100010011110011110110100000110101000101110011
001001001100000110011110001111100111001000111101100111010010100111010000011100010010100011110100
100101110010001100101001110001100101101110110111110011101000001011010110111101000000000001111000
011010100000000101100011101111011001101110001101010110100011101011101001000011000010011000100011
100111111000000101000101101111111011100010101101101000010101111110001100110101011101010011001010
010010011010111111000011110101011100010100100000101001000001010110001110100001100001100000110000
001010110100000101111101101100001011110100111101011001011110111011101101011111101100000111110111
111010010011100001010101111100001001000100111001010100111011011111010011001000101011110000011101
110011010100111111001100110111110111110011000100101101100011101111110101101101000111110110010101
101011000011011110101110010001100010011111011101111101000110001010010101100010110101110001011010
001111001110110110111010001011110011110101100001110100011001001001101100011110010100111101100101
000010011000110011001111100011010001001110100111110000011100100110001110100110001011011110011011
001100011010000101001110001000101101000000001010001101000101011011011101100100111000110110001010
111010110010000110101000011101101110100000001011010100100110101011111001001110001101001001011000
001010011000111111100100010010111110111001001101100000111101011100110100001101010000110010001111
001001000111110101100011100001001000100001001111111111101111111100110000010011000110011110111001
000111110110011101001110001000000001001101111010110001100100011100100001110110001011100011001111
011101000100010011100001011010100010110100101110110011100011100010111011011000101110100101110000
100011100000010110000000101011011111101101011000100111101100001110010111011011100001110101110110
111010110110111100111110000001100101000100101110101110011111110011101001101001111101101001101000
010111001110011011000101000011011001010110000010100001101110000101000010100101000000101000010010
100111001110011101010110101110110000000001010001110011110100111111001111101010011110011111101111
011010000110000111110010111110010011000110000010010010111011011100101100100011101101100001011101
000101011101110100101100110111111001111001011111001110010100100000111100000000000100100001111011
010110101000110111101010110001001111011111001001111110000101001010111000100001100111100001110101
000001000000110001011010101101101011111110111000001111100011011010111111110010001110100101000000
011011011000110111110100100100000110110110001111101110011011110101001001001001011100101111100101
111010000111001000110011100101111110010110011101010101101001001000101000101100000011000010011100
010011010101011001110110011010010101010001001000000001100011000010100100011000110001010000000010
110111010000010100000000100100101101110100001001100101100100000010101001101010010101010101010111
111101101100111010010110110100111010011110111100101100101111010011011011011000001110110101101010
111001001010111001000111001011111000010100110101111110101110110101110111100000100111010100010000
011001101110101000000110111110011101100111011010011101010011001110110000010101000100011111010010
000101011101001000011101001001100111101010110101011011101011000101100001110011000100110011111000
111110101000100100001011000001001001010100011101000010100100101110000011111000010000001001001001
010111111101111110010100110001000110111011101001100001100001101110011011001110100011000000001000
000100100000110101110111110001100111010001000100110111000111111001111001001100111000001000111100
111101111010101011111110011000001010101110101101011001000010001101010110101011110101010000110101
101101110110101011101010100110000010000010011110000111011110000000001111001001000010101100111000
110001010011110101000010011100111100111000101000111111111010111011011100011100101111101000010001
111010001111011001011110001111110010110001110010000000110110010010100100111000011100010111101001
111001001100101010100110110000110110100101101011001010001010110001110110001111111010011110100000
111011100111100010010000111110000001110000010010011110000001010110001101011100101011000011111010
111110111110000111110101101100011101010000111001010100010010000110110001011100010100001000111100
100010011000000101110100010100101001011001010010110001100110100100000000010100010110001001010111
000011011100111100101111100010101011101011101111010010001110000100110001111001011011000000011110
110101100111110101010001101000011001000111000101000100010110010011111001111000000010110101000001
001010101101100010010110110110001110011001111000001100101111010101001001000001100111100000011011
011100010001100111010010111100001011001111011010001011111010111111000010000100011100111101110100
001110111010011101001100110000001110011101010111011111000001101001111101001011100101111000101100
011110100000111001110110010001011111011000011010100101001101000111111011111111101101111111101101
000001001010010101011100101011100001101100000100001111101101111101001011110110000000000101100100
001110010100011100101101010100010111000100110110111101111111011000101001000010001011111001111011
010000010111110110010100001100110010100010001111100000000000111100100111000011010110011100000101
101110010100010011101111010100100001100011010110101110010001100000010001010111100011100101000001
110011000100001000101111001101011001001110011010011101111100100110001011101001101110010100011011
000100100110000010100000010001011100111000100011110001010100001111101100001011111101101100111011
111001101001010110000001000011110101001010011010100000110011001001111111110011011011101101110001
010111000000011001101101000101110101001111110101000001000010110000001110000001111110111100101101
010001101110101011110010011100010101001100110001001100100100010000000111111010110100001101101011
010010011000101011111111100000010010000011101001011111101100011010111100001000110110110111111001
000101010011011000001001001000100010011011101111101101110100000111010100110110000111000100010010
000100100000100101101010010001000110110011110011000011101100000000100111100011100111111001001100
110010010101010001110101001001011000001101010011011101000101111011100110100010011001111000011011
111011010110100110010011000011010000011110000111100011111110110000000110110000000011000101000001
101001001100100010001010001100101001101011111001100100110011101000101000000011000110001111111100
100111110100010001011001000001001111101010111010100000001100011010101100000010011100000010010000
010101111100111100010100101111101100110001000111000011100000010101110101111011110001101010011100
010000010111001011100111011101010111101110100101100111100001100011110100010111010011000100011111
000100011010010001110101110111001001101001000010010111110000000000101101111011100000111011100011
010110001001001101000100000100010101001100011011000000011011010001000110100111111111101001010011
100101001001110001000101001000111110011001111100000111101000011001000111101111010001011101011110
001011011001101011010111000100110100101001100100100110101101110110000111110100101001110110111010
001111110011000111011110000011110001011011110111001111011101000101100111000101000010100000000111
100011010010010111100011011001111100001111110101001011111000101101011111000110101110001010010001
111011101011111101011111000011110100011101100100101110010001000011111001111011001001101101110011
101000111001110001101011111111011111110111110001111101111100100000000010010001010110111111010011
000000010010100101110011000111010001011110011001101000110110111101010010010000110010000010110001
011001100000110001101000101101101011011001000001011111111001111011001000111000011000111011000100
001011011100100000001011001111110111010000111111011111100101110110101111100110101001100101000110
000011010101010011011010011000100100101110111011100100100111100000110011010101001100001011110100
111011111100010011111000110101101100001101101010101100100111000101010100010101110100001000001010
010001001110100011110001100100110100001101111101001110100100111001110000110110011110110011111101
111111000111011011110100001101011110010000001011110100011111001010111101111101110101001110111111
011000110110100001010011011001100011110010100101000101011111010110110010001010110111000101110001
011100100100011101110111101010001000111011010101000010000010110100100100111011010100000000010010
001110011000110011000011100010001010100111101010001101001100100010111110101010100101000011001110
101100100000000011011101010000000101111111000001111111110110111011100001010100000000100111000010
110010100000101010100011000111000001011111101110001011001110101111101100011100000100010100010000
011001111000001001000101001100101110101010100010010010011011100001000110100110011001011101000010
000110100110101100110111101110110111001111010010110010000111111111100000111000101010101000011010
110110100000100001010011110010001001011011110110111010001011000101110101110011010111010000000011
001100011001000011111000111011111100000001011101110010111111101011100111111001100011011101101011
100000101111000111101001110010010110000101011001101001000010100101011010010011000110001010010000
011110110001111111111100010111001111111101001110101010010001010110010000010011100011110100010010
101101100010111101100000110000101101101010110001111101100001000111101101110011010111001110010011
010110000101010111011100010001011011110110001011000000100001110111010011111000011100100000000100
110110100001101111011001001101100100101001100010101001110100001001000100110111111001000100011001
110011010011110011111110010011000100100001111110111001101100000011110011101101100001101000101011
010111010110011000101101010110101010111100000100101111111110001111001000000101000110001010001010
010010011000000000010001001001110010111011010101000001010101000101010100111011100001001010001000
101111000110111100100010011011010101010110011101100110000011101000101001011011100101100100110110
101100100011000110001101101101100111100000001111000101110110111101100100101011000000101110001010
111110100111000011110100100001110101000101000110001001111101011000101101100011010101011100010101
011010001110011001000011010011101011001100101101000110111011100101111000100000110001001111001101
010111010000010101111101100000000100101111001100111110111000111000001010000011110011001000111110
000001000010111010101110001000101010101100100110110011101000011110001010101001100111001100101100
100000001101111010100000101111111001111100010010110100100010110001001101111001001011101010011000
011111110111011100001001000000111110011000110110010001100100011010101010100101010010111100111111
101001100010010100110011010010100010111110111011110010100010110110111100001100111110100101011111
011011101100111001010000101100111001111111101100111001101100010100011001001111111111111101111111
111110101101001000100101111000010101011100011110001001010100110010011111000011100110001001101001
011010010101011111001000111000110100100101110110111110001010101010000110100000101011111101000001
010001111110101011101101110010110010101101001111001010001111101010001001101011101100111011101101
101000011110011001101111011101000001110111011010100000111001101110101001011011000101011011000011
001100110011111011011010010111010111111100111011110011001100100101110001010111010101000101101110
110011000010001101100010101101110100000101100101001100100100011010010111100001100001010010100010
010100111110100111110001010000111110101001111100000111010100000000111111001001110000001010010110
000110000011011011000110100000001001100111111000001011011100001000000000001011000000011111000010
010100011101001011000010010101010111000111110010011111100000010101110101111110001111100100000101
110000110100001100010001111100101010011011110111111100101111101000111110000011100000000110011001
101001111011111011011101000100110101101011110111011100110101111100011110010011111001100001101101
001010101110110001000101110100110100011101101110100111001011001001011111000111111110101111011111
010000011001010010001111010000111000000111010111101111101101010101010100000011100110000000110010
000000110011010110100001111100100010000001110100001000110010000100101111001101100100101111011001
110101110100011101001111110001000110000011110000110011000101110000110110010011001000100100100100
000000010001111011001001101000011101111001100110111110000001011101101011010101001011011010011110
111010101000010100100011010100111110001010101010110000010101001110010111100011001010101101010000
111001001010010001010110010001001100100011100100001000110000001001010110111101011110001100001100
101100101110001111010101100100100100001100001011001010111111010010011100001111101110110110000110
000101011001111000100001110100111111110011100111101101001111001010000000001000001111111111101010
110110000100010111010110001101001100111011001100101100011111001100111000000100110101101011110101
000011110101001111110110001101101111000100010011010011100100100110011110000001100100010100100000
011111110000101011000111101001100101000101001100000110000100010001100101100010111110100000001100
100000110110001111101001101110000111111110001000011011010011101000101101000001011000001110000111
101100010000000101010101111010110100001010001000110001111001110001001101001100000111001110010110
111011000011001111000111010010001100011010010010010000100011000100000111011100101010000100001100
101101001101001100100111111101001010111111011101111011000100110111000110100111011000001010111001
011001001011010001111100000111001101010010110111110010010110011011101001000100101100001010001111
001111111111100100101001111001111100100010010101001011010110100011011110000011111101010001000100
001100100001000001101011101101111100011001010001100011011111101001100100000101110001011001101100
010100111010100110101110111011101110110000100010110111010100100110111101011100010110111000000101
011000000111101011000110001010011111111011000001101000111101111100010010111001100011010001011011
100100110011010010000010001000001011011000011000100100100101110000110001011010100000001101011101
101001111011010110101010110100110000111111101010111100000000111110011001111100001001011001000000
010111000100110101110011011101001001110100111101001001110011100100000100001011111011011010000011
101101101010110011101011100010011100110001110000010101110100011110010011101111111101000010011110
010000011101001000101100011001000110001110011111000110001110111001010000110111101011000101110001
010001010101111110001101001001111101100000001111111110100001110010110111000100010011100101101100
100110010111001000011101010101100011101001000101010111001111111001001110010011100010110001101100
111010010011111101000111011110111000000100100111011010101100111111101001011001001001010011001001
110110111001101111110110000000000101001010111101111100101100100111111010110010011011110010011001
001011001000101100011101010111111111111101110100101011010101101011100001011110000010010111010111
011001000111000010000111011101000010001100011111000101011111101101001011110011100011111001001101
010000011100001110110011011101001001100011000111001100111100110110100001110100010100111001100100
100101111110110001001110101010000000101000010100011011111101101111100011010111001100001000010100
010101100100001000101000111101100010110000111000010000001000111001110010010110000100011001110100
001100100111110000100110011101111111100101101011111110111010011000110010110000010011000010111100
101110000011010000000100011100101011011110011100011000101111100111010110101101101111001001101010
110000011101000011100110000101011010110000000010001010100011110000101110100010101111111010111111
111110010000010001011110010010011011100001001010111101111110000100001001011110000001101111100110
001001111000101101111110010011011111100111000100110011110110111001110100011011101111010000101010
011110101001110110001111001111010001101011110010011110100110011110110010110001010001100011101011
111001011000110000000010001010111010001011011110001110111110101001110111000010001100011000101000
000111110110110001101101110111010000110101001000110101100101011000000010011010101001101001010000
100011000010100101101011001100100101000101100101011111011011000010000100101000000010000111010100
011110101100000010010111100110100111001111000100110011001000010101001111000000001001010100110010
100011011110011001111110001001000111110010101011100001000100110111001111110000101111100101111011
