101001111001100000110100001001101011001011010101110011001100000101111101101010111100111110110011
101110111101111000100100110010010001110100111110100011101010001011010010110011011001111001101010
000000100111111000100111011111011100011101001001110010000001110010001101100000001000111100011010
111000110100010111111111101010100001000010010000010100111100101011011101001101111111100101000000
010110010101111111001111100100110110110110101100000110000001101100101011101110001011101110010101
111000111100001000010000001000000101001000101001011000101100110000100111000110000000010000111101
011111100111111000000011100010110000110111100000010111001010010001110000110110100111001111100100
010110000101010000010111101011110110011000011000000010100010001100000100011001111111001001100110
001011001001001111000111001101110011001011000001011100101111101000011111010110001000000010101000
101001111111011111110000100010011111111111000000100001000100000001011011110111010000100000101111
000001000101101000000111111100101110100011010011110110011000001001010001010110001101111010000111
011100001101101110000001001111111100101110101000101001000001011000111110100110101110001011111010
101001010110000001111100101111111000111111111000110110101000110100000110101101011011111111010000
111101100110111000100000000111010111010100001110101101010110110111010111101001100100010110010101
101110110110101111110101111110001001111011101100000000111001001101001011010110010101110011001101
100000010001011010111011110101001111111110111000110100110010011011111000100011101100111111101000
100100001000100010101101111101110111001111101011010000110111101100101110011100111010000010000110
000001000011010100010111101000010100100101000011101100101011010101011011010101001010011000111110
000100111101000001100100011111011011010011011110111101110011011101010101000111010111100000001011
010101001010011100000101100101011000000101100011001001101011010001011011011110011100101101110000
011100101010000010111101100100010000110000100100110110000000111100111100111000101010111100101010
001010100111010111001010001110100110111010000011000111000101010111100100111110110101000011111101
010001101001010111111111110110111111011000110110111111011011000110100010000101111111001101100000
110100001011011010000100110100111100101100000100111000001011000111100111101011100111011010111110
011101111011101011100000001001011010001110011001110011100100111111000111100011010000011101101100
101001001010000011101101100010111100111000011001001001101011111111111111000110001010110000000100
111001011011101011110100010010111101011000011101101101011000001101111010001001110010010100011110
101010010111100110010000110010010110100001110010101110000111110101000100001101110111100000110100
011111001100110000001011110011110011010101100000111100010110101100011101100011000110010011000001
100111110110110101011001010011000100011000110111101100001111001111101000000100111101010010010111
001000000101111010000110000000110001000010100011111001001101100110010001100110111110010101000011
110000000010011111110010110100010001110001000001100000101111100100110011010100010111101011001010
010101011110101111110111011000001111011100001111111111111011000111000010111010110111000000011111
111101100001011011100101000111011000000101001001110001110100000100111110101000110001110010100000
011110100110101111100100000111000100101111010000101110110010011001111100100100110000100010001001
111011100111000110111100001110110101110010100001111001100111010110000011101011001010011010010110
011010101111111111011101110111001101110100000010101001110010010000010110011001001011011000010011
011111000111100011100100111110011000100011100100010101000000100000101011100010010010111111111000
101100000010001101011100001101101100111000111000100111000011111000010000111110011100100001011110
011000001011110000110010101111100001110001111000100110011111110111011111010100101101000010010101
001101001110010101011100101010000011111111000000000101111010101100000000110101110101111000010010
001110111011011001100010010111101110011010011111010001110111011111100010011001101100111010111011
111001011111110100010001101011010111101011110111111101101110001010101000000110001100110110101000
100011010100010101000011101101110111111000001001111010101110010001010100110111100011011111011000
010100000111001111010111100000010000110010110101010110011100011110111101111010100111000000001110
110010011100111110000111001010001000001001101011000001011111100011000010011010011110110011010011
011000001101001111001000100011111100111101110011001011100001110111000010101111111010010010111001
101011011100001001101110110111000000000111011101000010101001001001100010001110011101111101110100
110101100101001000000110111000111001110011111111000011100011001100000010011100110010101010011010
011100001000001011000101110101010101001001000000101011110101101000110111101011010001001100100001
000010111110111000011010100110011111000011001111000111000110010111111110111110000011110111110001
110100110100001110110001010010101001010001110111110100100001101111010101001001000110111100011001
110000001110100100101001100001011010111011000011101001000110101010000000001111101001010010100101
100100011101111000110010111010101010010110010100110110111001110101111100100101110111000011001111
101000000000110100001000000111100111011100010110011110011110001100100000011001010110000111101101
101000001101111001011001011000010000100100100010001111100101111101001010111010000110111111100000
001100110001001111111100111011000001000000101101100110111010011111100110011101001000001011011000
110101111010100111100110111111101001101010010111110001110010000011001100001111000010001101011001
101110001101011000111100101100011010100110101001100110101100110010110101110101111101100001110101
001001001101101101111110010011010001010001111000110010011111101011101011111110001000000101101111
000010101000000011100000111101100101110101011000001110011011001100000101100110111001110110001011
111111010010101010000010100001111010000111100111010110111101101010011001000001010110001110101010
111000000110010010001001000101101100000100111000010011001101110010110111011100111110001111000010
101011000111110110000011110100111111101011001010111100010101011101001110001111100101001000010111
111000000001110110000110011011000000010110111011111010110110111010010101110101100110110100110001
010101100000101110011101001111101111011000000001100000100001010000100000111010101101000000100010
000011010100010100000011101100000001101101111101101011101110000000100010111001111100111010000011
011111000111011101110000011011011110101110000010111101101001000111100010111101111110011010111000
000010100101100010111010010011111110100011011101000111100110100111011000010101000001110010011000
011101110101101001000001011011111001000010010101011101011110101000011100011000001110001111000101
100000001100110011100101011100011011100101000001111011001011010100110000001011111111001100110101
111110100000001011100110110000111010110000001101011010101101001000000111000101010110001111011100
111011100010000001011100011100000110111111001101011100010110001011010101101011010101000001110110
110111101111101011001000010011111000001011010001000110011011011111011011011010101000001001100110
101100110100110100110101110011110101000110010011111010100110001100010110010101111000001001001110
111111011001011001001110111001011011011000101101110101100100010011110100011001111010010111000010
110110110011111000001000011010111111100100000010110110111001110010010001111100001100011100001001
110101000001000000010111001010010000111110011101001011111111010001111010010111010100001001001000
100001000010101001000111111010011001010000111100000101101111000100111110001101111110001100001001
010001110101101110100001110011010001110110001110110110011000100111010011010101100000110001110001
101010001011000000110000010011101100110010010010100100000011110011101001100101001011100010111100
111000101110111011000101111001010000110100001101001100100000001101001111001110011111110000001100
101100001100100110010011101000010110011111110101010010011001111001001011111101011001110110001011
101110100001111100000111101100101100110100101010000111111100111111001011001111101101011011001001
100010000100100001101100000000000001101101110111110010011111001000010110110010101001101110001011
010001000010111011000110111111010110001001011110001011111001110010011101011111000100110100101001
100100100010110100011011111100110000011101010011110000111110101100111110110010100111000111111001
100011010110011010100111011000101111100111001000111001000110010100001101110001100000110101111001
010111111100100100010110010101100011011011011110001010111111010111100100100110101101101001010000
111010100011100101101100111100101000000101101000000110101111011000111000101010000110011010100100
010010001001110100101000001111001000100000000011001111111011101100011100110111110001100101001100
100010010010110101100010101010000111100101110111111001000110100011110110001010010101111000100010
101100011000010000001001010110010000101011011011000010111101010010110010100000110110011001101011
100101100101010111011001100010010111000110111110011111011000100010100011011110111011101011111010
111011000010110011110001100101110010001101101001000111110100101110101101011111110010111011011111
111010110010100101000001101110101010010000111111100011011001010010101010010000001010001111111101
010110111100010111011001111110111000000111001000100000100111110110001001011011101010110010011110
010110001010111011111001000010100011111011011101101011011101001101111001110010100111110010000100
000110000001101100010100100110110011111001111010011010000001010101101000001010110110110000101001
000101111000010110000101110010100011000011001101011110111000010001111010001000111100101011111001
100111011000101101100001110001001101111111110101001111101011010000001001111001010000110110100010
010100101011011100001001110011001000010011001110110010101101010000001110010100000011000100001101
111101101000001010100010011110110101111000011111110000000101000011100011100001000010110101110010
000111001100001001101110010000101001101000110101100101111110000100111010110000001101010101000111
100011011110011100001000110010110100011100001010100010011110100110010101110100010010011111100000
010110111110010101000011110110011010111100111110110101011100011100111111000000111100101010101111
110000100011000110001001001101001100011111111110001101111011011101000101110101011100110001000011
110011111000110010110000110111101111000100110110001110101010001101000110101111110010001111101011
110010000111101111100001111100100110100110011101001111100111001001111111100101011010010011011001
101100110001010101011010001110011010101100000011000000111111110001001011011110100101000001110001
010000001011110011011011110101111100110001010101000101001110011101011100110100100011010001111111
001101100101011000000110110111110100010100001110010101000101101010101001011010010001101111001010
111001010110100011111100001110100000110011111000011001000001101011001001111000111101001100011110
101110100001111010110101010010101011010101101001000111111000100011010000000111111011010010110000
011100110001010010000111101110100000011101001101111101011011011110010111111010010000110100010100
110010000011111100011101111001001001111100000101110111011110001001101001001000110000101100010010
001100101100000001010010111111000001111110111001100000110101100011101000101101110011111010011001
001010100111011011101011000001101111010111110100010101010110010111011001011011110101110000101001
111000100101101000100011100111111001001100101000110000110010010001010100100111000011111111011100
100001011000110010101111101010101010000000011001111110100101100110010001001100001000001011100110
011011001110001010000011011011111110011010000011110001011011101010101110011001011111111001111100
001011010111011100101011001010011011100101000001001001101001100110100000111000100010001010010111
011101100100100101100000011100100010110011001101101111110000100011100111110101010001000110000010
110100011010011110011101101000111000010010001110001110101000000010010000011011000000111101000011
110011000100101001100101101011000010001110111001100010011010000110101001100110110110000010101000
100111000001010000101010100110001111100110100101001000010010010010000111000100010011100001100010
100110100011100011100010100111101000110001110001011100100011110101110000111011001011111110101010
000010001001001011011011010011001101000110010001000111111001100111100100110101011011010011010100
101010111111111001001101100101110111011000001011000001111101101111101100011000001100110000101110
111000111101101011000011000011100000111000000110100001001110000001011011010111100110110011011110
110111011011101110101011110000001000110011101101111101110001011010101011010111011110100000010001
000010001110001100011011101000111000111001110011100000010010110100110011010110101010100010000000
111010111101110000010110110001010111110000011010001101000001100001001101010111110001000100101110
111010010001011110001000000010101110000011110010011101110101110000001111000011010101110100110110
001001110010101001111111000011010101101001000100110011011011001110111001000111000011001111110101
101010110011001110110000110111110010110110111000110001011111010101010100011110000101110000011111
000000011000010110111100001010110101101111101100110110100100111111000001000010100010011001110000
000010001110101010101111011000111110100010001001111000001011111110001011110011111110011000000111
010000001101001110110011011000110010100110001010001000011100101110101110111111100101000110000111
010000010001100111000101111010111011000110000010010011100001100000101111100111111001101101111100
001010110100111101111010000101001001010101101101101110001010110101011101101111000010110110100100
000111110111110011001101111011100010010111111110000110101011111011000011011000001110000001011110
000010110001001000100101110100110100110100110101001110100100101001101111111010000001110010111000
101001000011111101110011000110100101101000011100100111100011011100010010111111011101100110000010
000001100110101000100111100110000111011111110101100011100011111000001100100001000101110101110010
000000110101100111000101011100111000101111100000100100110110010000010011110001010011011111011011
000100011101000110111011101010100001010001100000111100110011111001000100000111011010100000011011
010101010001011111101111100010001001110010001010011100011011011000011100010000101010110110011110
011100011011001001110100110001010100011100100000110101000101011010000110101011011111110001100001
101000010001101001000111001011100000001010101011000111011110101110110000010000000110101000100001
110001100100010011001010010010010010110000101011101110101101100000101001001110010010000111111000
111010000010011100110000000101100001110100011111010010001111110001010011100011001001101011010100
001101100010010110111100111100111100100100010111010000001010110000001010110100010100111101111100
000010101100011110110100001011011011001100011011010111011010110100000100000011000101010100000010
000001001010100111101101010000001010110010000010110000010011001100100100001010000010101100011010
010110101110000000101011010110110011000101011101000001000001000010000010000001011001101001101011
000101101110000111000000101100010100100101101101001110100100110011011001000011001101101000010110
110001101000010110011001110010100100001100111111010011001101100000001111101111111110111010111111
101100111000111001010100000100110100001011000001011101001001011011100111011011011110001111010001
100111000100101111011100101011110010011100001011000101011010101111001101111111111100001101001001
001011010111011011011001000110011000011100110001001111101011100001100001011011010001101100111011
001001100000000011110101001110000010111000011101001011000011010100110010000011110110101010001110
001100010011011011110110011100010110011001001100111110011011110000001000111100111111000001011100
001100100111110101110110101101110111010001011000100110111100011100100001110100101100110010111111
011001100110101111001011110100101001110001000101110010000111000010100011000011011001111000001011
011100000110110010010011111110101001001101011111000110101100100001011000010100110100101000100110
111110010100110101000001011001010000000010001110110101111100010001000111001010100111010011011111
000010101001100011101011010010110000001010101011111101011110110110101000001101010001100100011011
111100000001111001000111101000000011001001010001100101010100010010110101100101111101010111000010
000001000111101000001000001111000101011111100001011010100111101100111100010000000001000110001100
101111101100000010000011001010111000100011111111011111110000011111101101110011100111011001000111
010111001011000101001101100100011100100010011000101101010101000001000101000010010110100011100010
010010010000011110111010011101000001000011010000101101000110101110001101011111111100011110001111
101110000011011010111110000000111101111100101000111100011111011000100001110101011011110111101010
011101110110101010111101001100110111011000101010010010000111001110101001100011111001010010000101
000001010010111011010010111001110111011110000101000010101100111001010001000010010101000100110101
111111010100101010111100110111010010110001011100110001101011101001001011110011000100011011011100
011111000111100001111000110111001111100001000100011110100111001011110001111111101110111101110110
011111001011011111010101011010011100111100000110100111000011110111011110101111100001101001001010
100001101101110101100010010011111110100110101101011111110100111010000110110010101011101100101000
101101010010011100111111111101110100011111011100100010111111011110000010010000010110011001001011
100011011000111000100001101000111000100111100010110000010100011001011011110011000111111110010110
011010001000110011010010010000111101101001110101011011111010011011100100110001001001100110100100
111110101000111101110001101111001000100001001001101100010111101100011111111101010011111000111001
011101101011010001010110011000001011001100011011111011100111100100110000011000000001000100100100
111111101100010110000011001001101111100010101001010011100111111010011101101101110011111110001100
100011011110011001000000111111100110000011100001001110010111101010111111101101001100111000110110
110001001101111010100000010101100101000000010000010000100111100011100111010100011111000010100001
000001100101110101011110010100100000011111000101001001111001111111011011101001010000011010100011
100110000101110011100111011100110000010100010110011101011100001001100111111001111111111011110010
100011001100000000010100111011001000110100010011001001011101100011100100100110001001001000010011
111000001110101100100011100001100110101101011101111011101101001011001111001110011001111000110010
010100111110001010000111011110000100010000000011010001111111100000110010000110001011101010001010
101100110010100000101101101110100011110101100111101000111011101010111011111100111100110110110011
000110100001001111110110011101000100101111100010101101111001110001000011110010011010001010000110
000000000111000010101010100001011001110111111001011110111101001111110101001001111000001011011010
010000011110110001010100011101010011000000111000001111110101111100110011011110101101000010001100
010011100001111010110000010000010111011000101000000001111010011010011000100111110001100101010011
110011110111001100101000110111101010111101000000000100110001110010010010100101001100000011111101
110101100111001101000010100101000101000101100100111000000000000100101101011110001111010001110010
001110011111101010110101110010110010101111110111101111010100101010010010111011000111100111100110
111101000111011101111010000010100110110010110101001000001000110101101111011100000001011001100111
111000000101001110010111011111000010011001101100000001110110000011010010000100111001000011001111
111100001011100000110101010110010001001101011011010100001111000001000101111110110101010110110001
001011000101101101011100100100000111100000010111110000100010010010000001111100000011001001110101
101010111101111110000011011110100000100110000111101101110001100001000000101101000000000111010110
101100001001011000101001001111110000011110110110010011110000010010011101011011100011111101110101
110010010100110010101011111110111000000001100011111001101011011011001101001111100111010001100000
111111101100001111011111000110010101001011101000111101010010011001010000100001100010101011110010
101110001010000100101001100001101001000000110011111000110000001001110111101011010000011010111110
000010110000011110000000000101011000001101010001101000001000011000000111000100010111010101110001
001010101010010101000011011000111110110111010100100010110011101110011110100000001101101000010001
000000010110010110100100100101010001100101100101101000101100000001101110001010000010101111001110
110000001001101000010001110001001011010000110111001111010011110111000010001110101101011010100101
110010100010001001111010100000110110000110100101110110100000110010001000010111000010011101000011
110100101100100100100101110101011010011001000001100110000101011000010010100100111000100001100100
110110111110011001010001010000000110101011011111011101000110001011110101111110000110110111001100
101010010100111001001100011111011011101110111010001111100011000010111000100001101101100000001011
001101001101101100110101100101110100011001000011111001011110010001001001110100011000111010001101
010101110001111010010101010101101000000101111101101110010001101011101011101011111011000110000010
111001000111101000100001000001101001101010001101100000001110100000110101011010110100100101111010
001011000100001000110000110110110100110000111111101011111100010111100010100001001100110000111011
001101001010101111001100001001010110001100001110111101111110011110000001101000100101100000000000
111110110000000111101100100000011010000100000001100100001111011110101001110111100001111001011010
101001100101000110010100000100111111110110100110001010111001001111111100000011101101100100100001
001001101011101001011111010110001011001111100101010100110100100110110011001111001000001101001100
110001100011110110010111011011001011001011011110010010011000011100111111011010010110111111110000
110000101011011011011101101101011110010000010111011101101100111100001000101001110110010111100010
001000001110001000000010000101011110011010111011011011100110001101101111110111010111101011011001
000010111100010000000000111111111000111011011000111101001110010001111101001011100101011101011000
001000011101011111110001001101001111011111110110111110111000111111000101100110000111101111111110
110101001001101101010111001101001000011011010011000010011101101011110100110011110011011111110010
010011100100111100000111011101100000001110010001111000010111101011001001101001101100011101010111
100100010110010111001011101011111010100110011111111111100010101000100011010011001111001111011100
110010011110100001100010101100011001111111000011111101010110011001110111101011101000100101101111
101111010111010111001101000100101111011110001010110110000011000000111010101110101100101110111100
011011011000001100100000010010000011010011111001011001000010101011000010000000101110110110010100
001001110001100001000000101000010001101101001101011100101110100111100111111011011010001010110101
010100100010000000000101011011001010111010101111011100001101101001000111111101111101001011010010
000010101101100100011110100111010100110100000000000110000100011001101101101101000110010110110010
001000010000000101111010111000010100110101011111011111000001111111101000110110000101000000101100
011000100101001110101101001111101000101101100011100100111000010110000110010000110111101010010011
110111101111010100100000011101111111111001101011110000011100111110111011011000100011101100011010
000101111010010000011000101101010001011111010101100111100010001010111010011101101110111000111111
111000111111010000011011110000011001000100100000100001000110001100000111011011100110111010011010
110110001000100010010010011100111101111001011011100111000101011010111010011000001110001100101001
101110110010011010010011100010000010100011100000011101010100001010000101001111000101011110100110
100010010000110101101101010001011111101101011010010111101010001010100000111000011011110100001011
000101000001000010111100100110010011111111011010100000101000011001100110100101100010001011101011
100100000000101000101011100110100011001100100001010000011011011101011111000101011011111011101001
100110111011010011111100011011011011011011110111111101011110100001001001110010101011001111011111
011111010111111111100000000000011110001011010000101100110101001000000010101000000110110110001111
100000001111100101010110110011100111100010001010101101000111100010001000100010111011011011101100
010001000100001100010111011101011000010101100011010011011101100000110000100000001000000011101000
111001011111100001000010000010100001011010010100010111100010001101100011000100110011010100000111
010111000011001111011100101100011011110011000011001000101011111101111101111001001010101010111111
100000100110110000011111011001001001000000001110000100100110111101101001010010000001101111010010
101000101001010000101101011111000001011010110110100111010100110011100001011101001111100111101011
010101010011011101101011110010111000001101011010000000111111111110101001101010000100110010101010
101110111010111111001011010011101110011110000101110111110101101011100100100011100011101101110100
101111110100111000011100100111101000110111110011000001110010111100110101111011101011001010111101
101001100110000011011101011001110101011101101010001000010110110101010100111100001100000000110011
011101101111100011101100111100011000001111011101000010101000110110111010011110111011110001111011
100011001001100011001110000101000101000011011100000000111010100011110000101100001010110000100111
010111000100101001011101000001011000000111111010001101011110101010001110100100100110101000001000
100100110110011100100110101111001110110010111010011110101001011111111101111100001111011101000011
010011110011111110000000111101000100111010111101101011001011111110101001011110000011101010100010
110110000110101000010011100001110000010011110010101111110001000111100110011010011001100111010110
001011111111111111000011110111110001100001100011111001011011101111000101010010011001001010111111
111111101011001001101111101101110000101101001110101000110000001010011010101101011101000100000010
101101010110001001010011011100100100001000100001111000100111010110110101000111010000000001010101
000100001011010100010001011010010100100101100110000101101101001011111011101011111010010101010001
011110001000011001010011111011000010110101000101011011010100110101111110110000000111001101011110
010010110101010110101011101010110010011101000111001110001001101011101110111001111000011100011000
111101111101111010110000010100000011101011000110010001110111011001111111000100110110110011111011
110010101111001011010011101101001001000010101001001000001010000010011100111100000010011010001010
100101101000110110101110000001001000111101101001100010100000101100010001010001001000010011111111
001010100000010001101111001110000011011011001000101011010111001010001100011111100011000000100111
011100010011101100001011010101101101101111111100001011001101100111011110000100011010110101101111
000101110011110011010101011000101101111100001000010110001000111001111010000101010011111011001111
010011011001010101110010101110111000011110111100000000101011010110111010000110011010111110100111
111110111101101001011011100010100000110101011110010010000111111000111000011000001100100000010100
000000110100111000010101000111101110001111010001000110000000001011010001000110001000001100010100
101100101100010001011011010110100001110100011111001101010001011110010001010001111111100010001110
111001011100111111010011100010110011000001011010110000100011101011010110011110101110100010110111
101010001101111001110111011101010011000111001110011111000101000001011000010011111111101101100000
110001110001011101000000100001011001110100001111000100000100111111000000001001010110011010001011
010001111110000100010110011111101000100010101100110110110110000010011100110110000100100111100011
011110101101001000111000100010010010000111001010011011101100111000100011001100000010001111001101
001010111000100110011010111110010000111111110011010001101011000001001010011011000011111101011010
101000000111101011100111110000110110011111010110111011011001010001000100001000011001111100111101
110011001010100011001111101111110010100110000111010011110010010101111011000001001001011110011000
011110110011101011000000100000010101101000110000100000001001110111111001010010110100000100111111
110110111100100111101100111100101111110001011010111011010100001101110110011101111001101110100111
000000001100101101000110011110000011111101000001101010000000000111111011111001110000000001111001
101011101101010101000011101010001101011000110011100101111000001011011110001100000000110111101110
111111010111010100011010101000100001101000101000000001100011011100000000100011110000100001010110
100001101100111000001111000001100100010011000010001011110010010011011100111001000010010000111111
010101010101011000111101111110010010001101011101001111010010000110111010111001101110000111001101
111101110001011111101001100100011001011100100100101001001001001100000011010010110011001000101111
