010110101100100011110100001111110110110001100100000010100111010101000101000011010100111111011101
110010101001000101011010100100000111001011110111011000010000011110111100010001010101111101000101
111101111011010000001000010011001101000100011001000101001110001011010111111110110000111100111000
101101000011101100011000101001000010001110101001000100111110110000000000101110011100000010111010
000111010100100010101010000100101100011010010101010001110111100101000100011010101010001011001110
100010111011011100100010100000101011000110110101010010111001010110101001100000011011101100011000
001111100110000000001111111111110110100010000001110111011001001010110011001000100111010110101100
101001001111000111111001100011111010100101011001010001110001000001011111010110011101101011011011
111010110101000100001101010001010000001010111101000011110011110110011111110011001100100001100001
111011000001100110111001100110100111001001110000010001011010000011111110101101000010101101010011
111011100111111010010100101110000110101101001010001000101111011111110101111001011000001010100000
011100110101100101110001111001010000010001100011101110100001100101101010011010001100110011001101
100100111100011010100001010110001001100000011111111100101010111111010110011010110010101111011011
101001101110111100101111111011000111111100000110000100000000011000001001011110001110001110001100
100111011000000000010100110111111111100011100101100010101011100001011010111000000010011100111011
010011011001011011111011111111001010011110110111111101111110101010111110110111010100111010111100
100110100100100000100010010101110101110001100110011111000101111010110001011101000101110011000000
010101001001110110011111111100001100001101101011100100101010000100101100010000100110011001001000
001100100000010001100010000110101100011001101100010101111110101111011110111011001101101110101010
111000111010011110001000111000100100111111111011011000111010000101001101010010101000111001000101
000001111010110110101000101011110111000110011111001101111010011111011001011010011011100001110110
101100011111010111100001011100100000110110001001111101110001101011101101011011101010000100001011
111011100010110011000100010000010001111011110110110101001000100100101100100101000110110110000010
010101001100100000001001101000010010110101101110001100111001011100111000001000001100000011110111
011011001110111000011011111000011000000010111100000101100010011010100111101111000100100110000111
100100000010111001011010010111000110101110111110000100100100010110001011110100001010111110111110
010011011011111110101011001011111010001111010110111010110001100101110101011111100000010100001011
000111000011011011011100101101111000001001000110000101101010010111001110111000100010010100001000
101000000110111111111001011111110001110100110111011110111111010000100100001001111101100001000010
111010001011001101100001100111010110000111011001010010010111010111101111101011111001100110011101
100011010011110100100000101001011010000111100111000111001010011010101001001111111001111000000101
011011000101110001101010110110101111101110110000111000110100010110110100100110110100010010101110
100010011000001001001101011000111000111110111110111001111000101110000100001011100101110111010001
111111110010110010010110110000101011110010111110110001011011001001111000110010000000110010001001
111010011001111001110110100100011110001010101010000011101101101011101101101101110011100001100110
011100000101101100111100101000010010000011100100010111010001100101100000000010000010101001011110
010010011101001111110011101111011111110111111110011000101001110010100100000111010111011111001010
101101000110001100100111111100011001001101100100100110011010000010001000110111111000111010001110
010010111010001110000010100111010101000001101100101010100110000011101010110110011010011100101011
111101011111001110000101001001100000100101000011001110001101100001101100010001010110000101001001
100111100110001001010000111111100011011010011011011011000010100001011010111110010000001010110010
010111010100110111000100100011011111101010000010100101101001110011001010001001100000001011010101
101011011011101010111001110010000000111110001101010010011010111001100000111011000011010111110111
110100110010000010010001011000111010010100001100101110101010001111011100110010101010000111010011
111000011000110011110001000100011000010010111111001011010101010010001000110110111111011000111010
001001111000011100100110100100010011011001111100001101011101001111010111001100001110101001010010
000010100110011111001001101010100010000110101011101000010010100011001011011000000000010110110111
010101011000111111101110001111011010000010010010111101100101001001110000000110000101001001101011
100000001000000100111100011000110001000111000101100011001011100000100111111101000001100101001111
111000000101001011001011101011110011001000010101011101000110011000010101111100010100111000111001
110110101110100100110101001000111110111111110110101011111011001101011101001010000101101110100101
110110000110111101110010110000011010111011111100100000001001101011101010100111100111011111110011
111011111111101010000010111001011001110011111001100100111101010010010001011100100101011100101101
101100100010111101100101010101001101010000011111110011101110111011001110100111000101110010111111
100100001011111110100011100110011110110110010110001011011110010011011011000111101011001001101010
111101110000100101100111111101000111001000101000011110100011000111111101100011110100110001001100
101100101011100100011101100011001100011001111010001100100101010010111000100111000101010100010101
001010111100110000000100000010110111000010100101110010110110010111011011100011011100000110001000
010011000011111110110110110011111000000101001001010101010010011100010100010111010000100000110101
101001100011100101101100000110111111100100101100011010100110110000011001110000101011111010101011
100100001000111110111011001001010011100011111110101101000111111111010001100011101000000100001011
001010111010100111111110011110001101110010111101111111000000010011111001100010010000111100110111
101000001101001010001111100000101111101001000010001100110101000010101100101000100101101011011111
000001000010110010110100100010010100100011010001011100000110111110000000111111001110000001111000
110001000101101000001111111101111111010101111011000111010110111110000101111001011000111111011001
111100101010110100011100111010110001100110110000001011000100010011110001100111000000111001110100
011110010001111010111011010101010010010110001101111110011000110101000010011100000001100111010100
111010111100001001010100010010101110100001111100011111100001101110001111111000100000100011100001
010110000100001100101101111010000101110101100000000100110010001100111000110110100110010111001000
100111101100001000101101000100110111011100011011011000010101110111101001111101111101011111001011
101100000100000110000100001110101101110111100100100110101100101100100110100100010011011100010110
010100111111111010111001101001011101100000001011111110011111100100101111101110011110101100111110
010100110101001001011000001011110101101101101001000110100001000111110010011110101110011011101101
110001111001010000000100000100101011111010001011011100010010110110001011011001110110110101000101
000111010111001001011101010111100110100110111001100011111101011011011100110011101100000110110111
111001010011101101000001100010010111100101010010000101111101010011111110001110000101000110111111
010011101101000101111000000101011111000101101001101101111101110011010101010101101101000100000001
100001100100011010100110100011101100001101001000001011011110000011010111010000010010011101001100
001110101011011101010101001010011100011111011010011111101110000010010101001011111111110010011101
110111111101000101000101010011110000111001101010010000010100101100001000111111001110001111011010
010011001010111110101001000110100001111100101001011110101110110010000110000100011111100111011111
100011010000110100111111010110111010100101101011110001001100100110010010010111011011100011111110
111000011110001011111100001010101000011010101010111101001001010011100010001111001101010000111110
110101100100001000010010110010010101111111001001101000000000101100101010001001110000010001100001
101000010100101111101110110011101100110010010011111010110001101011011111001100111100111011000010
111010111010110111101011100000100110010010011100011111101100110000100001001110010011011011100001
000010001001101010000110101001000100010101001100110110010111001111000101010001011011101010000100
000100011000001101110011000001110101111011011011110111100111101010001001000100011100111100011011
010001011111100000000111010000011111001101011000000011000010010001010010000101011111010100001100
010000101010011000111100100001111000000100100011100100101001000011100111100110110110101110101010
010000101001000100100001000111011110001011101101001001111001101100001110111011010000001101101011
110100010001000010100001011111010001010000100111110100011101010001110100011101011001000010110000
100101011001010110001101101001100111110001110110110001111110110101011011101001110111000110110100
110010010101110010001000101000000110101111100100111111010000110100101001100001010011011011000111
011101101110010111011000110111100010110110110110110110001101101111011011001000010010011110111001
001101000001000110011010011101001011110110111101111000010101010100011011111111010111100110011111
001110010010110010110010001100011000000010010000001010011110101000101101100100010001111100011001
101000010100110001010111100111100110110100000000000110010110100100001101010111100000111001101101
111110000011011101101010000010111111000010101111110010000101101011101100100110110110001011100100
010110000100100110011101101001011111100000101101011001011000100110111101110101110101001001110000
001110111001110001011000100110001111001000101110011010100010011110100000000010000110000100001000
011011001001101011011011011100010010001110100101010111001011111110101111101001001000000100001110
110011111010110001011000111011110110001101011001101010000010100011110001000010001010000110001010
101000011010010100010000101100111101011111000000011101111011011010110001100010100101100101011110
101010101011010110001110010000101110101111001101110000010110010000000101111001101011000001110110
110101000110000010001011010100110011110111101111100001000001010011000100101101100101100100110000
010110000101000101010000110101000011001101110100010001101000111000010011101001111001000101010101
001000001000001001110010110111001011010101110111000111110110000011010111000100010010111011110000
011001110101101011111111000010011011101111000011100110000111100001101000001111100011110001011010
001001110011011111101011100011010100101100101101001011100000010110110110101110001101011011001011
010001100100101010000011110001001110100110110010111000000000100111001011000110011000001011010100
110000111000111001011110101011000000110111110001111111010000011010000011001000000101101010100100
001101010111001111010000000000011111111111001001010010011111010000000010011101001110110111101101
101110110101100001000101101101101000010010001101000101000110101011110000000011101101010100011011
000011000101111011110101011000111011111001010110100111110110011011111010001011111010010000100110
100000100101110110011111001010100000101011000100011010110001001100011110110101101000010000110111
110110000111010100101100011100010110100010110010010010010010101111011100100110110010010000011010
010011010011011100111010100011100001010101011010001001010110101010001100000110000000010101101010
100101001000110001010110100100110011001110001100110111110101100111111110111101110010101001111010
011101111111001000110011010000000111100000000010101110001000001110111111101010000110110011011110
100000010001000000010111100001001111010010101001100001100111111011111111100101100100000010000111
011101101000001110111101100101101000010000111000011111101100100100010011100101101100110101011100
101110101011001100101011001001111000000011111110110111100111100100001110011011011011110110111010
001001110001101010111111110101000010000011001000011101011000100111000001100111000000100111111011
001101100100000110100110010010110011001100100100000011110011011111011001001100001100101011100001
111110111100101111111001110111010001000100011001011111100110100101011010111010111101000001000010
110100101010011001100010101001011110101000010011010001001100001000111010110110010011000001001001
110010010100001110111101111001001111100011100100010000100110011110011011110100100110010110101000
101101000010000001100100101000000000110000001001000000100010101011111011111000110010000110111100
000000111000111110101001010000010111110110011010101101111010100010010011101000000010001110110101
000100000010011001011110100001100100110110100000100110101100101001100001000011110110101111000011
000000001101101101011100111000100000110001100110110000100001111111000000011011111100101101100010
010100011110110011001101010001101110100001111011011000000111111111100001111001011110100110010110
000111111000011010110010100111110101111110001010110001000111110110111101011111110000000101110001
011000001101001001101100101010110110010100100010001000111110001000110010001110101010001010000100
110000010110111101010110100001110110000001111110111110101011110110011010110000011011001000111110
111101111110011011010110101111000000010001001001000101110010100001110011001001100110111010100001
000110001100010011110110011000011110011001100111101110011110111101010001100111010111011110110000
100100000100010001001100001000011000110000101001100010001011101101001111101101001001000001100111
101110101100010000110001101101011001010101110110001000001101000001101011101001111101101011001011
101111011111110010010111101011011100101000100010001000000111111111100001001101000001010000110011
101001100001111011001001000110011000000000011011011110011101101111010011101110111100000001011110
110001001010110010000101100101011110101110101111000010000110101001111011111110111111011100110011
110110010011000111001110100100101100110101010101010011100111001110110011001010000101111001000000
100001010010101010010000001011010100011011110001011100000011100110100110101010011011101110101011
000011011001011001100000000111100010100001010100010111100000000001111010011110001111100101100010
000101111111010000010001111101110100010101011101011111010001010111110011011011010000110010111100
010011010011011011101111001011100100111000010110001100101000110111110101011011111010001111010100
111101110011100111000010010001111111010011000111010000001111010001010011010101001011010110001011
110110010100010010110101010110011000011110110101010111110010001001111011100100010101011110011001
000011000111101100101011001001010010110110000101001000111110000000001000001110001000100100101101
111001000000010101111010100011111000000001101110011110001000111100011000001111110001111110011001
110110110011000000110000001001101111001100101000101011100001001111011010010101011001101111101100
101011111111010000111001000011101011000010100000101011110010001000011110001010110111010010110101
000101011010011111011011101101001100001010111011101000011011000011010000101000100010011010010000
111101111011010000001101000110011010001010000011110101000000011001000111011011000100000000000101
011101010100110111101100101100100111010100010110010000100011010111001111101100010010110011111011
001011111010000101100111000100011111000110001010011110100101010010011011001010100101000011100100
010101100101100111011111111000001010011011011101111101011011100010001001111110001000100111011011
010010000011011010100110001100110111101010111010011011010110000010001000100001010100100111001110
010111011100001110100001111000100001011101000101011011101100001101101000000011100000110111101101
001001101111101010010100101010110010100001000100001001001011101011001110100110110110111010010011
011100101101010100001001001111101110000000010001001011000011110000001100101000001110111001110010
100001011001110000000011000011100110010101111111110111001010111110110000111010001100000010010000
001010100101110100011101000010001000010100010010101000110001001101010001000011101000011110110001
101001111100001010101010011110011111111110000101001011011100111111001000001101010111101110110000
100111110011100001101101001101110000000000010110101101011110011111100110000101010011100111001011
000101010001000011111100111011100111010101000101101010101110100101111010010101111000011111110100
000011111010100111001001010100101010101111011111001011010001100101011111000101111100000110101100
000111110111011101100100101000011011010000111001010111011001011101110110110101001111100011000111
100011001011110001010110001100010100010011100011110101000010011011011000000111110111101100101111
001010011110111001110001001010000100001100011111110111110111101010111100100011100001110010110110
011110011010001000101011010001010110001110110110111010000010010111111011101110010000010110001100
110010011011010100111101100110001111111100001011011101101001111010011010000111100110110000001000
100101011010100100001010010001001010000111100011110100001100000010001000101111111010010111011111
011011101011010010011001100100110010011001100000100111110101101110001101100101010011000100000110
101111101101000001101010011110110111001011000001010000111001000011000100001101100001000001000100
011011010010001011111001111011001110101010101101000011010111001001010000100010000101100010010001
010011100110111001110011011100100101010110010010111110110000001101100101101100010101010010011000
010010000001010011000010011011110100011110101100001110010001111110111011001001100011011011011101
111000100111010100000001100010000110101011000011000101101111010011011110110011000010010111111101
110010000100100110100011101101010011010011110100001000101000101000000111100001001100100110110000
010111110101100101010010000010001101110000011010110110001011110001001010011000011011010101001000
011011000000011000010001110011011011100101111110100000111000001000111100011111101100101111110101
011111101111011010111001100000000100111111001101001101110010101000111000100011100001101100011010
010000010101000110000111000100111101111001001111101110101110001010101001100010010110010111010011
110111110011001000001111111111110110100111001110110100000010101100100111100010111011011111010111
010110010111010011110010100001110110101010011010000000010100111100110000101000010001101001101011
000011000111010111101001011110110011110011010010000100010011011000100000011110010101010110110011
010010001001010101001010110000101110000011011001111101100111101001010000101001000101110111111101
100100100110011011011011100000110111011100101110110001011011110001100010001101000111001011000010
000100101001101001110101000101101001001011101000010011000011100001101000100000001111011101011101
001101111101110010110010011101000110000011110110001010001000001111101101101101111111110101100101
010110010000110100010001011101100100010010000010001111100111001111110011010011001110101011000001
111100101100001011111011111000101001101000001001110110001100010011111001111111100111001011101110
001000010000110010001111100000011001000101100110001101001001001111010001011000000010101110111100
011001000111011001100001111100001000101011111001111001110000111111000101011111010101010001000100
111100000001111001100001001000101101001010010110000111101100100000101110010100011111010000010100
010011100101100001001010000011111101111001101100010101011100010110111111100110010000110010011100
100010010000001111111000111011110100000100111000110011110110011101101111000101100000101000001111
000001000000011100101001010111000010010010011010111100010111101110100000011111011000101111011001
010000000100101001000100001000100000100110101101110101011010101010000110111011011110011010100010
010010100111110110111100101101011001101110011100101000110101000100111000101100010011000100001100
100001101100111111110011110101101111001111101011101000001111000100010101011011010110111111010110
011111101110000111101001111111101100011110100010010101001010101101001111110011101100000100101111
111111010010110100010010101110111101100100010100110110101000111010011000100010101111000011111101
110100001111111010110111101010010001111010101111100110001100100001100010101010110011100001101001
010010010001100000111001100011111010101110110010110101000110111001010001010000110010001010110110
001000001011110111011101011010000001100001101101100111011011011000011011011000101100100010111110
011111000101110100000100111100100010111110110010011001001111101111000110011001001101110011100000
000100000111000110011100101111100010101010001110101010010100010101110000101110110111111110011011
011110101010010100000000001001110010101110110011100100011001010011001111111000000110010000011100
111010100011110110010111101001100111100010001100000011101111000101001010001101001110001110100010
010000111110101100000111011100000110011000001100001011100110110000010111111111000110001100111110
010001010111110010010011100011011011100100110101110101101111011001000110010011000010111001000111
001111001101110011111110001110010011100101000101000110111001110010101101100000010101100001101101
011111100101010011001100100101100110011100011011001101110110011001001110011101000100000000001101
011010100110010101111000111110011011100000110111001000100110001011010110111100011001000101011111
111111111001011101011100010010101101010111111011100000001111010001101101101001001100111011110011
100001111101001101000001000101011100010100001011111010011110011101001010001100111111010010110100
000110001111011100001101111100001010010001010111100101111001010010000001000111010111100110111000
000100110111011111100001000001110010110001111100101011001010001011101101000100101110100110010111
010000101001101011101101011010110110000101110110001100010100101011101000001110111000101011110111
011010111100010000101100000111001100110011000011111100110011100111001111101111001001101000110111
001000101011101100000100001010110101000100100001000010100001010001111110101101000011111101100111
001110101001111101111000101100110101110100010000110110110011110010100110000010100101111010010111
011011011100000010101100101111100000011011011101011100111011111000111101110110011000110100110000
001100000000011010101010000100000111000101000100010111111100100110111101010010001101111110001101
100100001011110110000010100100110000000000000001011101111100111011011001100101111110111100101010
110111001011110110111101101000011010110111100111101011001111010111010110010000111000101001111100
010000010101011110011000101010011000110001100001100100000100111011000001010011100010101010011100
100011000010001110110100110110011100000110110011111100111001100001001001000100110100111100111011
000001101000100110000110011100101111010110101111011110111101100010011011110101011101110010000001
110101100100001100100101111111111110111000001000001101111100010010101011110101011111001011100101
111110010101101011110000000111011010001001001111001110001100000000011100011001000010111001101111
000010000100111101101100111110100101111000011011100000011011001000100000111000101110100111100111
100101011001101001001111011001110110110110101100010001001010011111011010000111111111000111001100
100001000010101101100111101011101001011000010001000101101000101111001000100011111001110000111100
100011111011110110100100111001000000001110110100101010010100010001010011011010100011111000000101
101001000010101011000000101011101101010101111010111001101110001111101111000011011000110000010110
011100011110000100000000101001101000111101000101101101010000100010001011001011010111110111111001
000010010000110010011111110111011110000101000110101011001001000000110110100101011011000110011101
111100010101111001010111111100101111110011001111000010110001100101000101100000100100001001100011
011111001000000000001100011101010100000101101001110100011101101010111100000011111001000000100001
111100011100101111101010000011000000111001010100010000111110011110110001010011100001000011101111
000000111001010100101111010011101100001011110100010000001110101000101100011001110111100100100111
000110010011101001110100100100011110000010011000000101000010101111011011010101101000110100101000
111011111110011010000010011001001100100101100001101011110010010010110011001111111101001000101001
100101010100000111100111100100000101110011101000001111001010100011011010001001110001111110111010
010000000111000000010011101101001001110000001101100010011101101101100010100001110011111000101000
000010010001000001111110010100011001010110001100010010010000000101000011011001011111111000001111
000011101100011100000110101010001110101110001010101101101110111010101011011001000010110110010000
100010100101111110100001001110100001100011101000000000110000110010100110010110010010111000000100
001000110100110100010011001000110100001100101110010111011101111011010001101111111000110010001001
011101111111101010000010101010001110110111011001001111010110001100010010010101111100110011010101
111010111001010100101101111111110110100110110100110000101010011101101001010011100101101101110010
011101110001110011111110110000000110100100100101110110001011111000111011111111110011011011011001
000011011010001111111010010001110111010000000100100011110111011110100001001010110011001101000100
010000101100110101011000010001111100011111011100100010000110110110110101111001101110110001100100
011011011011100110011000011101101011101111001001110100100010110110110111011110010011001010000001
111001100000010000001111100111001110111001110101110100110010101100010101111111110101011011010001
111001110011110101101001011010100101110010111010110001011111110101110011000110001100011010111000
100101000110111100101100001011010110101001000101101010011100110011000111001100100000001001010101
010000110000110011010100110110000111101011011111011100100000000011110001110110100100111100100101
011111001010100001000101111110000011110010111001001110010000101000101110111111110100000000010000
001011100000101000000110000001101010110000100111111101001111011101100010000111000000011000110101
101110000100111011110000111100011001010111000111111100011110111000110011110101011101010100000000
011110011110010010100101110110100000000011000100110000101001110001110000111010111111011110100111
000001001011010011100100101010110101010010001110000010101010011001110100110111111101100111011110
100100000001011000010101111101001110001111111100011011001001010001101001111110110110111100111010
101100110000111101111010011000010100011110100110100100000101010000110101110100100111010010111110
011110100110010110010011100001110010010001000011101110101000101010101001101100111000011110101010
001110111000000111111110010111001000100100010111010101011001100110111101000100000110001101100000
011000100000101000110011000111101010110100011111011100011001111010000010110101000110101100010000
111111010000000101110111101101101101110000101010010001010100011111111111101000100100101110111110
000000101010100000101000100111100110010101100001101000000010000110100111000110000110010010111101
001011101111111011110110100101011110100001000110110111000100111101001011101010111000010000010011
011110011011101011110101100011110101101111010011111110010110011001101111101011001011111111011101
111001001010111110110011110000100100101000110101000100011000110101110101001111111011011000001011
010100001110011011110011110100100111111111101001001011010101111110111111111011001010101001101011
100010111100011001010001110111010010000011000000011001111100100011111010000010110111100010100010
110001010101111011111100111000110001101101111101001100101001101011110000010111000010010000010100
000011001111110110010101010011010110101001001010101001111010111101111010001001110110001000110001
011110000100111111111100011011111100010011110111011101000001101111001000000001001101110111111001
011111001111101000100000010010101111111011001010110010010001110001101010100101111101111001101100
000000111000011110000111110011111101110011010111100010011000001110001011101111001111000000001100
000100011111101011000010001110000011110011111011110111100001100110000111011111010110111001000010
010000010011011110100111100110001101001110001110100011111100101101000011010010110110111000010100
101101111111110001101111010111011110000000001110110110100110110110001110101100010000010000010010
110100110001000101010101011011111111001101111111110100001011111110110100000000110011011111100101
111101111001101000000100011111001101000111110111101101111100100111001100101111000100100001100100
110110111110110101000000011111100000000100011011100111100011010101001100101001110111000011110111
010100001001110011010101101010100000000100010110011101111111111101000100110011110000011110110010
100101000010111010001101011001010110100000001011011001101001100111001011010111011101110010100010
001000000100111011111010110100101111010001111110101111001000011011101101111001110010110111110010
110100000000010000001111010010001100101101101100110011000011100111011011010101001101110010110011
101010100101010000101101110101000011111000001101000001100011110010100100111011110110011011000001
011011101101110000011001010101111000010100010000000100001110001100111110011111110011001011001110
010001010111101110111110000010010001011011010111100001110010001101001101100101101000001101100110
000010111110100111110011111110111110110110111010000101011001111011010000001100000011111000011011
