010001110100001000101111101100011010111101110010111100110010101011000010000101011110100000110111
001000001101100001001000010111101000001000011011011001001011010101010010110011100000000001011110
011011110011100010011111101101110111101001100011111111100011101011101010000011011001100101100110
001010110010011000100000111000000011011101100110100110110000001110100010110101011010011011100100
010001010111010011000100010111000011100110001100001011011000011101010000011101000111010011101000
101100101110010101111011011000100111110001010000110100011110101111011100100101100000011011110101
000011011011101110000001111000110101111001111100110000100010110010111101100010111110011010110101
111100011001100100100101101001111110111001110000110001010000001011000101100001110010101011001110
010001100101110011101010001010100000001110110011101011100100001111010101000001011101001000000111
001100000010100011101001110111011110110111010111100000000001010001101001010001101110111011100111
011010001111010101110101010111110010001001110010101001101100001001010101011010100000011000001100
101010110110011100111010010000010111000001011010001101011101100001011010111011100101110100000100
110011000010100100100011101100001111000111001101011001101100111110100111001110010011111111000010
100101011110011111100100011001011000001101010110010111010111111101001011001101001111000010111100
011101000000111100001100001101110110000000011010011101100011111001111000011001000100011010001011
000111010111011100101001100101101110010111100011100111111110110011100100010000000100011110001000
111110011001111101110011000000000101110111100000001110011110011101001101001110011101000110110110
110001110000011010100000100111000011011010111111000111001101100010010111101000011100001111100000
111000001011000010111000110000000111011010001011110000000001111011111000100011000000101011010010
001000100100001001010100110011001010100011000101101100111001001000011111001001100101001101101111
111001111001100100101001110111010111010011110011111100010100011000100100000011011000010010100010
010001101110100011110110010100100110111000001111000001001000011010100011101110011000110110111101
110101011001011001011001001011010110101001011011101001111101101100001111110011001100000111110100
100101101010101001101011000101111100100001000111100000110000110110001100100011011101110010100101
101010100110001110111000000000101101100011001001010010011001000101000101011100101000101101010100
000100010101101100000000011111110100001010000011001111010001101001100101000100000101011000011001
111000000101101101101011100001000001011010101100110011110100111110010011110101100001001010100111
011001100101001010111000000010101101110111110001010101101001100000111011100000001010100010100110
101000010010000010101110000010111111000010110100000110100001100101111100100100100101110011110010
011011011100110101110001110111100011100001011110100110001111111001101111010100011101110101101100
001101011100011101100011001101010010001100000111110111101010010101001000010000000100011101111011
101110011110110110010110111110111010000000110100100011001010001110011101010110100001000011101000
010001001011010110111110010111001100101010011110110101001111111011111011010101000001011000000011
011001100111111111011010100101100000011011110101111001001011111100101101011001010101001011011110
001011010000100110011101011001110000111010010111110111001010000011001111000000100101000100011111
011101110001110100001010010110111101101100101100110011000011110001111011011111100101000010010001
101100110111100001000111101110100101000001101011010010110101101101111100111101000000010001000101
011111100111011110110011101010011101111011011001011001010110110010001100001010101101011001000110
111000011110100101111111101110100001000100110000111010100000101000101111011000100001101011010100
001001111100011110011001101111010110011100010000100000100000010111100010001100111011010010100000
101110101111000010010011010010000000001011000011001000111100111001011111010110100111000100100101
101010010110101111001110000101111101010000010111010011101101011010111010011001001111001001111100
010011101111010001101000000000101010110000001010011001101111111100000101000011110110101011100111
001111001101010110100100000011100111011000001001010010111100110010100110011011011110001010111000
100000010101001000111110111011011000001000110011101101101101100010001011011110011000110101000111
000101101011110010101011110000101010101011110101100101011110111101001100000001001101011111010000
001111101111100000100000011010101111000110101110110100000011010100001111011000111110001010011001
111101111110011111001000100011000011011101110010010101101011011011100000010010101010001010010010
010010101011111010101100101011111011011000010000111010100101000001101101011010111100010100000101
100100011111101111100001110111010111011001100111101110001111001110010101100000000100111101011010
110110101011011101000111010110100011100001011100010011011000101111111010110111100110101010110111
010010111110110000010101010011011000101101010111000010110001101011010000000110000000010000000001
000010010111010100011110111000010101100100001001101011111100101000100001111111001101011010110110
000010000001110010000110000100111100000000001011111011010100000110011110111111000001000001000011
110100111111001101010111101110100100000011110101010011000011001001111101101101100100011001101010
011101011001010001000000111100010010111010111010010010100101111010111010101011110101111101111010
011101110001011110001011011101101010000100101001100011111001111111001100101011101110100111000101
011110101111110100101110011011011000110111000110111100110100100100011001010000000110010111010100
101001101111101001110100011111000100111101001110111010101011110110010101100111011100100001000100
110010110010000011111011101010111100010000100100001111001100110100100000110110010010001100001000
010010010001001110011111001110110100100111100000101011011011001010010011101110101000010111011000
100001011110100000011110000011011000001000011010010111010000101010110001111101100000100110111000
010100100101101111101000001110101011111110001010111100011010000111010110101001101011001010101101
001001111111000000111000000000001000001010100001001001011111011011101000111100001101001100010101
011101010000110001001000101110010111101000101100011110111001111011010010011010100011100011100111
011100001101010000001001100001101010001001011100100110100100110010011110011110001111011010000111
001110001000010000111100000000010101111010000000111100110100101011111001100011100010110001000100
010000110000111000011110100110111110110011110110100110000101000101110110100010011111000111100000
111110011110011110110110100100011010010100001011000001011010100011110001001101101000101100001010
111001101110110001001001000010010000001011001011010101100110100101011001001000100110100001101110
011010000100001001000101110000100110111110001110100001011100001111111110100001101011110101111111
110111100010101011111101110110100010100110100100111010100000010101101011111000001111011111011010
011110101000001001000001011001111001000100000000101000111000110001110100100100011001111001011000
100100111010100110000111111101100010000100101110101111011000011010111101001110001000111001010110
110101000000000000100110010111101001001101000010000000111100101100010000010100101111101100010001
100001111001010101111110011110010100111100110001001110101111010101100111000100010011001011101101
000101100110110111001001100110010001000011010101111001001000110011010001000111111001110000010100
001111111010100111011111111110101011100001000101101111000100101110010101110101011000100111110101
010100101101000011100011100000100000101100111000111111110000101000101001110010001100010011010100
100010000101111111001101011001000100010110111001000010001100010001000011001001011000101101010010
000101100101111110110001101100001111110110111111001110100000000110111110000010011100100011101100
000000110110100101001100010011001110100100111101111100000010011001000111011000000101010100111110
000111011011011011010000111101111110010011010001101011101101010110000111100100011001111101011100
011110001011010100111010100111001000101100100101101011010101100000000011010100100100000101011011
110110010011010100111000110000110101010000001010010111001010000000000101111101011110000110111110
001110111001101111011101101100001000101111001001000111111000010000101011000001001111001010010001
010100000010011110100100111000111010001001001000000000001101001001010001101000010100111001010011
110011000110000000111111011100101011111100110010101011110011011101001000100011101111110000101011
010111010101001011010011110101111101011101000011101100110011111111101001010111001011110001000011
111011110111001111111001101100110111001010111010001010110001011110101000100001011111110000011000
101000010101101100111101010111111111110001101000110100111101110011000100101100100100111000000000
010001101101010111100000111011110110001010110101011001101110101010111010100111000000100010100101
100000011111100100100110010110111110101010011001111110000110110011001110010100101111010011111011
100011101110010100000100010101110011011111111011101110010010001010100100000101101001111100100011
101101111110100000101001110110010001000010101010111111110110010100101110101011010111011000000010
110011010011101000111011011000101000110001011000110001011110001110101111001011101000010011000011
100101101011100101100111000110010101100001011011100101111000111110010001101111101011010111000000
111000000000101101110101111000001110011001101010110011000000101001100010010101001100001010011111
111010110001001011111100011010000011001000010011111111011001011010111100010001001101101001101001
101001011001011001010011110100000001010000010011100111111010010111110000100100011011010000111001
011011011011010001000000100100110100010010011010111110010011010100001111010000100101100000011101
010101110001000011101110100101000110100100101101100011110111001110010011111101001110001000011001
000011010100001100010111101011001000101000010011010011010010001100111111101100000110110011111011
110001000011010011010000110010110101110000010111101001010100000101101011010011101100010001100111
101010111101000000100000101101001000100001100110010110100010000001011010111001100010010100100001
111100100101100001110011001110000011110010100111010011001010101001101000001110000111110100110101
010000011001001010110101000111010110000010001001110001101000100110101100111101111101000111100010
100011111111111111100000100011100100001100000001100110010000100011110111011100011010011101010111
011111111001110110001010001100011100001101001010100010101101100000110010010010111001100101010000
101011010100001111101111111111010101101111100000000001011010101000011000110100111010011100111110
111111100110001100110110000100111011011010011100001010011010110010101111010111100111011001000001
110000001111101001011101101011000010101111110111101100001110010110111010000101001110110100000001
101110011101001011001011000100100101110011111110011110010101001010010101001101101100011001111001
111000110000110001010011111100001010001001111000101100100110011111000011110011010011010110001011
000000000000111110000001011001110100011010111011001010110001001011100101110111000101101000101111
101110110101111000010010110101110000101111000100101000001101111111100110011110110101011110111100
100001001100100000100001001011100110000011000111110101000111001101111000101000110111000101000000
011101000001100100000111101000110010111110110010110111001001110000110100000010100101010101100001
001110001111011011100000011100010010000111111101000111100101000000100010111001111100000100101011
111110011000101001111100111110011010101111111011010011111010101011000111000010010001110100010100
000100111011000000100100110100111101110100101011100010001101111000110000011011000000100110000111
010100111110000101100010110111110110010011110101011001111100100111111000011001110111000100011000
010110001100001001111010111010100100111110000101111101000101001001110000000001000111001110110011
100110010011001111100111000010111011101101011111001101111010111000110111110011001010010011000010
110110111010110001010101100011100100100001010001111011101001111101111001010011001011010001110011
011011001111110101000000011010001111101010110100011010101000111011111101000000011101110011010010
111010011101111010110001001101111111110110011000000001011110100110011010011011010001100101111010
111110010000111110000011001100101000010010001100011010101011101011011110011011111000001100110100
100001011100010100100101010111001001000011101101001001100001001100111000110000011100101000101011
011001100111010101011100011101100010000001010101101101000011001111110110010011110110110000110001
110010000001110110111110111001101010101011110110101001000011011100001001110111011010000011111110
011110011110001010001010001001001010110000111101000101000101110001111000111100111010100111000011
000110110111111110000011001001110101011000110111101001100111101010001011001001011101111100111110
100111010010100001010101001000101110110110100011011010101010100110111111000011110010000110111011
001001001010111111100100001010100000100101100010100111111110011111011010011000110000100001100101
010111100001010111000001110011100101011001010001111100000001111000111101011110100101000011110010
110111010110101000100000100101110111101010000111011000000011100000111101111000000000001010001111
010110110001111110110100110001000101110101110010110101100001101110100001100110111101110110111111
100110110011011111000111000100010110110101111101001111101011010110111001100111010101100010110000
010111100011011101110001011001011011101110101101111010011011000100001101010010101010010000111101
010100001111001111110001000001001111110101101100000001110011001010100000001100011100011011011100
010111100001101001100111101111011000001010000010001100000111001010001001011101100001011001110110
100101001100011111000011101100010011101111101101111101111000010111101111110110001000000110001100
010001000000111000101101001001110010000001011000011001110100011011111101110100110001101010110110
001000000000101110011110100111100000001101010010010110101110011110110011100111111101001011111111
011000011011111110001011011000100101111110111111100111001100001011110101101011010011000100011010
100111001001101101010110010010001101001101100110100001010000010110000001111000101001101111111100
111110111111100101011111000011011011010001001001101111001010000001111111010101111000011011111001
111011110000001000000011001100010000010101010100011001001100111011111000101011001010110011100100
010011111100110000001111010010000110110100101110001110101101000001011000100001101011001101011001
100001010001000100111110100101101110001000111111001010110001010010010010111101010110011110010010
000101111111110101110100111111111000101011101001010100100100111100111000010111000110011010111010
000001111011101000110000010111010011101111110000011011101100011001000101011111111010000111011110
101001101000011110110001111001111101001101000111111010100101000010001000001111100000011010000110
011111110101010011101101100101001001110110101110110101010011011000101110010100100001010110100110
011000000000001100110110110010010010001101001101111010000001001010000011110010010111100100110001
000111000010001000000001110101001110111110010101001000010001101111101011010110101001110010010000
011100110100010000101001011001000000110010110101011001101111110110011101100000001001110101010111
101000111110011011111001001100000101010110000101001101111011100111111000011101100001111111100111
111111000000001001001001101010110111011011010110100011011101110001111101111101010010011101100001
101011001100010011111011001001011100010110101010111010000110111101110000010011011001100000111101
111011101100100111101000010011001010000010000110001110000110100101111011010100111001011101001101
101011000010101000001001001010010111000101000011111111111111011000011000010101100100111110111001
000101000000110110001001001000010001001010111011111001001001011111011110001000100101111001110011
101110100000000101110010111000001101100101011111010111011111010000110011100111100011011110110000
000100010101010001100100100011011010111101011011110111000100100000000001101010001100001001000110
010011011110111111011001111111100110010100101111101000000010010110110100111001111101011101001111
110000101111000100001010010000000010111111110111010011101011111010001101000111110001010010111011
110110111010001011000001111111010100100110000000000100000100111110100000111010010011011011100111
101010010000001011111100011011011111011010110100100100101111000110001111011101101001100011010100
111110000110011000001111000110101111000010001000000111000001100001011000010011110100111001100101
110011110111100101100110111110111110000100000101101000110101111100110001111010011001010100010111
111101110001010111111010011100001010111011001110001011101100111011010001000111010111011111111011
001001011010011001001110101100001000011100111010101000111110000010101011000111100001010000111111
011001111100111101011101100010100100001100010100010111000110001111110110110000111000101011111000
110110000100110011101000110000101100110111000010001110010101101100010100000101111111010100010011
111100011111011001100110110010101110110101100111011011101101111101000001111011110010100010100001
000100101001011101101100011010101010101000110111111000011100010110110100101011001000011000010100
110100110100111000100100011100110111010100110111100110010110011110010110011101111011001010111000
000000010000100011000101110000101011110010110101010001101111010001001110101011100011111000111110
001111001111010011000001110000100100000001100001011101010110101111111001000111001000101001010001
010001111000010011010011000001011101111011001111100000001110011000010111110111001000110100000100
110001111101000101111011111100100101001010000000110000011100100111111100101010011011110001010011
000100110100011011111110001000001000010010011011000101000101101111110101011000010000000110101001
011110001011110111011100110000000000101111000000001010011001100011011011110001110011011011110001
000111100011010111001100010010101111010100001100101110110001110010001110011011100111000111001011
001010110000011001111000011101111100111001110101010010010011010110100101111001000010100011001010
000111010011000111001000101110010001011011011110101011100010100011101101011010100000101001111001
001011000100100100101100111111010110101010111011001110110111101011000011100101111101100110010010
001010111000000000101100101100010101101000010110100010111010011010111010100111011110111000001010
011000101111110101100011111101111111101010110100011011011101010001100011110101010000001111011101
101000010100001001101111111111111101010101100100110111110011011100101011100100110010101100100100
001010001100000000011101111000100100011110100011100100101000000110110110101010001001110010010000
011001001111110100001010001010000001111111101001000001000100011101011111000111011010100011001111
111110111101111111110001100000101001001011100011000010111100011000111000001000110100001100111000
010001011001011011011010100011111011010100100110010100010101111100100100010011100101010111110000
111010100010101000101110001000100110010101110110000111111011000100000110000101111110110011100101
011001001111100010001111110111001101111110010101001111001001010100111100010110101101100010111100
000010100100011010011000110001010000100001000010001011111111001101111110100100001100011101001001
100111100011011100111111011110000010101011011101010111110111000100101011000111101110011011000011
000101001111011001110000001011011010111100001000111110101110101000111111000010111011100110010010
011100100110000011101111010111110100001011001000111100000111110101011111110001111011011010100000
100100010000001111011001011100001001011111111100101101011110011110000000011110000001010010100001
010001001101100111001111000110000111101101001110011000101011101101101000111100010110111001111101
011000101001100110001110111110100011110000101100100111000101000010111000101010110101100111011110
100010000011010101010110111000110011000101011010100110011000011011000010001100110111001001110100
110100101101100100100001110101001101110001110111100010110100110011000101010000011001011111010011
101000100000011010010101011111001100001011010001100011010010001100111111000111011010000010110011
011011010101111000011000111101001000100100100101100100000111001100100001000001100000101110111001
000011010110100000110000010100101101111010001111000101001101000001001111001101000000100010110110
101010110100111011110001110101101101010000111001111001000000010001010100101110110100000000000010
110101010011011110000000101001001011000001101100000011111111111011100101111111000001111100000001
101010011100111101110110010101110001101001100101001000110101100101010111010100111011011000111101
101010010110001001011101111100111001000111101100101001101010000001011111011110110101010101110010
011111000110101001100001100010111101101001100101101010001111100011111101000001011001001011100110
101111111101010100000010000001011001101010100101001100001111011000111100010101010110100000010000
001000000010101110000111110011000101100010101001110100011000011010011101011111010100101101001011
100000101000111111100111010011100010101101111010100101000001111001001101101100010100010111011001
110000000001000100001101011010111101001001100101111010111111111111111100100100111011111111000111
101000110110110101111001100101101101101101110001100001110111110101100010111001100001100000011110
111111001100110110001010000001000011010001011101111100011100011000110101001111100110001100011110
100111101111010001101100000101110110111111100011111110000011000011001100100111111101111011111111
111010010011100110010010000110000100000101011001100010001100011000100000010000100110011001110011
111000001011011011111110011111001001010101111101101111101011101110110010011100111111101000101001
110001011111101101101111100011010101110011101101010000100110100010100100111001110100010011000000
101111100101110010011010010001011100110001001001011101010010001110011101001101010101000001010001
000100001111100010111000011111010110011000101100010000011111100110001000110000101010000001111101
001111101100111100011000110111011110011111110011000101011000001011110011010010010111000010101110
111010100011100111100101110110101000110100011011000010001000000001001011011011101010010000111111
011111001101101111110101010111101100010100101001110001000001000111000011011111011010000111110001
001001010101001001011111001011011000011110110001111011111001110111000011100100001001011100111011
111111011100001000011110100010101111111110110110101010110010100111011000011001101011010110101101
000111111110100101001000100100100010101110101011110000001110111111110011000000010000101000110100
100011100011111110101101000101100110000100101110110111110100110110110100110011110001001001111001
100110011110011101100010010000110111000100100101101001011101001000000010100000101101100001001100
001111000101110001100001110001101110000010110011001000000001000010110100000000000100010000011001
000101110001110001100101100001100000011110001001000100010001101100011101110011010111111010101010
101011011101011010110010001100111111000000010011111100110011001110010101100110100101001010000000
011100010010101111111110001101110011101000010011100111010110111010100001110000110001010110001110
001011110110011101100010011101011110010111000111001111011100011111011101111111111101111010110101
000000101100100100101111000000001111011001100111010100101010100011101000001100010110101001100110
111000011001001100111111010110010110100000101100011011010011010110101001110001011101110100001011
110101110101110111011111111010110110011101101111010111000110101010110100110111011101101100101000
110010001110101001110010010101011011110011011001001011111010100011101011110000100100101010110100
111110111101011100011110110011111111010011110111011001000001010000010111010010001011010011000110
000100000111000101010110111100111011111011111010010001000101110011110111011110011000011100001001
001010101110110100100010100001110000011011110110001110011011110110011011000000001001101011011010
000011001000111010111111000001001111000101001111010000101001000011101111010110110110100000011001
001000111100101010111000111110010111100000000101111100110010010101001101001111101000011001000111
001100010111000011011010100101011101110011110111010100001000111000110111101110001010010110001010
110001010001101100011110001101111000100001000110010110110100010111011010100111001100101000101110
100100001000110011101001100011010101010100101111011110111011001010101011110011010010011011111010
111011001010100111110001001101111111101000111000101110101110011000101110110010011010111001111010
011110001000000111010100011100010110010001001101111110011000010001110001000101110011110111110010
110000111011101010000011110010011001001001101100100100100110000011001110111010010100000001011101
111010110100100011010110011111010000110001110000100000011010010101011110001100001111100001010111
011111101110101011010001110110011111110010100000111010100110100010001111111110001100101111110010
001000010010100100101100100010001011100011111111010100001110011011111101100111011000101010010011
101001110100000010001000101100001110110100011001001100001110011111001010101010110000001100010100
010011001000011010000000001010010011011101100100110110000000111000110110110000111011100000001010
011100001111011111000100011000001101011010000110001100010010100111011001010010111001100101111011
110101111110010110101111100110000111001111101010001000000101110110011011011010010011001010100001
101100100010100111011110111111100110001101001110011000100011001001001010101010101101110011100100
000011010000010100010101010010001001111000011100111010000110110000101100000101101000010101010111
011100111011001000101011110001001000111101000101101111111010110100001010001100000011101110111010
010100110011101010011111000000011100111000110000100101011000100011111111110010111011110001010111
100101100000010010110001001011001100000010010111011011000101000110100110110011100011100100001111
011111010000110000001100100000111000100100001000001011111010100111011010001101111000111001110100
110110011100001100000010011011100011100101111011010111100000101000010010000111110010100100111000
011000110001011000000010110110011011000000101111110001011100000010101110101100011100110001110110
000001001001101011111000000101001010001010111100000000110010010001011000100110101011101011000110
000100010011011101011000110111101011010000111011001001110110100001011011000010001100100111001100
110000011001011001100100101011110110100111111011011010100100001011111100101011110000110101011010
100001010010110100101100000011000111111010101100010100111010100110001001000101111111001000111110
110010100110010110010111011010110101000100101010111010010010001100011010111001110001111111011001
111010000101000111111101000011100110000111001100001011100100101100110100100000000000010010111100
011001011101000010101111100000111000101010001101011001011011011000000111010000011000001101101001
000001111110010100111100001011101000101011000110010101010001111011110110001011010110010111001011
110110100100001110110001001000111111100011000101010100010010000011010110110111000001111010111011
010001111001000100000100000101100110110001010100001101000000011100011100101001100001110110000100
001100101000111100100110110111110110110010101000010001001000100101101110110010111111011001000011
011000011100101100001010001100101101010011101001011110011100010010111011110000110110110001001000
101101111001010000111010101100111110111101000110000111011101010111000001101110100010110001111110
110111001101100000110100010101000110000000101110010010110001010101100110111000101000001110101111
101001100111100011111110101001101011111010000000001001100001001111011010111000101010001010111101
010101111100000100010100100100011001111001101000000011010101100101110111011101000111111111100010
110001100111101111111011101000111010011101011011010101111010100110100011100101100001110010100101
010000111000000000011101110100111001101111110110010010110100010100111010000110101010100101100110
110001110111000010101110001100111010111111100101001111010011110100010101111111111100101101111010
111001011110001001110011010001111100011100100001100011001100100101011111100101001010110011001000
011101101100010111110111001011110010110100001001111011110011111100000000010100000010011111011011
111101100110011000110011000000010010110111101101100001011100010110001011101000000011101010001000
110110111110001100100010100000100101000000101000001100010101100100110101001000011000100111000110
001100000100001111101011101001000000010111000100101101001000110111101110100000110101011000110111
100010001110000111110000110100011011010100001011000100000011110111111110000111101011010000010001
011000101001011001100110110010110010000110110100101111100010110011000001001011000001000010000001
001011010011100000100100111100010101100010101101111010001101000100101001100110100111100011100110
100011001000101101011001101110010100110000110111111010010110100000100110010110111010000111110110
010110011100001001010101001100101101110111010100110101000111011101000111110011011110101100011100
100001100111110000011001111101110001011101110101000011110111110100011001001110100001000100011001
