000111001010010011001100101110010000000110101111011100100011111001101010110110110001001000010110
001111101000100010010101000110011000010101000110101000010000011110101001110010000010001100110001
011001111101100001001111010100011001000000010011101010011011000101001000101100000110111011010100
001100110100011010011011100011010000010011011011100011000001000101010111111101111101011111011110
111110110000100100101110011100100001101110100001000111011100001001100001100000111000011010111111
100010110001110110010001000010000101001010011001110100000111111001101100011100101000001011111011
011011111100101111101111011011010001110011110100000010101100110001010100001111111010000000001110
011110111101000001001001110111110110001111110001010101001010000100100000110010000001001011101110
011110010010010000101010001110010010000001000001010111111101110110101000110101001100110111001111
000101101111011101101100011000011110101000110100010110001100110011011001000101010010000000010010
001110010100111110011110011000100001001000101010110000110111110100100011111000101010001111100110
110110101101001011011111111001110000101011011111111100000110011111001000011001011000100100001011
111111000101010111111110101111101001101011000111011011001111101100001110011001001111011001001001
101111000101100011111001000100001001000000100111111001001001101111000011100011110101011011011010
000000110011101110001101100010011101111100110110110111111111110101100101010100101000110000101110
101110100010111101000001100100100100100010110101011000100111101101101000010001111101010101110101
010111011000111101101100001000010100100110010100111000000001110110101101101101001110001101000101
000101100010000101001010101001111110001000111001100001101111001111111110001110101111100110011011
010001111111111101001000010011110110101011010101010101000011000100010100110100111001011111110110
011011001010111001011011110000000101100011100000001011100011001000001001111011111011101110000101
010000001101000111010001001000111111011100011100000110101100000001000101111001010100110100011010
001111101000001100100001100010001000000011010101001001100011111000100001011000110110011010010000
100111100000011111100000110110101101001000000101011010111010100101011111100011100001011101000000
100001001000010110110001111000110001001000001010010001010101100101110110101010000001100111001000
100110111110001001001101101001110011010011100100111100100110011000000111000010000001101000000101
100010101100001001111000100011110000010011010010000001100111010111001100000001110110001111010011
101101110000110011111011001100101010000000001101010101100100000000001011110011101101001101011111
000110011011111000011000010010110110001010101110010101111100100010111110001010010010100101001001
001110001011110011111011111110001010111111000111011110001000101001100111000110100101111100000111
100110011111110111000100001101001111100010101010010111100111101000001110000011101000001110011111
000110011100000000101011110011000101011110010011010000100000101100100100110100101000101000101001
000010101111010101000011110011111000000111001110110001001100111101001110100010111011000011100110
000001001000001111111001001101100101111001000010101001010010110011101100011011010010110011000111
110101100011110001110011010001000011111000111100111100100011011110000100111011011010011111101111
101100011100010001000101111100101011111101111001011111010011001000101111101101011010111001111000
101001100000001010011111111110100011111110100000110111100001101110000000000011001110000000111001
001001101001101001000000000110010010111011000101001010100010110000000001111111001110001100000010
000010110110100100001100110110010111011001110010001000000010001111100010000011110111100111110110
011111111111001110100010010000100000110001011011100111000001101010000000000101110011100000010011
001011011101011010101111100101011111001111011111100010110010011100011000101111000010010111101101
001010110111000100110001000001001100110000100011001011111001000111011110100111101111110101111110
110100100101001100000001100010111001111011101011111111010100101011110101000100111111100101100100
010000010101011011010011111110000110010011100101110111001010101001100011001000110000100111011011
001001010000100011000010100110001101011101010111001000001111010111000001001000111010000111000110
011100110110010111100111100100110111000101011010000110010101010101101001000101001001111111101100
101011111001111010001111000000111000011010010101000001100101001111001111110100000001011110011010
001001111010101111001000111001110010010101011101010001001011110111100011000001000000000100000101
000110111110001010110011101010110010111100011010001111001101010010010000101000000010010101111110
000011001111110010110101001010111101100011111001100110000111101011000111111111000000100010001011
100000101100010101000101001110001010111001101110111001101110100011110101010100000110111011101110
001011000011000110001110010001001001001000101110111111110111100011001101010100001101000000011100
100101101001010111110101000000110010111111110001111000010110000001100100011110111101101101110011
110111001101010000010101100101110110111111000000011111000011010001100101101010110011001011110111
110110110110000110101110101111101110000001110110001101000010111011010001001000100101111000011000
000101010101101110100011001101100000111100000011100000011100011010111001110111011011011100101011
111101101110111010011010000000011101100110110001011100010110011011100100101000010111010100110011
000101001011100011000010000111110111011010111011111111000000001111011110010101001101111100001111
001000101111100011100010000011010000100011011111110010010010101110111111001110001100110110001001
101000001110011011000000101011110010010110000110010000111011101001101100111100110101111000100011
110001110101111011010111001000100000011010101100111000111001000101100011001010011010100111100101
101000010001011110001100110101100010111110001011000111110111001110010010100111010110000100111011
110100010101110010011101101000101010001101100110011111010011110111111000011001001100100111001100
000101001110000001100000100100110100111110011100100110010110110101010100000000001111111001100011
100001111010100001001100101100011110101110001100001100000100011010011110001010101110110011110110
010000001011001010001010011001010000001011101000001110010100100000011110101000011101011010101000
000010001100100010111110100011111010100010000001001110101110110101100111100101001001011111011000
001101000010100010110110000001000010001011011100011001100000100110011101101010000110101011101001
111010011100010000000011000011101100101111101000110111110101001111011110101110011011001111101001
110110111111000110001000010011000110010011101001011101011011000001000001101011111011100010111100
001000111001000101110100111010000010001100111001111111100001010110001000010110011001111100100000
110011101111100011001010000111101110000001001111010100100101001101000000010100111010111100000011
010001010101110101111111111010101011101100101011110110101110000000011100100111010101101011010101
001000111100000110000100010110100111111000111001011110000011111100101010001101110100000100111110
001101000010000110011001001000001011101010001001100101010101011100110111010111001000100010011001
001100100110000000011011001011001000110010110111101001011110000000110101000101010111011001010011
100011101000100011100100110010011101100001011001010111010000100100000100110000000101111010011101
110000110101111011010000110111011000101001100101001011110101000010111101000100100101010010001001
111010010110101000101110000100000100011001100011000110010110111100100001011010000011000000101010
011000001101000110010011000010111100000000111110001110100001111100111100101010000001101001000010
000000100001000000001000111111010010101011111011011011111100101100001110001100011100001000011100
101110001000111001101100011101110111000011101010010010111111000100100001011011110000010100111010
010010010000100100000000011010110001000110110001111011011001101100100100011111000010000010101101
100001000101010110100111000101010110111010001001111010100011000100000001010000100000011001011110
100010100101101110001110000110001110010000011110111011100000111001001001010111001100111100101101
111110100001001010101111000100100111010010101001110101011000010010000011010110110111010111000001
101110100111101110110011011101011001101000110111010001110100000001010100100000000011111111110111
000001111111101101111000001100011001100111111101010101000000010110111011010011111101101001001011
000101110011110101000011010110100101110011011010010001000000111001111100000101110110001011000001
100001001000101111000111101000000111101001101101010110111111000010111000011010100110100011100100
000001110111101011000111100001110001011100111011000101001110101111001001111100001010111111000010
000001011001110001011011101011011011000101111100011111001100011010101111010110111110000001000000
110100001001100000000001111000010010100111000101010000111110011101110110000111111000001111000010
010100001000111000100111100100011011110000010010010011001101100101100101001111110111100001000000
101100010100111100100000101100110010100010010111001110100110001100000101011010110100011110000001
111100100101100000011100101001011100000100000110011010011100011100001100011000001010010010010011
100111000010010111011011101101101101111011011101010010111010010111101011010001011110110110000001
000100010110100001011101001010001111011110001111110000100001010100101001110101100010100101010101
001101000000110100010111001110000000101100110101111001111001010101111010001110011001100101110100
100100011001100111100110101001001010011110110110110000110110000010000010001011100101100110100010
110111111101101100110110001001001011110110101010100100111101110000101010110111010011111100000101
110011101110100110011111000111010111101010000000101111011011010111100111001111010111110001010110
110011010010001001110010000001010100001101110010000011011111110100000011000101011010101010010100
111010011000000011101010000100110111011100110101110000110101000111101100111111000110010000000111
101101011000110101110011111110011010000010100010000100000101000101110101001101111101111100100000
110100101100001000101101100011011101101111001001100011101000110000001000011100001111100101001110
011011111001010101010010011010011110110110001011111111010110100101100111001111110010101110110100
011111011000001110001111100001001010000001110111001011101010110100111001001001010100001101011001
100011111010011110000011000000100000100001111101110000010111001101101110010111000001000111110000
010010110110110001000001110101110010101010011111001110000001111010000111010101100000001000010011
010101111011001111011111001011010100100101101000100111100100111110100110101100011100011101001100
010011001100101111101110101000101001110001000110110011000010001101001100100010100110110110010001
000010110110101110101100111101110000000011100111010010010111001111100000010100000111011101111100
011011011010001001000001001110011001011000000000000111111101001011100101010001001111111100001100
101101100011101100011100011101110111001010110001000011011101011011010100110111100110011001110010
100111000010100110111010101011111000010111111101001111001000100010101111011111001100001010100001
101001100011111110000000110011001011001011011001011010111110000110100001001100100101010100100000
000010011011011010100101100110000111101101111000100000100001111000010110101101001000010011000110
100010110101010010100101111000111110000001101010010111110110011000001001111110110000111011110110
111010100111000011001010000010010010110010010111011100110111011001000101100001111101001010101011
010010001100001101001110001101000001110101011011011011111010011111001000001010111011010110001011
011010011100111111111111110100000010110010011101101000111101100010100100110111110001101010110101
100101010001111111110000110010011101000110100010100110011101011111111101011101000011100101100110
101001101000010101000110101010011100001111001111001000111110111110111000100000011111101111010000
011110101110100111111101110110011010001100010001100011011110101000011110101101011111101011100110
001010010000000011101001100011101110111001111011101101100001101011110101010100001001100101111011
101110100100101111001111000001000101001101100000001110011001000000001110001011100000111011011100
111001110001111111001011100100111110010010011001101010000101011011111010101011110000000111011101
100101111111110110011110010100000000100100000010011011001110011010100100000011110000000000000010
001100100001111100011010011011101010111110011011111101110001011100010011010101000010101000000001
110000100010101100110110010101100000011100000011010110010001100011100100001001010111001110101111
010000000110000011000010100000000110000001011100000100011100111001101110000111111101000011110110
011000011100101000111111110111100001100100000101010111000111100100000000100000100000111111100100
111110010101100100100010111010010010011100000111101110101110101100100001101010011010101101001110
011010111111110000100001000000100001101010100011001011001101000010010000000001110110110000001111
001000001111000001001100110010000010101001100011100011001101101101011010100111001101110000000100
101010011010100001000000111011011110001000000111010111001101100110010011100011000111010100111110
101100100110100101100011110000101001110001101011110011010101000100001100111100011111111010111101
100111111111111001110000000111000001000011010000000001111111111101101100010010001000111011000010
100010101110111011001000010100010000111010010001010110001011110111100101110101001101101100111100
011011111110101000001111010111010110010001010101110001000001000001110010110101001100101000101001
100011111111001110010100010011010111010110100001111011110001111011010010010110000111011100100100
111010000000111110110011110001011010010010110101101111101011011110000100111000110011110011101010
101110101011101001101100011101100100100010101101100011100001101011111100100111011000110100111101
010101000001100110111101101010101011111011010110010111110100000010011000000101100100001011101011
011000001010000100000100001111001111101010100110010001000001011000100101000010110101100111000100
101101110111111101101100001100011110101100110010011101011001011011110011101011010111000111100011
001100110101101011011011101000010101101000010101101001001111011101111101100001010010010010101101
010001010110110100000000101001111011110011010101010100000000111011001111110111110110001000111101
111000000010101000001001101111001010100001000100110001111101100001010011000110101011101010000110
100100011010001001001101100001010000010010111101110000000000010001000111110001110111001110010111
101001010001101111111000110000000110001111101010111110100001111011011111100001010100101010011100
111010001111010011011011011101110010011010000010001000001110000100011101111110000000101010000110
010100001111010011001111100110001101101010100001001110100011011010111000001000110100110001011001
110110010001101101101000101011010100101100001000111000011111100110010010110111111110000011010000
000011101111110100001100000010010101010110110110001111111101011111010010010110110011001110101000
010111101001011001111110111111111000011111011010001010011101101001110110010001001111101000011111
110010010010011101011000011001101111011111011111010111101110111011100110010000111000000000111101
011100101011101100100101111010111010101111011010101001011111100111011000111000111011001111001010
011100010111000011000001001101111111110110110000001001010001010001111111001100110000000000011100
010101011110001001011101110111000110010111100101010110101000000000010101111110000011010011111111
111100001100011010001101111111111111110000101111011000111000000000010010000001010100100011100100
110111001010110001010101010001101101100010100001010000101010001010011111001011010111100001001110
111111010010111100101110101111101101111011001101110110110101001001010001010001001111001110010000
111011010000000100011101010100011010101011111110101011110011110101000000010101001100110100001001
001010010001101000101010111110100000010111110100011000110100010101101011101010001000111100110010
010111010110110001001001101110100010001101001011110110101000110000010010000001110011111110100000
011010100111001011100110001110100100010010010011110000111100001100101100100110000111010100001001
001010000000011111001001000000101100101100001011100001000001111011001001110100010010011110001101
111100010110011101101111100001010100000000100001100100110010011010110000101110000101000101000000
101111001101011011010011000001111001010101000100010001001011100010010110110000101101111001000000
110001111010011100010110101101100010010111000101011001010101111100101001010110001110011110101101
101010110101111011000011100000111111010101011011100111011111010011011001010101101000010001100100
111010100000000110110000001111000111110001011011001011101010110011111100100000100000111011001001
100011000000111000101001010010011010010010100101011111001110111111000100001110000010001010010110
011010100011001010011110100111000111110100110001110000001100011000010000101000100110110000100011
001001110111010111110101010001000111111100001000100001101101011001110100110000011111110101001111
010100100000111000110110011100110110011100100000010100101011111101010110000100000110011100001010
000010001001011011101101000001010100001110100100011110000001010000100111100001100101110001111010
101110111011011001101101110011010101111101000100000111001101110001000100010000010011101100101010
110110111111110101011011000100100101011000111101010101111001011001100110111010010010111101000111
011000100000111111101010100010011001001101010011111101000000101110011010001111011011111010010111
010111101010001011001010110100110111100010110100111100001101010000110100101100001011011010111110
101100110100001111001010100001011001100100000011111110111001011111101111101100011100010010011010
111101000001100001101001001010000111100111100011011101000110110000000101010100110101000101001001
101011001010100010010110100110010100111111110000110100000101001011010100011010001010100110011111
001100100111000010001011110000000001110111100000110111100000010011111111010000110101100100010101
010111000101011011100111010101100001011000010110001100010001000100100111001000110111101000001110
000001010001011001101100011100101011100101111101001011011100000011111011111000110010100100001110
110111111010000110010111111101001000111111010011001001101100011010101111011000010011101100010100
100101100001011101011010011111001010111100101011100000000000010000000111010111110000100101100110
101011011100010011001111011000001011111101001111011100001000011010011101000101001010001001011001
110011011110010010100010110000010010010000001101001000010100100111101100110001110011110001001101
011100110100001001010100010010110111100010110001011001001111110110110000011000110010000000110110
011000010111101100100000111001000101001000110010000000101110010110101101111100100000000011001110
011101011111011110100011111011101001011010010100110000110110000010010010100100100111000010110010
010110011110111101001000010010001000000101011101110100010110100101011000010100001010010000010010
010101110001100010011110100110000101001010011111111001000100000101001100000100100001110101010010
111010110111111001111011111100100011001001000100100010110010010110100011010011111101001010110010
000110010101010100011001101000011011011101010000100001011110001100010111100110010001111101010100
011100001001000100101000111000001000111101001001011110101011001000010001001110010000110111010011
000001010001011010010101000011111110000001011110100010101101111011101001011000010111111001100110
010011111111010000000010110111010100000000010101010001100100010011101000101010011000111100011111
101011011010010000100110000011001011101100110010100011000000100000010101111110111000101101011000
101100101100101110100011111110110010110010011001100001100101111100100101110111001011010011000001
010011010001000100011011000011100111110001101101010100011111101110010010011101001101100101011111
000101010000010000110100011101011100110110001001110111110111011101011011111100001101101101011000
011110101100010010011100001001010000110010010100100011001101101001101111001011110000000101011010
011000100011001001001010110010110011011110101101110001010000111100100110010111110011100001010001
010001100110100100110100001111111000100010000111101010010000110111001001110010010001100001011111
001000110000011101100111000001110000001010000101110101111011010001101110111100100110011001010010
111111000100011000110110011010100101011001110101001111100010000001011110010001110110000111111011
111010000010100000111111111010100011100101110100111110110110000011011110011010110110010011111010
010110110010011011000110000000000101111000111010010000100011000001000111001100100110101111010100
011000101001101101011111110100010001000000101110011110011001010011110100001000110000001010110001
111101011100110101110010011110001001010100001011011110001011011101110101011111100110111011001010
110011010010010110000110100100110111100101001011110100111101111001011101011001110001001111001001
011000000001101101010100001011110011000000100011001110101010010000110011011100010010011011000110
011010100101110111001110100011110110100001111111101110000010111001010001111001011100000100100111
111010000000100111000101010100010101001010100001010010100000101100100101000000010000111001110010
011001101011011111000000011101101001110101000111110101001011010111101000111110111101001110110100
000100010000010111100101110101011111100001011010011111111100110011001001110001100110000001111111
010100001001100001011111011100011110110100001100110001011010110000111111111000100011011001100111
011001010100111101101110100110100110100101110001001101011110010111111110010001001001001110100110
010010101000001101011011101101010111001110010100010101001101000001110111110000011101001110011011
100011001010011001010011100001111110000100100001110001101010010011000111010011111010000110000001
110010010011011111101001000100011010110000000111110010011100011011101001011111111001101101100010
100000100001010011110010011010111001100111111011010100111010011110000111100110011000000101000100
000110010011011111000000100011010101001010001011000111000101100111001011111110000011011101111011
010001110101101100011100110000011110000101011111101010101111010001001000010011011110111101100000
001010001001000010100011110100101001001111110100101011000010110000100110111011111100000000001111
111100110010010001001100010011000010111110000011101100001010111010000101111001101011100010010111
000000001000110111001100011010100111111001100001100100111010100000111101101001010010001101000010
001100100010101110001100101101011011110001101000000011000100001101111101110000011111101010001001
010101011100001111100001010001001101110110001000010111000001001111010000001001111101010111111110
101011111101100100000101000010111101101000111011011000010010000100110010000011100110000111111011
100001101010010100001101001101111001001011101001110000011101100100101100101110000011010110011001
010110110011010110100110101100000111000110111000001110010000000001101001011101000101111110001010
000010101011000111101010110010001100101010110011110101010010001100101100111101011010011000110101
101001110111110101011111100011000111110010011000010011001000111110111110111000101010111011111001
110100110010001111110010001010100001011011001110000110101001110000110100111000000010000100011000
110010010011000110000011111110001000010101101111101110000101010010111001010010101100000010110110
111101001000101100010000000011111100111100001010010100110101110100011010101000000110000100101010
011111010111011111101001000111101001101001110111011010101110101110001101110100010000111101100111
010100010000100001110010101100011001011011101000110001111000110001100110001110110100001100010100
001000111011111111110011100100011001000100000110000010000100100001111110010001011100010111011111
110101011111001011010000000101000001101001010011101110010111111100011110010010101111010000001111
011100101111111100100000010010111001011011010100000000011101111001110101111011000000001101000100
100010011010000110101010100111100111111010001010100100011110010111010010110110001011011011100100
100011010100101010110001110001100010001010101001001111100011111001110001110011010000011011001100
010100111010101111000000100110101100011111101010110011000011011001001100101011110111110100010101
000110100001010100000100011010110101010000111011110010110101000100011110101011010000101100111001
100111110111111010010111000011010011010110011010001100000110011101101101011011001101101000110101
111010000101010000000000101001001111011011010101010111101110110111011110001101101111001001110101
000101010010111001010011011111011100010110001001000110010111100001100010000101101011001001010000
111011000110000000111000101010000101101011110111100110001001000101101011111001011100011110001000
100100100011100101101100011010000100101100110100101100110000101111000001110010111011011101111010
001101111000001010001110100011010110100111100010101010101101000101100011010000010000110110010001
100100001100011010101001101011011000010110011100011001011010111110001111110101100100111011110010
110111100011011010001111010111010111000000100110101001011110111010101110001100110010000011000001
000010101111011011100101001110110010111100110011010011101001101001000101100111010011010001100000
001111110101010110100110111001110110000000000110001111011010011101101110000010001111011100100110
110101100101011010001110011000011001010101011001100001000010100110100110111000011011001100100100
010010110011101011011011000100001101000011110110001100100001011010110111100010010101010110000100
101101111011000011101010010111000000111111000010101101001110101010110110011100001111000010100101
000011101001100101001100111101001110111010110011111001101001010000000010111100000110001011100100
000110111011010010100110101000110111100010101111001100001001110000011111101011111001000101010111
001110110000010111100110000010011001001011111111000011001110101010010101100000000011000110010000
011010110000000101100110100101101111000010101011111101111100011010011110011101001000000000001001
011101111011001010001110011110110101001000001110011011000100001100010111010000111100001010000110
101101011110010100001100110000101010111001000110000101000100011010110110101011001001101100010100
010001011110110001010000010001011010011101110011001011101010001100000000001101110011010010010000
000011111011011010010001010111010101001000101011110000100111100010111111010111101010101100111101
101000000111111001111111010100011101011100001001011111111100100100101001111110101110011110111001
111001010101111001111110100110000001011100000111111010110001011101101010110111111011111101101110
000010011111111100100011101010101111100010000000111000110111011010101101010001111000111000110000
100110011010011010111100111101000101001110101110101010110010110101100100111000100110100111000110
110101111011011011011100010111111001100011010100110000111110011010101000100110001110001010111110
100110011110101010101111000110010100110001110101011011000100001100011000101110010100110010101110
111101010111011111110010111110001000001100100110111111111011110100101011110110101111000001001100
010110101100110000011001111010111001101111110010001111010000101001010000110110110111010010000101
010010001011100111100001101000011101000110001000100111110110110111010011111101011100011100101011
011001001000111001001100010100001010000000000001010011101111110110101000010101101101010000011010
011110001110011001110001100101000101100000110111110110111000100111011011111000010100110000011111
011011111110110111110100101010101100101011000011000000011110111001010101111010001111011001001000
101111110001100111100010001111101110001111100000011111101110100110110000010101111111001011011001
110011101010111000011001010111011101011110111010101000011110111010001111000001101100110100110111
000110000100100100011000111101011100000111101011100011010011011110111001000011100101000110001100
010110000111010111110011011110101011100001011101000111011001101100011001011000001110011000110011
001111101010000011100001001010111001111000101110001110000000011010111010101111000100011111011000
001101100001000011111111011001111100111110001010110000111111110110110110000010001101111011101100
101011010111010101111110010111100000110001101010011011011101101011001111000000101000001011001001
101111001110100011000110000100000111001010000111010001010101111111101011000101000011000010010101
001110001101111110011101010011111011011011010101100110010000100011110101000110110000100111110110
100111001100100000001011111001111111011000000001010111110000010010010000011101111011010111010111
001101010010110001101001101011101110111010010011111011100000001111011011001000011010111010100101
111111101010110010000110000010110010110111110111011110100100010010110111101011001110111101101011
001101000010111110110010000011001010000110111101000010001101100001000000001001100010110111001011
101100100110001010001011101011000100001100000011100000110101010110111100001111010100000110000011
011000000101100111111010000010011011010010100010011000100100110101100000111101110010110011001111
000111001101001111000111111011100010110001010110100110000001111000001010111001000001101100100110
110110000010110111000110010111101100011000001010110000101101110100110101101000110111001100110010
101100100001011000001011100111110101111011110101111101111011100110001110011101111000110110001111
010111011110101010101101011011000101111111110100101001010110110110111000010000101110100111011100
001001011100001100010110110010011010111001000111000001110001011011000010011000011011101101011110
000011100111000000111001101011001100011100011100101111110000000101011111110010110101100000011110
001010010010111110000010100100101001111110001000011100001100010101110000111000110000100011001101
100100000111000100101000111001110110010010101101101000011110000010101001010010100100110001011000
010111001110000000101110000111100111001100011000110001001111111011001000111100100011111010010011
001100100110101011011110000001011010110000110001001000010011011011100100111111100001011110110011
110010011011001110010110001110101001110010011010010101100111111110110101000010110011000100000110
010011001101001011011110110101111100000010100011011110100111100101001000000011011111010001101010
010111101010111001110100011100001110011111111001110100000111111001010010100110101110010110110001
110001110011110011110001011001100100101101000011000000000011110011000000101101000111000010110111
110110011011000111100110000101000001101110111000111001101011100011000011111100011100100000001000
111001110101011011101001110110110111101010111110111110100100000000011100010110110010101110110111
010011011011010111110110100110000111110100100000001110011001111001101011001010100100110000011111
110011111010100101110111111111011110100001101101001000000010000111110001111101011010110110000110
110010110111000000110111000010111001010001000010100100100000001111010000110101000100101111111001
111100101010111001010011110010111111010010111000100100000101010110001100010101001110101000100010
110111010000000111000010011111001010100100100000101000011010010101000000101111000010001110111111
111100111111110011110111110011001000011110000010110110001011100111111110100001011001111100010100
101111111111001110000000110010001101000111000111111000000001001010111100001100100110011110011001
111111111011100001010101100000001100010011100111101011000110001101101001111111100111000010000000
101011011100000101011000001100111011010110011100110000100110111001110110000011101111000111100000
010010010101001110010100010001101110101011111011010111111111001101000111010011111111101111011110
001000000100100010100001111011000010011001101010001101001100100000000010000110110111101110101110
111100010101100100111110100101010111010011001000001010001101010111001111101101111110010101111001
101000000000100010011011110000001001010000111110101101010001010010111111101111000101000000100010
010010101010001111010101110011111010110111101101001100010011011010011110101011010000110010000001
101000011000111010100001110001100101111111011011011000111100110011010001010100100101000000011111
101011011011110111000010000101110100111100011011111101010010100000001111000101000110110110010101
010111010010011101000101101010110011110010001110010000011101001000010001010000010010111100010111
011011000101101101010000010001010110110111101111111001110100000100010101001111001110100001011000
000011100110101000000101100011011011100010010110111110100100111010111010001101111110010101000011
111010011100000011110110001011000110111001001000111100010010101100010010010111111011000010000011
111101000111101001001001001100000001001011101110000100010110111001011111100100000100001000111110
011011000000101101010111111000000001111110010000110011000101110001001011010011101111110010110000
000011100010001110100000011110101000101011101000000001011001111110010011001101001001001010111010
010110010111101011100111100100100100100011110111111000101000110011111110101100111010010010101011
010011111100101011101000010000011100000101111110101000110010001010110111100111101010110011100001
000100110000011100010101001100001111111101001110011100100100110001010011110101110100101001110011
011100111010100111101110010101110010100001000010101010000110000100100011101101100100011010110111
111011011011011001100101010011100111010010101110001001011110010000011110011010111110011101100011
100010000101100111000011100010111000010001101011110010111101110100000110011000001110000111010111
011101100111001111111110100000101010011110110111000101010111110000011100110110001111001000111010
111011000001001111101101111110101101101110000010011111111010100000101111100010100001111000100100
110100100010011011111100111010100010110000000001101001000001000001000110000010000000011000110010
011000110111000001111101000111101011100110111011010010110011111001110001111010100110001001011110
011100001101100100111001001101110011100000000010101110010000111100110011001111101000111100110001
011110100000101010000001100101011011111111100101011000000100111111011010110001101101001101001000
011000011100001001110100010010000110011110110000001001100101110110101100111010010011011111110001
000001011111010010100101010101110100000000000000000001001100010011000101100110010011111001001000
000100010110010010110100000111100010100100110100111100001011001000101100100001011111011000100000
110011110101100101100011001111101111011111100011000100101111101001001111110101111000111111010010
010011001010110100100111100000011101010000111110000111101101101111011111100111010111001111100010
001000011100101100001000010010011111111000111100111111110011010000110001100101100000000101000100
101000000001111011010000101001100000110100011100110101010000000100111001001111100000010010010100
010101001000010100110111101101111110000010001001001001010111100000010001110110010011011010111010
101010111100101001111001001110010000010101101110101111111010010111101100100011000011100011011111
100010000111011000100111011010100010011101010000111001001000101101001111100111100111011011100110
101001011111011001111100000100101110011011110010001000010111110000000001111110111111111110001101
010001011100101011011000001101011000111100111111010011010011101010010111011111000011000110110010
101000110000010101000110000100110100001010110001101001000000110111010000000001110111000010000110
010001001111000010100001100011011110101000111001000011110011001010101000111001001111100011110011
001011010000110101111101110111000110000111011011001111011111100100011010100001111011100011100100
010110111101100000011101111101000011001100101101100010000100011110110101011101110101011001101110
011001100011001110111001101001000011011100111111001000010111010110000110100010100101100000110001
110111001001010001100000100111010111001010010100010001101011001100010011101010111101000010001001
011101111000101100001010010110000111000111011101101110100111110110000110010111000110111001111101
000011111111010110000010110011101101100110001111111100100000000101011101010111101101000111010001
011101111101010010101110001111111001011001110000011011000001011001010001001111010010110111011100
110010001101001110011101111010000111111111100010100001010111000000001010001111101100100101100111
011011011010010100011001011011110011101101100011101100011000101001111000111101011010111001000000
001000010011110101111000010001000101010001000100011001101110101100101101000000101000011011001010
000100010000111110101110000101001111011001010100001111000111111101010101111010110001001001010010
111101000100110111010000101000010100011011000011011101110100010010110000000111000011011100111111
000100100001001001101011110000011110111111100010000001111101011111001001110001000010101001011011
010111111100010110100100111011101011111010011100010011110010000101101101001100010110001010111100
011001100100011000010000000011100101101010100001111100101101101110110000001001011101111101101001
111110000111110111010111101011000011010100100000110100011010111110000010000110010110011000110101
001011100100110001111111011111010101011011010011011011001001011101111010110111110010000100111110
111001010110111101101010000111101101011000001100110010100101010100111110010011110001010001111100
110011101010101100100110011010110100011000000100111011101111000011101100010011101011110110100010
100100000111110000011111101100000110110110011010100111001110101110001010111000111000001010100011
101111111101011101011111011110011101011001010100101011101011100011111000101111100011101101011001
111000111111111000110111000001001100010001110101100111110011010001001110001101001011000011110110
010001101101010111010000001101101100110000101011101000011101110000011100001111000101010010100110
010000001011000000110110110011001100000000001101000110111101011010111000011010101010101010111110
100001100101100011111001111100000010101000001111001001111011010001110000011111101010111011111100
010000111100111010100100001110010111001011001110011110001000101001101010000111011111110000111100
110010010010110011010111011000111010011011010110010010111001001110111110110010001000001001111100
011101110111110001101101000010110100010100001110001111110110011001101011110100100101101100111010
100100001111101100000111111001011001001011001101000001001111100100010001011110000100101011111001
100110001011101000000000001111001111001101100010011000111001001010000000011111010110110101000100
110110001001000001111001000100110000000010100001101001111011011101001001100010001001100011100111
011111110010111101100011101101010011010011100111101101100101000001011100000000101111011011110001
001001000101001100111110010011110101010010001011000100001001100011111000010010011101000101000000
010010100010010110010011000100111110011110111100110110101010101101111010110001101011100101100110
100000110011110001001100110101010101111110110111011101101111010000100111111000100011100010101110
111000010111110001110101101111100000100011110101001000001011101100111101110000110010110101000001
