001111101101111000001101111010011000100011101111101000100110011010010101010010111100111111011011
100111101111011000111100110001010100101010100110001100000110011001110010110001001001101001101110
011010011000001100000001010010011110011000101010011100011101100010000100101111001011111000110011
000011100000101000111111101100100000000001000000010011000110110001100111010000111011001100100110
110011011011001110100001010001111110010011011010000001110010111000111111101001101111001101010111
101001110011010001101010010010011111111101110110111111010010111111001111001001010000100011010100
000100010111011110111000101111001101011001101011001101011100001010011011111100001011010001011100
110011110100001101001010001100111001100101011111011000110101110101000000011010010011001001101111
011111011111011110011010110001110001011111011110010100110000001000110000010001101000110100111100
100100110110000011011110010101011100101101000101010001110011001110111000110100010110111101101010
101000000111100011010111101010111000010011001000011010000110001110010101111101100010110000001010
010110100011000101111011101110011101101010101010010110101001010011000001011110110101001101100010
101111111111100100011011000001010111110111011010100000111010000010011011011000100010100101001101
000100011110111000001111110101101011111101101111111110001001001100110111110111001001110100000010
011010100010110110000100010101110110011111100001100111000011110011100110001010010000110101101001
100100011110011101001001011110101010001110011101011100101000000100100000001010111011111010101000
110011010000101101100000111010110110011010011000111001001000000010110111111110110000101111010010
101111111011010000100011011100101101110000100101011000100101101000010100110011100100010000111000
110111000100111001011011000101001100010001110110111110100001001100100011100110010001010011101100
100100100011010100010110010010001110001101001100100110001000001100000100110000000101110001010001
100111011010001010111111010110100110010001101100101010000111111001111110100110010100001000110001
111001001100010000000011001111110001101101111110000101100011111010101010001011011000100101001000
000011100110010000100111101011111110000001101101000011001101010101111100001011111000011100100110
010010100100010111000011111010100100110010000000001011000001010110000111100001000101110110101111
100011000001110110110001010001111101000101110010000011010010010010001100000000110010010110011011
001010101000001100101001111010100110001101101011000001000010101011110000001011010110110001000111
101110101010110110001011010100101100001101011010001010000000110111011000111110110000011000111001
101011100100100010100101100010110001010111100111101100000011101001100100111011001001000100101010
100011111011001011011000011010100101111111110101001011111011100001010001101000100101100000001111
111000010000001000011010100000110010100001111111010000001010010000010001010001001000101101011000
101100100010111001101100000001101110010000001110100100011101000111100011011001110110110110001010
101101011111111101010000010101101010101110101110110011101101100010111111111000110110111001110100
111100000101111001010110110100010000100011101011110000101011110001011011001111011001100110100001
101110111111111000111010010101010000110010010001110011010000000001011101100010110000110100001111
011110101111011000101000100010000000110010010100000001111111110111110100010001111111110101001111
110101110001111001110011010010100101100010010111101011000101001100001011000000110010010001101100
111101000101000000010111101000010110011101000111101001101101001110000010010011000111011100001101
101110000100111110011011111010111000100111100111000101011001100010100101101010110101111101000110
100011001110110010011011100010010011001111110001010110001000110101010111010010001110001111001000
100001101101100110100001001011100101000101010111101100011110010100011100001000000110100110111000
101000110110010011110111010001011000000101111001110110010010001010010011001101100010001001001100
101110010011111101100101011101001001000111111001000110100100100110010101001010000110011000001010
011001100000010110101110010110000111101001000111010101000110100001100111101011101010000100010100
100110000110001111100100011001111000001110010110001100000011011011100100110101011111101101011101
100011111001110001101101100001100101001000111111001010111010011010101000011010110000100101101100
111011111101100011110000011101010100000110110010001000110001101101100000111111011001000100100010
000000101110100011011111001111100110100101011101000110000000100110110111100101000001110101111010
111111010001010101011010011011111110000011010000001000110111111011000111110110001011111001100001
101010110110000001111110010111101100110101101001111110100001111010110110101010101110001010001101
101001001100111001101110001000101000011010010011100100101011010111001100100101001111010001100101
011101110011000101011011100111001100000110011010001100101111011010110100101111001011101001110000
001100110011000110101101101101100101001110110110011101111001110110111001111100110100101110011111
001011111100001101110111010111010011100001110000100111011001100010001100110000100101001001011010
001010001110100010101111111010011001000000101100001111111100111001011100010010100010110110100000
010110010000010001111010110101110001100100100101001101111001000010111001100101001100001111011110
011110110001000111100101010011101001110011100000000001110111010011100111111101010001011100100011
011110110010001111011010100100101010111100101001101010110001110111101000000101000000011100000100
011111010010011001100010011110011010011100100011010010111011100001001010100010001111110011001101
111001001001101101001001111001111100010000111110100010000100110111011010101110100100111101101110
111010100111011000010111010110000000001010100010001111101101101000011010001111011011000001110111
110101101111011001011101011111101010011010011001000011110011101110110010100111010111001000111011
001110110101011110101101101011010001111000010110010101000110010101100110101010111001000111100100
000101111100011000011111011110111110000001010010010011111101110011010010000110011111111101011000
010101100010111111101010001010101000101001010111011011110000011101110000001010000101101110110001
011111011111110011101101010111110110100110111110010011110100000010011111001111111010001010001110
101001001100110001100110110001100111100011101000010010010100111100011100110110011110000101111111
101110011100101110110010111011110000001101101000111100000100010000010111011000010111011110010001
100111110100000000001100010111010011010010000000011100111101100111011110111100010000100100001100
101010011100100000100010011011100000100100110110001101001010001101110101000100010110000001011110
001011010001000010111010010101111101110000000001111000111010100010100110011100000110011100011001
011000111001111101101101000000011011011101101001001011010100110011110010010011000011010000101010
101100110000111010100000010101000100110110110001000101101001010001110000110110000111100101000000
001100100000010100110101100010101111001111010101001010101100001101010011000001110111011011011101
100001111001111001100110111010000011111100010100000011111110011010000011101010010011001101001011
110001011110101101000010100001111100100101010100001000001110001001001111010010000011101111111010
110111001111011011100111100110111111000011110100001100100011111100010011011000100100111010001011
110000011001110011010011010110000010011101100100001001001000011000010011001100100001010010111000
110101101100111000010000000101101110001110100110111101010101100001000000110111000000111111110011
011100000000000000000101111111110100011111010010000011110101011010010011111001010011101111001100
100101100101110110010111010110010001110001100010010010010010110011001110100011000001001101000111
111110001001010000100100000010010010101100100010000010111000101000100100010000111001110000111110
111110101001011110111101111100111000101110010111010111000011001110011110100011101100100011100100
010011111111000100011011111100010010110000010011001011111000000001010101011010100001010111001101
111101010001100100011111010000000011011101000100010101111001000001000101000100100000001110010000
111101010100101110011000011111010000101000010011100110101110101100000011000101100011100001111000
001111100011111010100001100001111100110001100001010101000100100100100010101011011111011101101101
100000010100001011101100110011110100001101111010111110011100110000110111000001011110111101110000
110101011011111010010110010101101101000111000100111111111110011000111110011111110100101010011110
010101110000000011010001010110110011001101000010110100010100111100111010111100110010000011110000
111010101000101010111100100000101000000010000000101000000001011101111011110100101100010111000001
110111001111010000100110110111000110100111110000010111110101011101101101110100011000101011110100
100011110000010011010010100100100011111000001100101001100011111011001110100111110101100111000000
001001111100101011101000110101111010000110010110100101101010011001001001111000111101001101001100
011100010101100011110001011110011010110111101100011010010001101000010111111011110100111001111111
000110110011010110100010000100000000101110010111011110001110101100110100110101000101001010010101
000110011011011110111111100101101011010100100111010001010111011001011011111000100000111100100101
100110110011100010010110110011000110111001100000000000000101001001111000010000110010111011101010
110001101001111011100011000111100100101111010001100111010110100110001001011110000010100000010011
100010111111101000111000001011001011010111010100010110100001111001011101001010111101010110011000
000100011101110110110101000101110100101011001010000110000010000010001011101011100101111111010011
011011110001000101101111011111011111100101100101110111010001100010000111101000111100010000001010
011000101011101000001000111000111001100100111010011100001000010011101000111011010001100000111110
101110011100100100101110110111001110010011000001001010101001101000000011001000011011101100111101
011010101100101001000111110000010110011001011111101011011110100001101011100010001110011011100001
011010100001111000011111001001010011001000101101000100101001011000110001001111111001100001111110
001111000100000011010001011100111100111011110011001110010110110011111001001000101100100101001000
100101110000010010000000000001110010110101011111011111001010110111111010000001000001000111000010
111100000111011000001010111001111010101111100111100000110010101110110011110011001011100011110010
100110101011010001010011101111101110011101111010101111011000011110000011111000111110111011000110
000111001011100101100001100101010000000011011000000101010111010010010111000000011101010001101000
001110101000110110110110010000010111110110001101001000000010011111010111010011100110101110011101
111100000010111001001011000101111100010111101101000001111101011101111101111001000110001111101110
100110110001001101011000001111100110111111010101011110110010010101110011111111110100100110110110
100110000101001001011100001001000000101100011001000001000100111111110111111100110101000100000100
100011111111011010010100100010101000100001011010010100101110111001010001111011101110011010001100
110100111111010011010001100001100000100000111101111111100110110100100101101011111000100010100100
101011001011010110011111001000101010010111111101000001000000110001100111111111011100100000011101
100011011100101101100001110110101001011110101100000001010111110110100100111101010111001010011111
001000000010101111100010000101110001010111001100011100110001101101001000001001010001100100010100
110001110001010100010111011010111011111010100110110110001111011101011001110001111001010010001111
000101100011000101000001000010010000110100011000110100011111011110011011000111111001111011110011
111111001101000001011000001010010010010100011001010111001101011000100011111110000111000101010000
111110101000100110010010101000101000001111010000011000001100000011101010000100101011011101001101
110000101001001100001111001010001001111011101101000110001100101011100001011001011110101111001111
000011111111010010010101011100010111110110001101010100111010000001110101100000110110010110000101
101011010110010000011110111010000010101001000010000110110001111111001000111100011100001111111101
110111101110101000000110110001000100111111110110111010101011000100001001011101111001000101101111
101110001101100001100001100100011001011010100111000011100010101101001110100001000011011100010101
110001111010101101011011111011100000100111100000001110010000010100110011110011001001110001011101
110011001110011010001001011011011011110100101100101111010100011001101010010101110011010101111011
101111011000000011110111011100000001010100011100011010011101110110000001101010001101110100010011
010110110011010011011000111110110101101111111011010011000101110100010101111100000110101011111001
011101010110010000011101100000100101011111001101111000111111110100111100111011000000101001100101
101010100101001011010101100000110000110110000000011011001101001000101000110000111010011111011110
100101000100010000111000011000110010111000001000111010001000100101101111011111011010111011100101
000001000101001000001111000100001011001110011110110000101011111001011110101111101010011001110100
000001100101110001101110111111101101101111000000011000001111111101101110011011101000110001100100
000000100010110100110011001111101100000011100011000011000000011101110011000001100110100001110110
110111000010101000110101000000101011101110111110001110000101110100010110100110011000010110010111
011000011001110010001110100001000011001010100110010100111101001001011001011111011001101110000000
100110001101110100100000011111001010010101101101000111110010110111111010001010100101110001100111
110000101100110000001000110110001010011110000001010011000001000101010000001110011011111110011111
111100110000100001100010100011110111001100010111111101000001110110110001011110111100000010011100
001100000001001010010011011111111000110010100001000000111011101001001001010101111111010001000101
001101111011010111010000010110110101000011001111001011001100101110010101110010111110111111011011
111110000001001010010101110100101100100101010011000111101001111111101010000101000100001001010111
111000101100111010001000011001000010111110001111010010001110000000111110000011100001101110110011
111001100110100100101101011010101000101001100010000110011001001101111000110000010101011100001110
011101100101010000011100100001111010011010101011101110100010100001111001001111001000100001010101
010100110011000010100101010100111001000001001110110111101111001001110011001001011011001100101001
010110100001011011000000011010001101000100000111011001001011100001100011010101101000100011010001
110000010110101111110001001001000001000101011000101011001111010111111101111100110110110000011000
100011001101000101100111101000011110010101000000010101101010011101001101011001001010110101111000
011110100100000111010100001100001001110101100001111010010011111001011111100100010100000011110011
000110100000001011010101011000100100111010010110110111101000000011110011101001001111001001101110
011011111101001000111010100110110010100101111101011011111110100101110111100011100000000111110000
001101110011001101110100011101110001100111011111000101100000001001100010101000111000100110110110
101111011011000111110101001000010101010101001000010100011110101101100000000000000000000110110100
000101011110000110101110001000001110111110101111100000100111010110101111011001010000110011101100
001111100100100001110000111111110111101001100010111110110000001101011111100111110100101011011011
000110000001110100101101001011110111100101010000001010101001010010111101011101110011100011101110
111011010010010111110010100100101001101011010011100110011100100000010000110101010111001111110000
111001111101000100100000010011000111111110010010011000001010000100100001011101111100100001000000
101101101100001101001111011000101011011000110000011110010100000101001100011011001101000111010100
000001100110010001000000111101000001111101110110000101011100100100000010110111010010000100111101
100111101001010010001110110001101010011010000110000011011110100001010111110110101100100110111111
111011010111110001101010101010000010011011100001111101001001101011010110000001011100100110011101
111001011100111100000001100010111010010110111111100101111011101110100011010001110111110011011001
010100101110001111111100010100110101101011000100001011010001001110001001101011100111000100100000
000101100010110100100111010101001001100110000100000011000100110111011111000101111110011011001011
111111001110001001001011101001000011011010011010111011010100110011100110101001001011111010101101
011000100001101101000001010100000111011111111101010000110101000010001011010011011000110101101100
001001100010111001101100001101100001000101011000111100111100100100110111010111100000100010111101
110010111100011000011111001101001001000100100111001001111100101011000101101111000101110010111111
010000011111101101110010110110000100001110011011101100010001101000110000100100000111000110110001
011110101110011111111011100011010000011111000111001101101000010001111101000101101100010100101101
101100011010110010101001110010100010000110101111111111010000001101111000010010101100100111011111
011100111001110011111110011100111000110000000000100011011010101010100000000001100100100001000000
001010001011001100101111000000101110011101101111110100111111000000011111011000001111110010100101
001000011011100100000000000101010001100110100010100011100111110110000100101100001010010011000100
010111101011100101000011110110101101111100000000111011001111100101100001111001100110111011100111
111001011011101010110100100101111010011011111010101111110011000000100011001000000111111110101101
001011110100101111000110110000101101011100010100111001011001110111100001100111010110111101011101
101000011100111100111101111000111110010001101010111110101010100100001011000100110101000011001010
110000001000101001010110011111101001000011101001100111000110110111011000101011001101110100000001
111001010010011001000110110111110111000010011010100111001101110100001110001010110000001011010001
001001111100000010000100000011100011111110110011010011110111001100100101111111001111110011011110
000110101000010000001001110000001000101101000111011001000111101000000000011101101110010110000100
000000000111001001110011001110001001001101011011011100011101010110110110110001100110111000111001
100000010100100000111110000111010110100011010011100111100111010100010000100100001101111011010011
000101100111001011110111011001010001110011111110011100001110111111101010100101010110101010100001
000100110111100101001000101101111011010111110011001101011010010011001111111110011100100000101100
001000111110011101011111101000001001000100010110111111110100111110000111110111101111110010011100
010001110110100110010011000010110100011100111101000101011000011000100110001110111010100101110110
010000100100011100000000000010001010100101011001010100010100110110001011011000010100100101001010
011001110000100100100111100101100010010101000000000111100100010111011101111000000001101001100110
100100111011000001010101010011110010011111011001000010000101000011011101001101111110001111011101
001110001000001010010011101110100110010111011000110110001010011011011111100100011110101001010101
100001001111101110100001000000010111111111101011100101011010111010110111010111101001001111101111
000110011010100101101111011110111111001101100111001110110011110000011001010000111001111010001011
101000110110010010011111010111100100010110100011000111011110101011110011111001001100010011110010
010111000111101101110000111100100111001100001110110100001000101000100101100010001100110000000101
010100001110110101110000100001100110110100100010011100010000000110111110010010110010011111110001
000001101010100010001011101000001001101100001001000000011101100000101000101100000000000000000100
011001111000111000000000101100001100010001100111000001100111111000000110101111101110100001110011
111011111011100011010111110101111000100111100011110101011011101010100011110111011010111111010101
100001110111010000100111001011101111010100101110010010011100110110001000100100010101100100111111
101001000001100011010100100011101000101011101011100111100101101111110110000010111101101011011010
010001101110001101111101000000100111111110100111100111010010111011000000111011101001111110101111
111001100010000110011001010110101011011011010001001000001000011110101100100101000010001110000011
000100001100101111111111010010110000110110111011101010101100010000000101100101111001111010111000
110101101111000011000101001010010111000110101110011010001101010110101111111000100110100000011000
101010010110010011101010010100110101010001000010101010011101000111101011101010011101000101001011
011000111000010000100110011011100011110001000001010110011101100110001111101011110000110100110110
111100010110011101100010100001110101101111000100001000011100110110111100011011001110010100010001
011000111000010011010110001001010111000011000111010000010101110110001011110010011000010110100001
010111010010011000110101010111000101010000001111011111010000110010101101110011110110101000110010
111101101111110100100111110000110001100000000100011101110110100110010101101101101011010101010100
000010111101101100010000111111100011010111001010110101101111010001000000101010001101100111100011
100110011001001101101101001000010011010110000111001101000010010010110110000101101110100010001011
111001101011011011000011010110011011001011001101110101011010011000011001011111100000111100000011
010100101100010000100000011001001000010100001100010110111010000000100111011111110100101110100110
110000000010010000110111111101100101000101111101101010010101001110101110011110101000000000111100
010011111010101000000100101001101111100101000100010011010000110011101100011001011010110111110101
110010010100000010100111110100001001110010101111001111000100000101000001010110100001111110010011
001110010110100001000100100010111111000101000110110001110111011110010101111101101010011100000000
110011000101011000111101000000000101100111101001010000011001111011100001101111010101011110100110
101000011010101000100100101010000110101011011101010110000111000001111001011111011000011110101001
011001000110011001110110000110000001000000100000011000000110011101101111010101110001010101110100
100101101101001100001101001010010111011100011010100100100001111011111001000001000010010000011010
111000010110011101110111100100011000101011010110001000010011000101110001110000000101001010100101
010001100110111000010000000010101101011110000000000000110101110000110101110110110101011101000110
010011111010010000011100010001101111111110110100000001000100101110001010001111111110011110110000
100100110111111111101010001100001101110100110100000011110010110100000100111000111001001010111001
100010101000110111100001010101110001010110101100001100111001000010000101100011011010100011001100
011001110111010001011011101001000101101010011010001000001001110110111101100000111000101101011001
011010111010100000011100011001001010000000110101100011001111111101110001010000000100101101100100
011110011001100110110010011110011111011010001000010101111010100000100000010101100110110111100101
100010000101101101001111011111100111011100111111110011001010110000101001110110010100011111000000
110000011101011000001111111001110001000101011110100110111110100000111101001110000110000100100101
111000000100001010110100111101110010110100001111010110110100011110100100111111111101000011000111
000111110100110100100110101110011101000111100101101000000111001111010001111101011101110000001100
011100111000001010100000011100111010101100111101011101000001100100010111110111001100110010001010
001001110101101100100101001101000001000010000110000100011100100000110011000111000110111011001010
011001001001000101110100101001001001111001101011111001110101110101110010100100000010000011111100
011010101000110001011110011001110100000101100010011010100110111100011010010101000101100111011101
011100000101110010101110110110111001011100000101000010010101111111110111000011010110000010110110
001100101000000100010111101011001101010101010101000110011110101000111000111001000101111011010101
000111111011010001010110011100101000110001111100011111000000110001010111100110011001101110010100
111101110101010100001010011011011101010100001010111111101111000101011010010001010111010001101001
100010000011110110101010010010101001100110100010100001010001010001000100101100011110000000101101
010011100100100001111000010100111001100011100001111011111110101011100100100101111000100001100110
101100000001100110111001001101010011010100110001100010001000101100100011111110010110001101100000
001010110010010011001110011101010000011111010000010010001001010010000110010011001111111010101000
010110100110001111010000000100110110110000101001100010010100000110110011110110101100110000100111
101111011111110100110011111100100011001111100111010000110011011101110000100110101111011110110110
000111000101011100001101110000110100110010110101001110110110110110000001101100111000101011101100
011111100000000111110110100100010100110010000110000000101000101001001110000001000001010101000111
100101010001001111100111110110111001010100101010110011011111001000100011110111011101011110000100
000110011101011001110010011101000101100110010011101011110001101110111011100111000111001110010110
110001101111011010000100001000110110001111110111011101110001011000111011001001010110001000010111
010111011010001000011100010100011110011001101000010111100011011101100100011101001001001000000010
000101111101001000111001110010111100110100000101010010000100010011100000111101100000111101100011
100000111111001001001011110001001111110000000111000111110001101110101011000001110011010101010101
100101000010001001101010001000111100101110001011011100011111010010111010111010011000111000101100
001111101011000000101000101100110110000101110011001111100100110110101010101001100001101111000001
010111101101010110000100111010000110110001101110000101111101000001001100001110111100100110011111
011100001110010110110100010111110111011101010010101111101001100001100010111011110101001000010111
010110000001111010000110011000110001100010011110001010100001110101000001101100001011110010001011
100100001010100000010100001100100100111110100111100111011110110101110010011110001110111000111001
110010010110111010111001110100110000010110000000000001110111000110101110011010110000100100101011
101110110001010011011011001000100011100000101101110100100100100001011111111011111100011111000110
011100111101111111010110011110001111111111111000111100011111010010110111101011110011000100110100
100101101101000010100000010010011000110001000001100100111100010111111100110111010110001111100000
001001010010110001010111011001000110011010000110100111100100010001111011010001001110100111111011
101101011111001111111000011101110111000111101101000000110110001101010001010011010011011110011100
101000100110100010000111000000001010000000111101000010001000010111000100101110110110010000011010
111001111111101100000011001011110100000111100010001001010001001001101011011110100010110000010000
100111100111101101110010110111111001011000101110011001000010110000100111011010111011110100111100
000010001010100111110001100000001011011011110010001011000110110001010001101101000001000000111000
111001001011011010111010000111100100110110011000010100001110111001000111011110000100110001010110
100010000100101110100001001011011000001100111000010001010000010000111000110111111001111010101000
000100110000111011101001101110100111101110001011110001001110101011010000010001011001011011100001
000011100111101010001010000111000111000100011010110000101000000101010111100010100101000011100000
001110000000011001010110010010011000000000101111100111100010010111100110111000010010011101010010
110111101110000001100010101010110011001011111110000010011001111011101000110001111001100101100100
010011011100101111001001110111101110100011110001100000111111000010101110111100100010100011000100
101000100011111100001011111001011100010010001001111001000110011011000100111001101110000110000000
001111100101001000110100011010010100110111101001001000111011111000000000111011100001001101001100
111100110001011111010011010000001011001011000010111101001011100100010110001001001111110110000000
010010010111001101110101101010101111001111000111100101110010111101100110110101111111100011000110
001001110110001011110000011111010100111100000001010111001010010011101000001100110100001111010100
010100000001010001011011011100010100100101100000100001001111110111110011001010001011001100101100
100010110011001111001011101111011110000111110000010011111101100100011000000110000010110100110011
010010000001111100000011000000100101000011101101101001001010110111000011101010001100010011010100
110001111111100011010101001110110111101110100100011000100011110110100000011111000001101111110110
001111101101000100110000011000010011110011101101001110100100001001011011110110001100110100101110
011110110111110001010100101011001011000001000010111101000011111011101100000100001011000000111100
001110110011010000101100011110010010011001111100001010000011010001110011101000001001011100001000
001111000111100001111001101011101001111000000011111100101111001111001101011100011010011000010000
000110010100101100111001100010001100100111011101100011011011111011011010110111010100111000000010
001000010111100001010100000011111011110000100011100001100111110111001101001101001011010010100111
011110110000000100010111011010000001011111001101111110001000111100001011001010000000110001110101
000001001100011100101100010011110001001100101010101101001100100000000101001011100011101010010100
000000100001011000110101010111101001101111011010111001110110111011100101111101100000101100100011
100101000100010010111111001111100100000010100110110100011111100110111101110011000000101110011011
011110110111000101101010000001100101010101011100111111000100100001011010111100101011011110011000
111100110101001010011110101101000000110101001101010100011101000000110001101001111111111011110011
101111011000100010101111111110101110110111011100010000000110000000110011010110111010110010101110
001110001010111010110110110101111011110111001101101011101000000001100100001010111100000000001110
101111100011100111001101001000010111110110000011001010001110101100001000101101001100010000111001
011101010001100010100000011011100000001101000110011001100000110011011000001100001000100000101000
100010111110100001101001100101000110000111010111001000101100101111100010000100010010101111010111
000101111001011011101000001010100000111111001101111111110011101101001111110011111000001001000101
001010100111010100010111101111101110011100100001010000110101111101001000100011010000101011010111
010111111011111010111100101111011101000010111010110100010101001101001001011000010100001111000110
011010010111010100011101010110111001101101000001011111000001110101101110101110001110001001111111
100101001101000001000100100010101001111100010001010110101011001110010101100110000100100101010000
011000000101111000000101100100001100000001001101011011010001110011101011011100110110011101011110
110000100101111111110100101111010011110010101000001010010100110001011111011000001001100001101111
000100010110011111011010000001101101100011111100000110101011000001011000000010000001001001010011
101000100101111011111110001101010000001001110100010000010011111110010111000001101011001001110001
111101011000110101000001100011010010010101100010010111111001000110100010000111011100011100101110
100100010111100111101010110011111110100010000000000100101111010000000110010010011001111000001110
011000001001000110100110111101000000011010110100000100011110100001011011000010111111100100101110
101001110111101010010110111000000000110001101011110100010100011111001011000110010000111001011000
001010000101010001011011110101011000001001011100101010110010010001010101100111001110110000010110
011101010010101110101011100010010001001110100010000011110111001100011110101010001000011101111010
110101110101011010010100000001010110100111011000011001101111010111011010101100010111101101010111
101001111100100111110100110000010110111110001111000110001010100100100011110001101101000110101000
011110110110110110100110111111110101111110010001101110100001110010110011110010010110001001101100
101000100010010110111000010010000001010001001101011000011011101101001011101011011111001100110111
011011000010111011111001010110101111011111110110110101001111111011011000011100110111101011011101
111111101111010110111100100100000001010111110101000001111011000100011001010001111100110100011010
011110001011001100011111010100001010011010011000011010101011011100101110001000001110110111011011
111010000011001101011110010110000100010010001010111011001110011110001000001111111100000011100000
101111011011100100010110111110000110111011111101101100000100010100111010011010000101111110100010
110110110010001011110100101001100000001000001010001100100111001001010101011111010010110000111111
101100011100000001010110000010001010111001101010000111111011000000110111010001111000011111001000
100010011000101111111110011110001111100011001110111001000011000110000111001110110011101001010100
111001111100111001100110111110010001011000101110000010100001110001010111101010001011001001001001
110011111111000000011011011010111001011100000101010101001010100011101011000010011010001101000110
101000000010010010011100100110101101001001010100110001001111101111010011101110100101001101010110
001111101101100011010001111111010011101110110001001010000000001111110101010001111011110101100110
111110111110011001000101010000001100111001101000110101011000001001011100100110011011110101000010
101111011000001110000110100001100101101101111100000111101001100010101000011101101000011011010110
001010010011011011000000011100000101100010010011101100111011110101001011101011100000110001100101
101010000101011101101100101100100001111010111101000010100001101100010001000100110111111110000110
100101001000110010001000100001011111010110011000101000110001001111110011100001010100000011000010
001100100100101000001100111101111111010110111101001101000111111100111110000100111111100010011101
010001100000101011110100010101100100011101101100000011100100100111100001101011010010010110001100
111010101111000000010111001000001110000010101001001011001101000110111001101111101100000111101010
100101001011011101011111010001101110111111110100011110000001011110000110000101010000000001110011
110011010010101111011000011100100000101111111001011111100010011000101101000111101001000111001010
001010011010001000100011100100100010010111011110010100111111001110111111001010110011011101111100
000111111101000000110101011001010010001010110101010000000001000001000110110100100001010101010110
010011001111101011111000100000101110100110111101101000010000010110000001000001111111111000010111
100011000000110011111111001101000110111011001010001000111111001010000101111000000100010101011111
101010010111100011001011001100111100010111000110111000000101010110101001001001101000101101010111
001101110100001100000010000000111100100100001000011010000100110010001010111000010111010000100101
010101100010101000111010101001010010011101111101000101100110110111111110001111111101011111010111
001001010111010110110101011011110001010011010010101010101001011000010101001011100000010010000111
101001101110101111101011000011000101111100101110011001101010001100110110011011000001100011000011
001011001011000110111111100101111011001111111001111000101001101110011010010100111011111001100111
010000100000011110011100110010011010111001100000011010111101011101001100011110111001100000110000
011101111110000111011000101101001100011000101110000100111100010100110110011010101100011011110110
100000110101111011010101100110001000010101001000101111011001000110001111110101110100010011101101
000101111111111101101110110111000101100111000111100001001000001111000001011101111100010110000100
010010111000001000000000110011100000111000111000000010010011011011011011011111001011111011101101
000010001100111001101001011101010101011111100000101011000110001011100011010000111010001111110101
110101101001100111111001000010110011111101100101110111011110000100100101001101101011011010100110
011011000001111001010111010011101101101010001100001000000110000100010100001110101101011100110111
100111001000010001010011011001010010011100101101010111011100100000011111001011100101100000001101
011110100000100100010001110100110010000101101100101111101010110100101000000000111011001011011010
000001000100101011000101101100010111100111101100101101000011101100001111101100111011001011001011
011100001001100010111100001111000110000010010001000111011101101101111001001001101110000010011100
101010000001100100010110011011000100110100010011100001110100011110101001101010010001001101010000
111101010000111111001110001101110010101101110011010110011001000001110000011100100111010000111100
011010011111001101101110111110001010111010000110110010111111011001000111101000000111001001100110
110101101101010100010001000111100101110001100010001100110111001010000101000100100011010101000010
010100100010101010001111010000010101110101100010001101100000011111010001101000000110110011110100
011100010101101001100111010111011001001101110100001110001000101101101011101001110001100100011110
110110101111010000010000110000000100000001000010100100000101011100101110110000010110110001111101
001100000011100111110011100010100010010110101000010000111111001111101100101011001100000111001111
000100100101110011100110101010000010001001000000101100000100101111110000001101101001011111001010
111100001001000110001001101110110010000100001000110111110111001010101110111101001000100101101111
001011111110110110101011000010010001000100001001001011011100100110101101001100111100100110010010
010010001110001110100000001111111011010010100110101001011101101000100101010000010001010111110011
011000100101111011011000011000111010100110001011100111101100100010100000111000110000101110011111
001100010111011011011011000011111101110111000111011100100100101111110011000011101100111100010101
110101010111001111010100110010100101010000100111010001111000111011111101010111111111111011011111
100001100101111110011011111111110000000010100000100100100111101001011011111101011010100101101010
010110001011011110001011001011111111101101101011011011111111010101100011001001001011000011001111
100111110011010100101111100011110100101011111110000100100010100001001011010110100110110101110110
111110110010100010010010001011001110000000011001110011010111011000000111100100011100110101101010
111001011111000000000110111111101000100111010000101101001100110000101011100011010111101101000000
000001010101000100000011111001011110000111001001011110111000101101100100101010011111111011001110
001011011010100010000000001101000010101100010100100110101100110101110101010000101111001101011101
110110100000010010111111111001001111011110010101100111110000000111010001110010010010011111000101
101111110111111000010100001000110011111111100000101110110010011100001001100110100100111101101101
