100111110110000111000111111000101010010111101111110100110011011101101111111010100100011010001100
101000111111110100111000001010011011000001101001010111101011110111100101000100110110101111010011
011111111110110101100001001010010101101110011011001011001110111010010011110100001001001111010111
011111101011100100101001101111001010010110001100001000010110011101001111010111111101010110101101
100111110000100101101110000010000110111101000011010100001110000001111110000100101101000100000100
011101010101110100110000001011101001010010000010101011101011011111001010000111010101000100000001
111010011100010100011110010100110001000010101110100001110101010110011100100010110111110110111111
110111111101111111001101111100011110011000000110111110101111010101100011110100010110100011010110
100010101011111111001101111000101010010010010000000100101111101001110100111101110110001111011001
101000100000111101111111000011010011001100011100001110000110001111011010110001001001101100000011
011000110100010100100100110011111011011001011010111010110110101101101011011010110101110010011111
010100111110101010100000011001011011000001001110011110010000001001101100110000010011000101101001
100011011111011011011101110010111111100110011001111110001100011111001100110010101111010100110010
001100000010001101001011110001101000100101011100000110010101001010001101111011011011101111110000
011100011001111010000000111111000111001000100110000010001101010101010010111101111110100011000011
100100111011000110011100001101011111100100100111010000010010000011110111111110111000000000100111
000110001001001001000011110000111111100101001001010111110011000001000100000001101100000011011010
011001100100000011110100001000000110010111001111100101001000110101000111100111100101110000111110
101001100101100100110110010101101101010100010110100001111101110110010011010100100010111100100111
111110001110101011011011101000010010101001111011110111111001001101000011011100101001010100101000
000011010010000000011101010101111110011011101000011111000100000001010101100110011100010101101101
000001101000100011000110011101000110001111110110101011100010000010010001000000011111111010101111
000111100100100011100000100011001111001101011100001010010110101001101111110111100011000001011100
011001100111001011011010110100110100111010000010011000011100111101010000111011110000100011001001
000110101001101010011100010001000100001111111101000011100001000000100010100000100101111111011101
111111110110110111010111011111101101100010111110110100000000001110011010001001011001100000110101
100111100111100001111010001100010110000110010111000000110100010101100011010011010111000110100111
100111011110101110000110010000110010000110100010011100001011110101011110011010111010101101111110
100001100100101100110011000110101010100110110100001111010010101001101100011011000001100101001001
110000100001101000000111101011100010011110001101111001010100000100111110101000010100000111001010
111011011100111100010110001100110100011011100100001011001100001100110000110010100000010111001001
111011110011110100001011010101011000101100100011010101100000010110010010011110010101010110000010
110011111111000011101011010010011001001100100110001100000010101111111010000001100001111001001010
010010110100111010100010001100101010000101110011100110101001111001111100011011011100001000111100
111001000000001110010001100100100100000101010101011000010001100010001111011010011010111000101101
000110110000011111100000010011101001011111010100101011110110001001110111100111111111100101011110
110101100100010101000110011000100001110000111011100011100101111001001000010010111110010100001011
001000010011110101011111100101011101111101000110010000011101010101110110000101000010111000011010
101110101001100110010001000110111000111010100100111111011001000111011111100101001010111110010000
011011011010010110110101101111001010001001001111000100001010101000111000010000100001011001000110
111111111110010111111001100110010011111000110111111000010101101010101111101011100100110001110000
111110001110010010100101011001101010001000010110110101000011000101001110111000000010100100001001
001010111011101001110000100100101011111010111101011000110100110000000001011111101101001101101100
111101110111010110111001001011001100000011110000000010101111100000100111100010111111011001001001
101101100011100100110111110101100110000010011111011000001110101010010001110110100111010111111011
011111010010000111100011000110110101011000001111101110011011011110110000010010000011111000101101
000110000111000111000100101000101100011010100011001110000111001100001001111101011011100111010011
000100010100011110110110011001101001100111101001110110110010011110000001001101001000011111100101
011011111100011101011101010000110100100011010011101000000101100111001001101000111100101111000100
000111100001001110011110110100110000110111110100100010011000010101010111100001010001000011101101
110110111100011000100001110100101100110010111110010010010010110001111001100000101011111000110111
111010100111001000100111101101011110001011010101111000110110110110100101001101000001101001100010
011000101000111010111011010101010101001000011100111011000111000110000110101001001001010000110010
111001111111110111010101001010001110110111100111100100100000101001011110010100101011001011111101
001001111110111000111000010101111001111101100111101111110111101110001011001101001001111100011101
100100011110010010111010011111111101110011100010011001100010100101100010010110111111111110111011
100100011010100011000010000011010001111100101011100111011111000000010110000100011001100000001011
001100011100011000100011000000011100111000111001100110100011011111010110100000000011101100010100
110001101111111000110111001000011100011100100101100111000111101011111110001000010100011011111100
001110001111101101000011101110110111011110000000111001010000111001100000010010001110001011100011
001110100110000011110101000000101011111001111001100010110100110011001110110111101010010111010011
100110000001110010001000110101011000110111011010101010110011101100001100111111011000100110010101
101001010001100110011111111010110100110101000100011010100101110010100000001101100101101100111000
111011101101100011110000000001100011011100111110101010011111010011011101101111001100111010001010
101010011111100000011111110111101100001100000001011110101000000010001101100111000010101100001011
011110001000011101001110111000000101100001101100001011110110110000110110000010111011100010010100
111110000001100001100101101000110001100000101110100001000101101111111011011011000001110011100001
010100101100000010101111101100001011100100111101100000101100111111001011011011011101001101011100
100101101111000110111011001101001110001101000111100110111100011010101101111111100110011111100100
110101100000111100101010100101110100000101110101111011000111011101100000001101010111011010111110
111010101111110101001111000110110001000010100011010111000101010011101100100101000101010110111111
000000111000110100011000010100010011011100110001101010011100001100110101100011111101010100000000
110101011111000000001111100101111110111001111111000111110010000111100101010100010110100001101101
101011100011001110100101101110011010001010100001110101011110010100111110001111010100110110001110
000101100100100101101100001010111111000010111111111011010011111101100010110100111010000000101001
011011101111011100011000100000110110111101110101010000101000110000001010100011110001001010010010
010100110001011010111001101111110110101000101110100001111101001101100011110111011100111000001001
001101100110011000100101000110100100111100111001100010111101001100001001111010110101001011000100
100100011101010110101010111111100101111000111101011100000001011010000011001000111101100010010110
101000011101001011100010001111101000100101010010000111111111101011010010011010111100110101011010
101101111100001110001111100011010111001000110100000001001110000101000000111011111000011110110111
011111010101100001100010000101101110110010010111000000100011010000110101100001011100100011101011
101010111100000001011100100111110101001010011000111101111111011001001110101100110001110011010101
010101001101100010110011000001100100011100110000100010110101110010011111011101110110110001011011
101001001010011010000011011101011100001111110010111011110100111100101010111100110101000011000000
101000000011001100111101000001101011111011001100000101000010011111011100100111110000101011000110
111011010110110110001110111011100011110101000101100111100111011101010011000111110110101010000000
010101111100000110110000010010011110100111011000011000101101010111111110001011010011011010011111
001001101110000000001101111110010000111101010110110001010010111001001101110101110101101010010001
001001100010000001000001110000101010000000010100000011010100100100001001111100110111010101010100
010011010111100111011100011010100000101101100001110111000001010010101001000110000101011101110001
000000100100111111110100111001011001011101011110011101100100001111110001010001101001001101111000
111010101111111110101000000101001110001100110000100100101001010000010111101010010000011110000001
100001011000000001111111011000100000011010101000100111011000111000010101011011100100011110111001
010011001001001001100001010000000100001110101000011001011001101011011111111111110100100110100011
010111110010010011011100100101000011001011100110000001001010001000001101111001010110100011101111
001111111010100111101110011110110010000010011111111001011000001100111010111100011111100010101011
000111110010110011000101100111011101000011011001111001010011111100100101001011010110110100101000
010111001111010001000001100100100001001011011101011011110110000000001001001000111111000101111001
011001111110101101010111110001011010000101111111011110000111111001010111100000010100010010110010
101011011101101011000001100111010111100110011010101011101001000001100011001100000011111011011111
001001000111010110100000001011101101001100110101011111000100101010110001110001100111100011010110
000110110101111100001101001111110100000110111111010000011011101100111101101101110011110001110000
111011011001100110110100111111011011010101001111000000000101000110011001110111110100110010011001
001101101111101000000110111000101111000011111111100011011110011001101100011101011100101011110111
010000001110110011101011000100100001010111101000100010101011101100010011100111010001010011001011
010111110110111111001101101000110011000010101001010101111010100011111101010100101100001000101100
001101101001011111110101110000011110001001011101100000101011100011001101100011010110001010111110
000010011001010000101000100010000101001100000101011010101001011110101000101010110000000010001010
100001000010010001101101100011010101111101011010101000011000111010101010100000011011001000101110
010011001010001110000100100001010000001110111100000100001011101101001010100101100000000001011111
101000110110100100111111100111110100010000100000011101000001001010101110111101001011010001100101
111111011110111110111000001101001101110011100000000001110100000001011011101001010011011011101111
110110000010011010000010100100010011011001111000011101001011010001100000001100010100000011110101
001000000101101011011011000101110011000000101001100010000001000101010101010110010111110001100001
101010010010010010100011110110111101110100100110001010110011010001110101110010000000111001101110
100100101101011101111111011010101100110000001011001011110010110110000011010111101010011101101111
111001101111000011001100110001101110000101101101011110111001111001100001011110100011110001101110
011010100000010011011111001010001101000010110100011110101010010101011010101101100101100110011100
000010010111101001111010110010011100111101100011101011000101011010010001010101101000111110100101
001000100010000001010111100000100010010100000001001111110010000110100110100101010100100111101101
001011001001111111001110100011110101100001001011000011010110100011110000111011010101111110010101
110100010100010011011000001011111110100111011011110000000110011101100011010001000100010111100100
101011100110111001110001100010011111011110010110011111100010101011110000001001000010010011010000
111010110011001001000100110110101000101111011010001101110110110111011110000100011011110110110010
110100000111110000000111101001100010000001011111101000100001100110101101001011001111111100110000
100000100001001010010101110001000010010011001101110111101111001101101011110110111010011100101100
001101010001001110010010100001001010001000011010110011010000111000100100001011010010010011000101
010001011111001011000010101001101011010000111000011011001000110010100000110000000001000011010100
111011000100000101001000101011110110001101000010001001010000100110001000000010100100010001000011
101110110011111001111010010010011101111100001100100100000110100101000110101111100110101111010101
000100001100010010010110101010100101001001110110011001001000000011111001001011101111110001000000
000100001000001111101110001110011110111000000110001000111100010111100000100101001001110101000100
110101101101111000001100110001100110010101010100101100110111010011011010000001110001110000111000
100001100111110010110011100001001000000010110001100010001001001101000101001010000101110000001101
110000010111011011001111101000011101010011101011011011111110001111100111001101011111100111101111
110111011010011111111110111100111011010100001111001110011111010111000100010000100111010010010001
000001010010101010101100011001101011000010000001110000101011011010011100110001001000110011001101
000011011010011101011010111111011110110010011011100000000001100000001010100001111110001101000010
101111010011011001000001010000111100001011110001100110000001100001100000101001110001001000100110
111111100100111111100000110111011101111111011110011101111101101101110111001100011010100010011010
011101000100100110101011111011110000000010110110000000001111100000011001000100000100001101010110
001100100011110101000100010010101011100000011100100001100100000011001101010100000001111110100001
010100110001001100100101111111110001101011010111000000011011100000010110000101111001111011000101
100011110110001001101100100010011000011110101101010111111011001110100001001010100101001111011110
000110000001010010101101001011001110100111010111011010111010000111000011100001011101101010001000
111000110111001011110100011111100010011011001011000111111111001100001011001101011010111110011011
001110101001011111100111000101011101101011100010101110100011100011111101111101000010011111011001
010010011000100101110010101001101000100000100100110000100001011100101000110110100010101001111000
010101111001011011001100111010111111000000001010010011100010001110101111101100111011100000100011
001111111001010000111000101000100100011110010100100010010100111010000100101100001011101101100111
101001010001010001001010100010100111001001000100100010010110101011110000010011010110011100110100
010001010011111001110101001011101000110001010101110110010010101000001110010011101001111000100001
110101011010001001110101001110100001000011100100110101111110100001100010110011000110010011010011
000001000101111100111111011100110100100000011000001110111111001010100001010001010100100000011111
010101010100101110100010010000101110111011011010100001111111001100110101110111010100110001010001
001011111101110001111111101111010011011100000000100001001100000100111111010100110101100000100101
100011011110001100000000101011001110000110111110000010111101110000111110111110111110010000111111
111000111010010011010100011011110110111011101110101001011011101111011101001010001101100000011111
101000011100000100101000101101101001010011111011001010100110011101011011011011000101000100001000
110001010100001101110010100111101000011100000011110101100100111001100010100100101001000110100010
010101100001100011110011010010011001011000000110110011100000101011000111011100101011000000110010
010100000000111101111000001111011110100001011000110000000000111100011100110110101001100001101110
101101100001111100001111010101100101000111101110010000111111100111101011001101110101101010110010
001010001001011110011001101011101101011101111011011001101000111111010111100101011110010111001110
000110100110001100011011001001001101011011011001110101001101101011110000100100110011011100100000
010111111001001100110110100111101100000100011010100101000011011101100000000110000010001000110100
010000011111011101000011111101110111000100100111100011010011100100010111010110101000100000000001
100001100010111100000011100110010101100011101111111011010010111000000110100001101110011001010010
000100010011010011111011000000111111100001100110101011011010000111110010110001000101101010110000
101110101100011111100110100110110101000110010000110101001100011010100001010110001001101110001110
000100110000001010111111001111110110010001010100010001111011100100110100000010101110011011000001
011001000101111110101100011001100001111101110000011101111111010001000101001100011110110101100000
001000100001110011111111110110000110000110100110011101000000101111001001110110111000101101000010
110110110001001101110011100010010010011011100001110001100111101100010111100000111110011010111001
011100110100110001111101000101100101110101110011011010011010100001010110111000111100011000001000
010100100000011101001111001100011101111001100111001101111011010100100001101111100100000111001100
100011000110010000001110001101110100000010111011001010111111101011010001110110011010100010011111
100101011000001000101001101100101010100110011011000100000100111110011001100011000100111111110101
011101110011000001000010001100011111010011111100101110000110100010010111010010101111101000111110
101000100011010011010010110010110100110000000010011011010011011100110111110000111000110100000100
000001101011010110111110110110011111001101001110111001111100000110100110000010000100101100010101
110111101010110110111000101100101000101100100111111101011011010110100100101011111000011110100000
000000111100101010111111100111111100101010110100101011010110000100110110010001011110110011101011
100010101100110100111110001100111101011011010011001110110010011111110010100010110000011001111101
011011100110010111110010000100101010111001110101000100001100111100111110110110001000101101100011
011101000111011101100000110101100110100000010011110000111000101000000110111010010110111010001101
111111001111011110000100001011110110110000001000001101001110000111110001100011001111111101000111
001001001100000100001010010110010101001110010001011110111111100110111111010100011010011100010110
001111010000000111010011011101100111001101100101101100001110011100010101100001000101001100000000
101000011010001110111011101000010000011110010100110001000000000101001100000010001101010010100010
110100101101000110110101001101010110110001111001000001111111111000101001001011111100101111111010
010100110111011001101101111111100101100001101111110001001000001100001100000001100000111000110010
110100110000100001000100110010111011110000011000111100001111100001111000111110100011101110001110
010100111110010010110010010010000001110011110100011000111010001010101011001000010111001100001011
111010001110000100100110110010000010111011000001011000101111110011110000111001001100000110010101
100001111011110010100000100110100101101111011011010110010010000101011000010100000010101111010000
111110010110111111010101101111011100110111111110111000111001011110110000110110111100011001010001
010100010001001101001110101111100101001000111101000101100100110001011000000111110000101010111101
111000010110000100101101101000000111111000100110000101011001100111001000101011000110000001101010
100100111111010001000101111000001011000011001101100011110110100011001110010100111101000011000010
100101011011101100101010101110100000100001111100010110011011000010011011110000011011011011111110
000100000110110110000000101010011101000010101111001010011010110001101101101001101100011001010111
011111000010011011101011110101001011000010110111010001111100111100011100100010100011100010100100
000000000110111000011010100010100101111011110101111110111111110100100101110101010110000010101011
011000001110011110001010110000111001010100000111111101000100010111100101100110010010101100001110
101101010100010111000001111010100101110110111100101001110100010111011110011000001001111110000011
100001010111011111111001000111001101001001111101010101110010110100110111000111001001011011101001
101110011101010100111001100100110011110111001001111001011101000110010110001101100001000111011101
110110101010100001010001100111111110011010001010101001101101010001001111100100111110011000000110
010110011111101101000101101011111111000001001010100101000010110100111100111010100011001000100101
001111111011111011011110111000110011001001111111000011000101111101001000001100010111011001011001
100000100110110100011111001111101101011101010100010110101001010110011010001010111110101111001010
100001001101011111101011100101101111010011100001101100100011011000110000100011000101001110010000
101101010011100001010000110100110110011011001000100110001100000011001001111010010011110010011100
111101101110011110111110111000010101111000110000000011011101000010110011001111100111110001000100
010101111110110111110111000100000110110001010001001010100010110010011111001011100101010111111010
101110001011011000111110000100001011010111011000000000011100011101000001010111111100010101101000
010010000001001011110010111110000110001000000101101111011101011000010101000100010101101101101100
110110100000101010111011001001110100100000111011100000101011001010101100010100010111000101001100
100011110011111100100101110111010111010111101110011101000100000001001111001111111001000001010100
100110111000100000111000101101001010100100110100011101111101001100011000111011010000011010001010
011111100010001011111111111110110101011010001000101000000001000111100101011010100010011101000000
001011010111010111111100101111101111101100011011000100110000111011110010110111011110110011111010
011111110100010010101100100010001101111000010111000001110110011001100011110101011010101100110111
110100000000011000000011101101011111011111111001100011110111111111111100011101000010111001110000
001010010001111001000100000110101101010100100101011001001010110101111001010000101001101101100000
001001011101010010011001101100100001110101010000001101111111100110100001100001100011100101110101
011110110000010010000100111011001111111100011110101111000011000100101010101110001011111111100110
101111110101001010011010100000110110000001111001100000100010011111111010111011001001101001111101
001111110010111010101000001101000111110101011010001000110011000000011000010010001111110010101101
011001010101111110101100100110110001011110110011000010111110101011100101111100011010000100001000
110001111010011010110010110011000011011011001011100011111100010001011000001111010000110100001011
000010001001011001011111100010011010110010101100101111110101000110111110001010111100101000100100
010100111100111101010001011111010010001111111100110100011100101010110001011100011011011001111101
011101101001100010110111000111100000101100111000110001010110010010001001111111001011101100000010
010110001101110011101011110001011101001101100001100100110010000100100000100010101000010001101100
101101100000111011010010110111101010100011001011101011101110110101100010101000111110010010001010
001001010001111010011111011100101001101100100011110000101111000001001101011010010001010011111101
111111011111100100000110011100010001110110000111010000101110011101001000001001111100100111001000
101111001111000000111001110100101100110100111110101001101000111010101111010110111101100101101011
110111101001101011001001100000011000110101101000101000000100000001101110011010001001100001110111
111100100101100110010000001100110000110010111001001111101001011110110001011001001011101010001100
101111110001000111000010001111111000101100000010111110011000111011000110100110100010010101110101
010010101100010111111010111101110110100010111011011111101110001100100111110111000110011001110000
011011000000111101011100000100001110100001011010110110110010110010010110010000010110010010100011
100011101001001010000100010001010111110000111100000100011100010100001100110001111110111100011001
101100111001111010110101001011111010001010010111100000011110110101100101000001111100110011101000
100110100101001001001011111010001110111010110011100101100100110011100100110111001111001001110101
001101100101110010111000101011000000110001001001110111111001100000011100011010010011001000111101
010110100110010001110101100100011111110011011011101111001011010001101111100010101111000001111010
000111010010110111110010110010000001011100111000000110000011000101000011101000101011100011010001
111101001110001111110001000010101110001100111100101111101110001111110010100001110011101101110111
010100011111101111111010000000000100111000101101100011000000110001011110101000001100100100101011
111100100010010001110000111110011000011111101111111110100011011011010100001011101101100100000111
001100011010111111011001101111111110010101100011011001100000011000000010010100110110101111000000
010000011101111011000000100000101110111001100110001011110010000011101100010101011001111101010001
011000101111010011101000100100110101101011101101110000111111011100010111110000010001000000001110
101010010001101011011101011011101101100100011110110010011000101111100111111111110011101010110010
001111011100001101100000001010010000011000010001100001101011111100011011111010111011110100111110
100010101000110101101011001111001110101000000110010000011001011001111000111110110101011110010110
110101110111110000101000110000110011011111101010010010100100110011100010011000011111001001001111
000110101011001010000110000010010100100010010101011000110001100001010010011010010110111100100111
111001100110011101111110101000111000000111110100011001000011110010110100010111011101110110011000
011101100001000000110000000100111111011010010100110110001011011010011011110001000001010011111000
010101111000100110001011101001101010001011111101011011111100101001111000001100000101101100011110
010111100010001100011010110100001111010010001001000011100001001011101110101010000101011110110000
110101000011000010011111100010111000101001010100010100000100011001111111010100111100101110011000
010101011011111001101010011110010010100101011010111100111001110110010111000110111100000011011101
001010010100011110011110111010101011010011101001110001010011000101110001000001000010000101011001
100000010000001100101100000100010111011100011100001111001001000111000110000111001001101011110111
111100001101010010000100000111111100100100010111110111001001101101111110111100110011111001100101
101001010110110101111010110100000100011101001001110001011011110100100100101101110100000001000010
000000101000001010100000011110110110110000101100010101101110101101010000110100010100101100100000
100000001000110010110010101100001001100011100101100111000100101101010010101111000101000010010110
110111111011000101111010111101110001111110101111100001101010010111100110011101101100010110110001
100111110000110000111110110001110101100001001110001101111010010100110110011001110100110001100010
000000000101100110101101001000010111100000000111001111110111001110111100110110000110110101011000
001000111101010101001100101001110010110111010111110011010110000110001010000011010011001111001111
111111111011011111110000010001100001001010011000100000011001011101100000010010011011101100111010
010100101110011111100001110011011100110100001001001001100011000100101001011000001010111011111100
010100111110001110110001100001000000000000010001100110110101111010001101100100001000101101001011
010100111011101000111011101010101111101100001100011101100110010101101101011110110101110001000111
100101110101100000110100001001110001111100111101111001101110111101000000011111000111111000001010
010000011011011100000010111110010011001000010000001101100110000111000111110100011100001111100011
111111010001010011110000011001101110011101011110100101011111010000011100011110110011100111010010
001010110110010001010110011111010000000101101100101000100010001010100001001011111111001010000101
111000110111011101101111110001010100100010111001000010010011001100110011011101101000111010101010
110000001110111110101100010111110100010001101000110000010011111110111110001100010100100100100001
100111100101010111000011001110011100010110110110100110100110010110001011010011110011011110100011
001101100100011000000001000101111110000110111111010100010001110100000000111101111110101110101010
110001011111101110011101001100001100111001011111001011011111010000100011101001000011110000010000
101001100100001110100111101111000010100010011101101010001111001110111110011100011100000000001011
000111111101111100110000110101011011001000110100001011010101101101100000001101010111010001001110
111111001111011010101010111000010001010010011001100100000101010100101011000011100101000111110110
100000011111101101101011010100111101110100101101011000011010100001110011111000011011010011011001
110001000000010001110101001100011110100100100110010110011110000000011011100101011001100110110011
010110010100111000010110001000110011000000110110110000000110011101010001011100111100001011000011
010101010011001111100011001010001000011011111110011010101110011111001101111100101110001001101011
011101111001101011001110100101110000101111110111101100111100101001111110101111000111000001100000
111001100011001011001000101001100111001100010100000010011000110101110010011111010110010111101111
100001100100001011000101000010011110011101001011000000111111010010011000110101000100000111101111
100100001000001111100101011001110011011001100011111101000101100011100101110101100100111001110011
000011010010010001111110001111100011110111001000000110011010101111101001011111111110110001101110
011110111111111110110101000001011111100101101001001000011010011101101011001001100011010011000010
011111010100110011100011000000111001110111101111111101001010010110111010000001010000011110100010
011100110000001101010101010110001011101000011100100001111010000011000011110100011010110001011111
010001010110011111111011101001101011100101011111111011110011100001011100011111110100011000011111
100011100100011100111100101011111010011100101100001101001110000110101101110100100011001110101000
010110101001111101101010000000000011110100011110010011100000111111001101111000101110001111101010
100001110010000000100111101000011100101011100100010001010010100110100001001011100010011001111111
000011110101011001111000001111111101001010111101001011111100100001101011100101001111011001110111
000100101110000100010000011110100110110101010101001110010011110011110000000001011010100010101111
011011010101101000100101010100100101110100011011100100011101111000111110110000001100010111111110
001101001101110000001011100111101111111110100011001010001111101100111001011010101011011100101110
010110101011010010101000110101100010110111010110001100100010010101111000111100111100100111110000
010000111111011001101010010110110101110011001011100010010110101000011000011011100011010100111111
011011110001111111000010001111101100011010110111011001100010000010100111110111100011010100101101
100010011000001110111101001001111110001101110111011100000001011001011010110000111011010001100011
111010110101000010010100110010000111010100011111001011111111000001100110001011110111000000011101
000110010110001010011011011011110000011111001001001111100111100100010001100000011101010011010100
001111100110111001100010001011111010100010100111010011110011101110000101011100010000101001000000
010010101100101101001010001011100010110010100100111111011100110000101100010000011100100010000001
000001010110110011100001100011101010000100000110101101111000100011110111101111011110110001101111
110101111011111110100010000111001100010100010011010010111101001000001111001010010010000100100011
111010010110011111000111011000001110110101101101111101000001110111110110000011100110101101101011
100101001001011011001110111001101100100100110100011100111101111011100011011100001111011101010000
001011010010100010000011101101010001000110110110110101001100100100100111011101110001111111000011
110100101010000000010110100111011011011100110010010001000001101111000100011000100110100101111010
110110011001101000011010111110000100111101110100011000111000000101001001101001100011110100010110
011100010101100100001011011101011100001110111111101100001110100001110011001011001111101101100100
111110010010000010100101100111101111100110100000100011100001111011101111111100111100100010111000
110111101111000010011100100110101001001001000100001110011011001111110111001000010111101001000010
001000100011110100110111100101100100011101010011101101010110001101100010000100101001001010010011
000000000010101100111100000010011100110000011111000110001011110111110000100111010101010100011110
001001110100000100000010011110111101011000101000000011001101111100110101101001000101100101001100
000111110011011010110011000010011111101100111011111001101011001000111000000000101101011001111010
010011101100001101000110011010111000001010101000100111110111001110011101001101000000001010100000
111000000110000000000001110000100011000011000000110111111010111000001101001101111000111111100010
001100010111100100101011110110011011011100111100000011110001111011101000001110100001100001111110
001111001010001011100101000111001111100101111110110001001010010011111000111010111001010101110010
010111110001111011101001011001110011110111101010110000000100001010000010100011111101111100110001
101111000100011100011001110011011010010011111110000001010101100001011010010110101000000110110011
100100101101100001010000011110110101110001111111010101100111011001111110101010110100011110111100
000001010100000100011111000011100111101111100101100101010000011000000111000000100100101011101100
011000001111100100000101010101110110011110111101100011111001010011101110010111100100001101001000
011000110010101100100111010101101100000011110111110101101011100110111100011111000000001010100111
010011110010000110010100011110110001010100101110000000010101011100101010000100111110001010110000
010111111001011000000001111101101110000110000111010111011110010001111010101101111111100110000100
010010010001110000001111111010101110111001100000111111001100111001001011101010111100100011110000
010101000001101010100011101000110001101101100010100010010010001111001011100111001100011110101110
001000101111101010010101010101110110101000000011011100110100101001100010001010011001001011001010
011000010001110100001110110010000010001010010001101011010111101000001010110111011101011110001100
000001001110001001010000110011100111000001110001100001111110010001111011010111010111010011110100
100001111000101000101111111011010111101011100100111110111110011000101101100000001111011001000000
101000000100101100001101110100101000010010001110100001010010000011001101101000110100100101000000
111010110001001000011111001001111111111101000000111111101110110110100101100101100111001001011110
000011011100111101100001001111110011010111001101101111111001001011101000010010100011000110000000
011100111010110010011000000000111101011011001110100001010001000010011111000001000101111100110011
100110100010100101010010101110001111111001110010100100100000111100111000010011010110110011010011
001001110111100000101001011111011001111110011100011010001000101010111110101101111101101100111101
111111111001010110000110011110101000101101100110100001101100110100100111100100111100001100001110
110111101000110001001110110101101010000110010100101001110110011010011100011000111000111001101001
011110001100100101001001101000100011001000000001100010000111000111010000110101010110000111010011
011110100011111101111101010110110101011110011000111111111101110011111011010010000001000010010001
101010010111011110000000101100110100011010011010010100101110010000100001101111101010111010100111
100000000011000111000111100111001011110001011001111111100101110111011010111010001100000001101110
111111110100011100100100111011101111000010111100100111000011011000110111010011011011110010001101
000111001000001110000000011101111000111001000111100011001000010100011000011100110100111101110111
111110000101001110100101110010110011001111000011100010011011101000001011001001101000000000001111
101000100100110000100011110001000110010100110011001110100101111110100110100011101101001001101010
000000101011011101110011101111111011001010110111101000110001011010011110111110101001000010010001
001100001111101101100001100101111011000000101001010001100001111011010110110010001110111011100111
010010100011110101001000101001000000010011101011010011111111100110110101010100000000100111111101
111011100110111010001010000010111111111011110000110011010110010010101011110011001100010010010010
010001110101001111010100001101011101100100111101010101001100010100000001111110101110111001111111
111011011010101001000011001111000111001010011111111100000100110001000011000011111110110001100100
000001011010011011110011000100111111001101101111000110101110001001101001110101101101100100000110
010111001011111011000100001000111000110101111110100001000010010000101010000101110010010100010011
111111011100101110001101110011110101000011111101011001001111111100100111100111001010100011110110
000001110000011110000011010000110111010011000001101001111001000111101111110111000000011110101110
101010110100101100110101110100111100101100101101001110001110100110001001101110010101001011000110
100011101001100101110110010101011111001010100001000110011001011000101010001101010000001100001010
100110011000101100001101000100010010111100010110100000101100111110001101100111010011010110111001
010110000010101010011101000001100111011000011000010011100010011100111101111001011010010000110000
101111111011011101011000110111111011001010100011111111110101110110111000001010001010100001110000
001111101100010111101000100011000111101110111001011001101110110111000111001101101100111110101111
101001100111110010111011010110101000110010110011110100001101111101001000111110011011011101110011
100100100010111010000110100101110010111011000101101001001100011101110010000001010000111001000001
001101001111101011001001010100111101010100011111011011011000110101111100001100100100101001100110
001010001101111010000001010101001001010010000011110001101000111011101100001010001101100000110011
101100101100010000011100010011000110110001001111000000110001011111101101000010011000100110110010
111011111000101011111110010010011011110111100101001001111110100001001000100000101100101000000100
111100001100110000101000110000000011101011010110110001100101011111111100000001111011011100100110
100001011001111111010001111111011010000010100111010101001010001010000101101100011011000111100000
110111011011001010000011010001001100101110000011100001100001000111100010010101110001111001011101
101000111001011100111010001110100011001010101110000000011001100000111000100100000000111101111010
101011001011101100000100011000111111001000010001101001111000000110101110001010011110010000010001
110101110100100010001001101110011100001111110000011000110001100011101000111011110000010000001011
011010011111000111010001101011110111011100011101101000001101111001100111010010111111110110001011
