110110100010100011101111101000111000101111000100001011011001000011001011110000010100101011000010
010110101001101101100110110111101100110110010010101001100010001001101100110000001100110000010110
001000010000000001100101101100000011011000001001110110101111101011010111000001101100100101000000
101101011001000000010011111101111111100010011111100101111001100011011110100100001000010100011110
011001000010010010100010110011000010011111011111111001000111100001011000000101010000100111111101
000011010011100000011010011000001101001100110001110010011111101001101001110111011101011101000011
011110000010000001111010101101000111101010001110101000011000101100000100100001101000011000100000
000011100010001001001101100011110010100000010111010111100010111010011000111110101111000001100010
100111001011000110111010000001100001110100000111111011100110011111101111001010000000111111101110
010110010000110001100101000101111110101011111011111011100010011010011011000001000011101010001000
000001101000110111010011111000001001110111100110110001100110101001000010111000011101001110001111
011000001100110000111111000001100011101011111001111110000111100000000111000101011010000111101011
111110001110110001010001101100000111010110101000110001001000000101101101010011101111001010011111
110101001000011001001010101101001000110101001111010010011100101001010010010001001101011101001101
110111100000110111001010001011010101010001101100100000000100010000011101000100110010100100000000
000111011101101101110010110010111001000010000100010001110111100100110000010100101010111101110101
011111001010010101010111001100000111011100101000111001110000000001000111010100000000011100001010
011000011000001110100010000101110000100010101000000011011011001110110011010010101100010011011011
000111000100101010100110110001000011111000100001000110111001001011000110111000000110101000110001
110011101000100111001001010100100001110011111110110010110000000110100011001010001001000100010010
011001101001010111101000101111010001100111000000010111110000101011010111110011011011100010100010
000011011001100101000100111011011111011010110000110110100011110110001000110101000011010000110010
100000111101100001010010010011000001011001001111000111100010010100110010110101011011101000001100
000111010100110101101100011011000000110110110001110111110001110001000011000111010010000100001101
000111010001111111110000110101110111010011001111100011100011000101011101001101011011010010011101
011011111101011101111110111010010110101111111001010011111011111011111000001010110111000001111100
101101001001110111110011110111100000000101010000001100111101111101111010111010011111110011001101
001010110110001101000111110101010011010100100110100001111110111000110110011000100100010100010010
100110100101101011111111111101110011111011001110001110101011100011100100111001101001100110011011
010010011001011111001111100100101101110111100100001000000011111001000111110011100001101011101100
001110010101111110011001001000001100111111010010001110010011110011000110010010010110011101011111
111111011110010111101110111001010101111001111001111110111111010100011110011100001111000000000011
111100110111100010001111101110100001000001100110110000000001101001101111011110100101110101001110
111111000100100101011101011000101010110100100010110100100011111110011101111100000111001010001110
111010100000000100101110111011010111001100011011111111010010011100000110010101111111111000110010
111011010101010111101010010001110111110000100110101100110100001000011011001001000111001101011010
000001010011111010010001001011111100101001110010000010011000100111101011101010111110010110001011
100110010101000011101101111010000100011111010001000101000111010011110111001111011100100001110111
010000000100001101000011100000110110101101111111011010101000000000101111010000111000101111000110
010100101111001011010010000010111011111100110010111100010101101010000101101111101101100100111101
011101111000000101010111111011100001110001110110111000101100101000001110101111111101100011011100
001011010001100111111000011010111101101110010101110001101010110100001001000101110111000011001011
010000000100011111100110000001110011011011001011000111001101010110100001011011101001001011011111
001101000001010101110110011010011101010001000000101011010010101100111110011100010010111110110111
111100010110001001011100011110110011110100110101111111110101100100100001100111001001101000010000
100110100111000000110001000010010110111101111110100010100111000011111011110110011110100001101100
110001111001111010010010010001001110101000001100111111101011001011010101100110001101010000100111
001000110001111100010001010000111000110000011101011001001011011000101111100011011011001011001111
001001011001010000101101000011110000000100101000000111000001000100101000001100110101010000110010
111010111000011101010100111111000010101010001110101010100011010001001100100010101101100110111101
100111000001111010011000010000010110100010101000011000111110001100001010111001010111101100000011
011100100011110111010010101011000101100111110100111001011110100010011110000010001100100011100011
100000000101111010010000110110100011110111101110111111000010111000100101111111101110000000010111
111011110011111010101100000001001110010000110011101011001001111100100110010100111111110000011100
110100111001110000001000111111001110000110001110101001100100100000110011110011100100111101001101
001101010110011110100100001011101111111010001010111001110101110110000101000110010111001010000011
110001110010110101010010101100010011011010111001010100111101100000011011000010100110101011000100
011110110101011101001000101111111101001100010001001001100001010111100010001110111110000011100111
010100100101110010010011110001010111100000100000000010101101000100100011110001011010011011010100
111110010100110000010100010000010011110010011011101110010111011111110000000010010100011111111101
000111111100010111011000000010100100111001110010100101011010101100100010101101101010110011001001
011011111010100011101011111101010001000100111001000000101100000111001001111111010011111110010110
100111111111110011100011001110000100111101010000000110001010000111010010110001110011001101000011
010110100011100110000000101101111101110010000001011010010000011011010001010000111111000000001111
111100110101110000101110001000110100000110010001111010001010000000100001000111110001110101001101
100001110101100010111000001110101000101011110000101100101100111100111010010100001011100011111011
000111010111101011100111100111111010000011100001101000101011111001010100110000101010100011000010
111010111110100011010000000010011010100100001001110101111010111001110101001010010010110111110010
011110111000110110011110011000100110110010010001101001110000001011001011110011000001011100110101
011111101110010011110111000111110000000101011100110111101001010001110111101000111100001100100001
101001010011111010110011100001110010110000010010101010000011010011001000001000010000100011001100
101000000111100010000110010011001010111110010100010110010001100110000010100011100011001100110110
110100101000111011110111011000111110100101111101110000101101010010110000111000100000001001010110
111111010011101011111110110111111011000011100110010101100011111011100100111010010001110010010100
100101101000000011111000111101110111111100111111001011110101001101111111111100000111110111111110
111001011110110000000101101110100001011011001101001011101000010101110111010110011101101000110111
110011110010100100011011010101111110110111100110000000101011001001111001101011110011011011011010
101000001010010101110001010101110111100010100010010000010011000010100011110101011001100000001010
001111100100000100011000111011000110101101111110101010010111100100000110110100110011000100010011
100111011010011100111011101111001000000011010111010000111000010100111001001010010101110001101110
110001100000111010110101001010010000001011100010101001000000010010111000000000101001011110010001
011000100100010101101000101101011101011011100100101011001010100111111001001101111100101100011000
000111001111011101101101100001110000011101111010111010111111011101111000111011000110101001000011
110001110001100111010000111011101111000100001010000110011110001110011100011010001101011101100100
100111111001100011110001010001000110000001001111010001011010101111111001100010010101111100101101
011111011001011100010101100000011100000010111101011001011110010111011111011101110011000010110111
111100110010000001001001110110111000111110001100100010110111000000101000101100110111110100011100
111101100011100001011000110110110110100101010110100000101100111110000100011100100001100001101010
001000001111010010001100110101001101101101101010100000001011111101101111010010011110010101100111
111011001110010101000100110101001010101100100100001010010010110101000010111100001011010011100101
001101010000011110001110011010010111000111000100101111011110101110110001000010100110010000011000
001010001011101000010000001010111111001011011101110110111001100011100011010001010001000010100110
110100100110100110011111111110001100101100001010011110001000001010010100100100000100010001100110
011110111111110110001010010111111000001111101101001110000110100000010000000110000111000110101111
010110001001000011110010101000000001000001100001100000010011000111100011110100000011100100101001
101011001001011101001111111110111110001111101101011000000101000000000101101001000001001111000110
001101110011010011001101010010000000111100100110010110001110001011111001011110110110011111001101
001111101101001100101011101101000100100010010101011010011101010111001111110111010001111001110101
110100001100000001000001000001010111110001010111100110011111110101111100101111001111000000110011
010010110101101110100110101010111101010011100101000000000111101001100110111110101101001001101010
001011000000100101111110001011100010000111100001011000101111000001100100110111100100111001011010
110101110110000001111100001000100011000010100001111110100110000000111110100011010000011000011111
001101100001001111001111101110111011110001001111111001111101110111100010101100111101110101101000
011100011010011110011010010011100101100111110000011000001010010100110111101011111100100100000011
100001000110111010100001110000000000011010111000111000010101111001110101100000010111110110111101
011001011111010101111010111101001010010101000000110010101001011000101010010001011110000110110011
000011100111000001011111001010100111100110011011110011010101101101011100001001010111111010001001
011101100000001100000110000110001101000101111001000100111110111001100101101100010000001001010010
100000111111011001000000000110110101110001111101010010010001110111110011101100111110110101001010
000101100011010000001010111110000010111000101011101000011001011001000100001011101100101100100100
110011011100101010110111101000101000111111001101001001110000000111111000001101100011100111101111
001101001111110111000110101111001101010010101000111110000000011100101001100111001111101110101111
100100011100100001000010101010000001111101010011100110110010001100000000100000010000110010100001
101110100111111011111000110100100111010000010001110001110110110101011110100011101011111011001011
101000100100110001000010100010001001011010110110011011101100011011110001100101010001111001011100
111000100100010000001101100001001101011111001000001100110010001010011100000001011110101010111101
010100100010111000001000100100101111000000000110100000101010111111010100001101001010100110100001
101000001011110101010101110000100100101011001110110001001110011100011011101110110000101111100000
111000110101001011010011110010011000001100111010000010101010110111101101111100110011010100010001
000111010100111111011110100000100100111011000010010111001011100010110010100101110011100011110111
011110000001101101111100100010001011011111000110101111001111100001010000001000111011000001010110
100000111110110101010010011000011000100010010100100100111110010011010111010111101000101101100110
011000010001001100111111101110000110010011101000101111011111010100110010011100010110100111101001
000001000011110010100010010011110010011000010101100001010101111000010011011011000101110001110100
010001001000101111111010011111101001001010110100101110010111101010100100110100001111100110000110
001110110000010000111010000100000010101111101010000111111100011110000011100101111000010110101011
001101101100011011000100001111001100001010010010100110011100101100000100101110100101001010100011
101111111010100011010011000111100000000100011001011111000110100111001111101011010010111100001000
001000010000101101110000011000110010101010011011100101011000101011011111010111011010000011110100
001011100100100101110101111001011100111111101101010010010101101010111101001010111010111101101000
110000100011101101011010100011000111001111000000101100110110011111011111011110111001001100000100
101011111011111000010010000011110101000100010001000111111011101100110101000110010101100100100000
010011011000011011110111110001101011001010111010001110101011101000101101101001010010101111111000
101011010110110000111110011000000001000000011001000100010110101000111111101010010011010100000100
110010100101000011001011011000100001011101010100010001111100101000000100011100110010100011111110
010000011100011101010010011101001001001001101000100101110110101101000001100000110101110110111111
100010011100010010111001101111001011101010101011001001110000101011111101101111001011011001010001
111100111011011101000011000101001110100001001100101101100010000110011000101110011111110010101100
111000000101111010000110010010100010001001000111101100110101100101111010000001001011111000100001
111000111111110000011011011010110101111001000111100110100010010000100100001010111111001001010110
111101000101111011001111011100111000011000010000100010011111011100100010100011111010011001011011
000110000000110111101001001011001000011100000100000110000011110110011100101011010111101000111001
110011111111111011110011101101010101011010101101110010010000100001001111011111100000001100010011
011011001111011000000001000100110010001011010111111111110011111101000001010100000110001110100000
110111100001110000000100111101101011001101011101101110011101011101110001101111101001111100001001
100000110011000111110111011111100000111001101101111000101010011000001001001011101001110100110000
110111110100001110101111100101000001110101001000010010001111111001011110100001110110111110101000
000000001011101100010111111110001000010011010000100000111010110100000100001001110011010001111111
010011110101001001100001000100101100011110011001001110101001101000100000001100011001011101111001
010101000000010111110010100011011010110100010111111110110000001111001110111100001000110101010001
101101011000110100110011010100001111100000011011100011011101010110010101101111011101101101101001
110110101000100011101000100110110011010010101011010110101100100010000100011100011111011000010110
001110100110110101100111000111100011110000000111011010011011010101100010110011101010101011001101
010111001000100011010010110100111100110001011010000110111011110011011000110111111011101111101001
110100000101010010110100011110101001001011010010001010010101111011000101000110100010110110111111
110111000011100000001011111100011000111001111110111000100001011110111110101000101010101110111010
011000101100000010110011111001011000110010100011100110110001100110111011111000111010111000111011
001010001110010000111101010001010001100011101101001101110100011010011110011000110000110101110100
001010010001101100001011111011100010100111000011101010110100010110101110001001010011110001110000
101100100101000101110000101000001110011110011000100100011110110011110010010001101001111010101010
111111101010000010001000100110111000000010010000000101100110111101010001101110100101001100000001
000000101111110110011110100101110010011101111010010100010010100110100101111010011000111110000110
111010010101111001011100101011011010111101110000001100111111101110000001101101010010111001110011
000110010000100101110001111111111100101001111100111110011011111000011010111100111110011100011000
011100011010001001100010111110011111110101000101100010010100110111101001010101001111101110101110
010101001001100000100100110100001111101100000101111100110110101110100010101100000100011011010101
101100000111001110011101011000011001111101001001011001000101101010010000000001100000001001001110
100100111010010101010100110000011111110101101001110110010000010101001010000100101010001101000111
001010010111001000001100000001010011010011011101000001011110100000011011010101001000100111110111
111101101001111011111011101011011101100101111011111000001010000010011100010110111011010011111000
011010110000111111001010001001010010010111110100010000001101100000001001001011101111111100010010
001100111100111101010101111011000000111000111101010010101010100001000010010001100110001111110001
001000011111111000001011010011001110111011011000101011100011100110000011111011100010100101110111
011011010110000010001110111001111100001001011010011010101111110100001011001001001011110110011010
011010011110011001101000101011101001001100111010000001010000011100001100011011000100100011011100
010001111101100111111110000010001011010111101100100111100000100010111001011100010110001110110010
011000011111101111000001111101100001101111101011001011111001011000011001110001000010001110000110
110010111101101010010000010101010111110011100010011100011110111001001101010000111111000001011001
000001000011001001010000010111011011100001011101110110110100011111011111110111100010001011111000
110001101100011110101000001011111010101010010110001111010011110010001010101100010001100111000000
101010010101110000110111011011100000100101111010100010001101111000111110110001001011101110111011
011110111100100111010010011011000011100101010100001110011011001001000010001000100110001110110100
111001101011100100011111110111000110000010111001000000100000100111111101000100101111101001110100
111110100101000110100110011001001001001110111100000000010001001010000100000100101100011001100100
110100100111000000001101000010000100000101001001011000001011001001000011001100000010000000000000
100001101011000100100100111011001101100111101011101110010100101011100010000000111010101111101010
001111111110000111110101111001000110000100101011101100010001011011011001100001110011111101001100
000101010010011011111111110111100001010111001011111000011100001001110101000000100101100000001110
011100000101000100010011111100010101000000000000110111110001001010010010101000110101101101111111
100001001100001111110100111100111001001100111000101101000010111100101101110010101011000110101100
011000101010001111111100100111101011000010011110111011110001001111100011010110011010110100010110
101111001010010010011100111011100110000100110100101010000001010110110110101000110110110000111111
110010000001000001011101010010010111101011110010101111111100010111110010111010100000000000011110
101111001001111100101100010000110111011011010100011010101100110001110111101111100101101000101111
000000001111110101101111100001001000001010010011000111100010010101010010110001011101101101101010
111111000101001000000000100101001111101001001001100101110111100000001100101001010101111010011010
101011010011010110101000000100101111110010011000000110000001110010100010001000101010110011001110
111001010000101110101100001011010011010010001011000011101001100010110000001000000010111100100010
111000110000101001001100111111000111110111101011010110101010001101010011111011000111010000111111
110000001001001010001011101111111111011101110101110001011110011000001001110101100000101011000011
001001101001001010001000100001100011101010001001000100101010110011000000101110101010011111010110
000101100101010010100000010010101011010011000101010110101110001110001101011111000101001000000101
100100001111001010100000100000110101000010110000000101011111110111111100000000101011101110100110
111111001101010111111100010000111011010110100010110000100011101100100010011011111001101111001001
000111000011110000111111001000000000110001010010111001100101110010101100101010010011000011110011
111011110001001010110001100000111001111011111001000111110101111000010110011100011111110010111000
110110111111010101011111010011000110100100110011100110111010110000110011011001101100111000110010
000010010001011001010101100000011100000101111000001100110100001001000110111110001010001010000100
111010010000110011100011001011100110010101000111011000011100011110101100010001001101111001110000
110110111011100110011000010100111100000101001101110100111110010101001101110010111101001100100100
100101010011000000011110110000011000011011110111000111001101101101111101010010001101111101010111
100000101011011100011111011110010001011101101010111110000111111011101010011101101110000001100000
011000111010110110001101100111101111010010011110111111100110010111111001111011001111111001010010
001110101101111101100111010111110001101100110001101000000100001101100011000001001110001101101001
111100101100110111000111100110010111000110001101011111001010000010010110110011011110100100011001
001001010100100010001110111111011111010111101000101101110011000110010111110001000101010011101011
011000100110111111011100010011011100011011110101010100000100101011111000110000100111100101110101
000011111011100010101101101000011001110000011110000101010010101010111010001100011011111011111000
011100011000001100101001110001001110000010000001001000001001100000011010011111001011000110101100
001010101011100100011001011010100111000010011001000001111000100011110100001110101110111101010100
011111100010010110101000001110010001101110111001110100000001110000111011110100000000110101111111
110100111001010000011101000111010110010011001010110101100110001001101110000000001011011100101101
001100010110011100110111011101100011111111100110111110011111110011101001011100011001000100001001
101011001011011010100010100110000001110010001110111111001101101110011010010110011011101101010011
101010110101110101111010110001101111101001110000000011001101011101001110010110111001001110100001
000001000100011001111111111110100110101101000101101000000110001001011001011001111111001001101101
011111100000001001101100010111110100001011010100100100110111001111001010100110011100011011010101
101011101101110111000101111011010001110000100100100010100001110101010111011100110011000111110100
001010011000110110101010000000110000000011101100101100110011001110100100010011111001000111101000
111110110011000001010000100010100110001010100011101100011000000011010011110111001100001110110110
110101100100111011110101001110000011111000100000001100110101100000101110100011111011101100111110
010011101000110010111101100001011110101011101011011110011001100000100001000101000111111110100110
000011001000111100110010001011110101000010110000001010011111001010100111110100010001010000101000
000010100111100001111100110110000011101110100001111010010000011100111100100011111001110101001100
010101011011000000011001110001001000101111101011001001101111110110001100011011000100111100001111
110011011000110101101111101111110011100100001100000000010100001000010111111000011001111000001011
011010010101010111001011011101110101001011111010100001110011110110100000001100111011101100100111
110101110101111111100110101101101101001101011011100110101110110110110011110000010100000010000111
111111010100110101011111100011001010110000100101110101100110010110110101001101011111100000100111
110111100010001011001011001010010100101001001101100111101001110100010100100111101100110010001100
100001111010010000111111110011110010001010011000100010110101100101111110110011000101111011000000
000010111101110010110011011100101010111111001101110111010001110011110100101110001100101000011011
010001000110001100010101000010100011100010111111101011110001011000001011111100011011100110000100
100100100111011010100001001101001010110001110001101100000010010100000000000101101101100011101111
000011101011010000101100010010110011011011011011001100000011110001000101010110001000001111100001
110100011100011011010000011110110000100100101101101111010111110111110011100010010111000001000000
101001100110000001110100001010001010001010001010100010110110101111011111000101010110010010111100
100000110110100010100000001010000001001010110011011011100101101101011100001110000001111111101101
011101011100000010100111101111101011110110011110010111111110100001011011111101100010111011111011
111101110101101101011001100010110100011110111011110100011111101010101000100001000001110100000110
111000101011110100000111001101110000011111100111010011100001010011101001001101101010110011011101
100111010111001011000100011001111011010000011011011110010000101011110110111100011100000000000001
000101110011110011110000010111010010011100011001001011011000011001000000101010011011010100101100
101011110100111000011000110101010011101110101101101101010001001000110111100101100110100010011110
010100100111110100101100110000111111101010011110000110010110001000111011001110010001001111100101
000010100111111111110111001011010011001111101100001100001100100100100001001001000010000101000001
000111010010010001111011101100110010001001110001101000011111011100001110101100011111110111000000
011100010011001101111010010101010110110000101110010100011101010011011111111010101101111101110111
001100011111110101100111010111111100010100111011110101100110001111111000111101010000111100011001
111110011110100110001000100001000100101110111110111011011010000110111111010100001010000000110101
111011011100001001000101101011100111100001010111011110001010100000111010001010111111001100000011
111010110100011101101010010100100111101111100011000111100010101110001110010100101100111000110101
011100001010100111001001101111111010101100000000101111011111000101011011110000100100001110001100
100001111001101101110010110111010100110110111100000101100010001100100000000110011000011010110100
111111010111000101011111000011001011001101110100101000001100101011111101110000000110111011000000
101101101110001010101100101111100100001011010011010011010100101011101010001010101100101100100010
110101110000100011111010010001011111100001011101110111000110001101110110111101001010101110100110
001110001101101101010010101110010100000000100011111100001100100010010011101011000001101110111001
010110100101000000011110111000101100011001000000000000000100001010000110101111111011100010110010
110010100101001100000111100010100011001000001110010011100001111101101011111011100111000110010000
001100011010011000101101001111010001011001001001101011111110011000001110001000000111010110101011
111101001110110101110011010011111011010100100111111110100101101111001010000100001010100111100010
101101011011110000100110111000001111000001010101111100111010001101110000011111010010000010111110
000101111101011000010010000111100001010101011010110010111000011010100110101001100010011111001100
010001110111100001000000000011011111001000110110111110110001010000100100111111100011110000101000
000101001101111110101110000101110001001110100110110100101000111111011000110111000010010100100001
011001101001000111100110110001111100000101100011000111001101110010001011001100011111001000100111
001011011001111011001000001100111100111100111101000110000110011011111101011000110010101101110000
011011110110001101101101111110000001111101110101010011111000010001101110111011000111001011000010
100001000001100000111110010000100011011100100101100011000010111000001001100000101000100111000100
101011001011100110001101111111111111101010010000011011001000111001110000111100010001001100010000
100111010011010000100010111110100010011010010100010101001111001111111000101011011100001111110110
001101100000111000000010101101101010010101010011000111111110100111111101001001110010000010010111
110111110010100111111110110001001100010010100001011001001110001000100111000000100111010001110010
100101110110000110110000100100001001111011011111101001110000001101101010110100000100010000111001
111101101010111110001111001110011011010000011101100101110111100111001101101011011011011110010101
000011000100110101010101101100001001111111011101110011000000000011110010111100001001010010011100
110001011101111011110100100001110100101001100000001010010000100101010100111001111000110010110010
010111010100011101000111111000111001110110001101011000010110110101110101010110010000110101011111
101011111111111001000111010000101100001111111101101100010111000101011101111100011100011001101000
101101001111101011011011100001001000101011111101111010100000101101001110001010110100101001011110
000101110000010000001110111111110110001011001010100001101010001111101100101110110100100000000011
011111101101100011011110000011011001001111110111001111011011111011011100001010010000101010111000
100010000101010101110110101000011001001110010111000001110100011000100010101010010101010010111001
101011101100110101110101000100111011100000011001101101111000100001110111000000010111100101011001
101011010101000101100110010010000011011100101101001011000001011101111001000001111100110111110001
001001000011011010011010000000110010100100101101100100101100001001100100011010011100111100111010
011100111011100110101101000100010110001001100111101010101010101000010100100011101110110111010100
110011000110101100100011110001111011100011011010111101100000111000111000110000110011010011100100
100011111001101001100010001010101001101100001111001001010000001101100110000101010000001000100001
011100110010010001011100011011000111000010101010110110101010100101000000111010110000001111001110
101100101000010001010010100111100111101001011000101111011110100001100110100101111101010101100110
011111001110011111001011000100100001011011010010000101000010010010101001010100111010001111011101
000111101110000100000011000000100000010111000011001011010100100001111111010101001011111111110010
000011001101100111011001011001010101001001001011110110011001000010100001111010001010110101100101
011101111010101110100010011010000000110100000100011010111010111010000110100010110111110010010110
000010110001111111010101110110011010000111010001010010111110111000011001000101011111100001111111
110011110001010101010001011010110001011011110100010000010100001110111010001010000100011111001100
001110010101111101111111100000110111001001111110010001011100110111010101100000100001010011111101
010100000000001010110000000111011010100001111011101111110010111101000100011010000110110000001010
011010010100001001010001101000111001111010000010110111101010001011110001110001101100011111010010
111110100110101111011001000101111100100110111001101110000011111100011010010010010001011000100111
001111001110111011110111010100010110001111000101001000001001100001000010000111001100101000000100
011101010010111110000001110001010110101011010110100011001001000110000011000111100111110100110010
100000000000100111101000001100100001110001110011111101000000110111101101101011001001101000111000
100010110001010110101110101100011010010011001011010100110010011101110010100011010100000111100011
001010101000110111010100101101100011000110110110110001011001101001111100010011000010000110000001
011111000101101111110110001100010111100010110100110010011001010010011011001011110110011010011000
111100010101010011010100011110101010100101101111111001100101110110001011101101111011111111110010
000001001111111000110100101011000101100101010110010100001000011111011011011101011110101110011110
110101001010111011010011001010110011101010000001001010111011011110010100111000110110010000100010
110010001011011000110000100110110011010011010000111110111100000010000011110010100000110101011010
111110000000101011101001100100010001100010100111011100111000011001101111000000100001101101001101
001000110111111010101011010010011110000111001110000110010000000010000101001100101101110000010011
100100111001110001001110010001001101010100111001101100110101101110001010110001111100000000101010
001110111111000100110010110101111000010010111111101111010000111101111000101100101101110100000100
101101011000010110010010101110000100010011010000100100101111010111000001001010110001011011111110
000110001100010101101100010000111001111111111001011100100100111101010111010010000110110000101100
110111111011011110111100110111000010010000010101010110100000110001010110001000011101001111010010
111010000000101100110111101111010101101110100010101101101010011000111101100001100101011110100010
000001011100011010010001110000100001111000010111111110001000111100111110101110001110100100010010
010011011100010100010000111110010010111000100100001010100010100101001101101011000101100100011110
010011111000100100000111101001010010011011000100111001010101101000101010010010010111001101011110
011001010011001111010110101011100100011001011000000011000011000111010010101110100111010000100100
100100011000000011111010001110111000100111001101110011110101111000011110111110101001111100101000
001011101110001111101101011000110010001010001000011110001000110100100100100101010100110001101111
010010011110000101010101110001110101000100000111010000011101111100010011000100010010001011011001
110100011001100010110011111111100110110010001101111001110101001010010100001101111010111011011111
111101001110010110110111111100001110111110101000010100111110000011010111100101001111101011011001
100110101011101001110101110111010100111000110110110011011101110000100000110000000111000100001010
110100011101110000111001101100101000110011011010011001100001001100110001101101110001000011000011
000000000010110111011000001110000110010111111001001100000111001011111101111101110011001101001001
000000000110010011100110110100111010011010011010000101010101011000010111100101110011110100111010
000010100000110101000111000000011100010011000100111100001101001000111011010111011101011110001000
000011010010000001011001101001001100011100101001000011111101010111100110001100100001011101011100
110000101111001100101010011110101010100101110011011111011000100000110101010010011010101001100010
011000010100010100111010111110010000111000011011010100111101110011000000000001000101011001001101
110100010000111111100000101110100111010010000110001110101110101001110110111011001110010111110011
011011110110100110010001101010100000001110010011100100111010100011000000110010111101001111010100
101000100001011111000100100001110110101010111111111100111100010111000011101101001100110110101110
110010001001011110000011001111101011001000001110001101110011100111011011011101111100100000100101
100011000010100101000000001101111000011101010000101011111000101111010000101110000001111110011111
111001000100110110100011011110110010010111100011101100011001001000100100111111100100011111111000
100111111101000011100100110011110001011001010000000100100010111001000100011011011101101001100101
101110000110010100101000010100110111110100100111100110001111001000100111011010111010010101010011
001101010111110011010110011110010100110000101000111000001111111110111111111101011011110000011010
110011010100110011010000100101001011111111101000010110010100110001100011101100000011011100010001
101011100110000011000010111011010110101010111010011110000101101110110111100101011001000000101011
010100100110101010011010111000110110100010001100101011000100100101000001010010100001110001011101
111110011000100110000111111011100010101110010101001000110101000001010100000110010011000000111100
100111110011100011101000110110011111000011001000100010100001010101110001011101000001010001110010
001001001001011010000110101110100000101011101011111010001011110011001100001001110000100110100001
010111110100001100010010010110011010000011011010000010010100100001000010011100000010110101011000
110101000101000010100111100010010011010100100000010000010011010001001110111100000100110110010100
111101011010110100011101011000100000110000010001110001011111010101011000001100100100101111010111
001111111111101100100110011001101110001010010110000011010100101110010011111101101110110101110010
100110001111010101000010100011011000001011111100010101100010110110111011000110100000100100010000
111100010001111101101010111111100011010010010001111011000111001000110111001101101100010110001100
010011011111111011001101001011111001010001000011011000100011010000111111101010000110100101010001
111001101011110110011110001110110100010101010001010100111010001011101001011001011101111101110000
001101110010101001001000011110011110010100101001100110100100110000101011110100011110110110011000
100110010000000100011001100000000100110011111100110000101001101010000100101011101001011001010111
000010111001000011000110010010011110110010100110010100000101011000111010111010000111011101010111
101001011100000011111100000010000111110010010101000000111000111000101011010000011001110001110101
001010010010101110101010010111010111111000010100110110111010111101001101011101110111010101111011
101001111010001110100111110011000111101100101001101110101011100110100000010110001000110101111001
100111000001001110011100010101010111010010010001101100000110110100011110001010001110011101000001
011011100110100100100011111001011001011110001110110011111001110001100100101100101111011000000110
001101001011000010111011111110110001110010000001011001100000000000111001011100100000001111110000
111001101111000000011101000011010001011001110001101100110010011011100110000011011000100010010100
110100010110011110101110010110000101000110100101111010011000000101111101101100011001100001011010
011000010100111011010110000111110101011100010010010010110110010111101110110101000011011110111110
110000011110111000100101111111000010000110100000000010010010110010110110000000010010001000100010
100110111111110100000011100111010111100000101000110100001010001011100110011010010110001111000001
000010101001000101100101000010101000100001100001100110101101010010011001011100101001001001010100
000111000010011101111000101000010110011110100111100011100101110011110011110111110101011101011000
010010011111111111101000011001101110110100011001000101010100100111101101010001011111101110010100
110011100000111010000101001010100000000010011010000010000110010011101010101000111011011111010101
011000100101011000110100010000100010100111000011111110100100101111110010000001011010101010001000
011001101010100010101011011110010111111010010000010100000100010010011000111010110111000010101110
001110110110010010111111011001001100001101010000010001001011011011100000101100101010000010111011
110001100110011101111011101111000110100100111011110011011000111001000111001010101010000100011100
001011111000110101100000100111000011100011010110001101111010111000111111011010011101001101110011
111110101010110101110001000100111001110010100111100001010101010110100001111011001010100010000100
010100011010010111110011011011001110110111110110111111110001111100010010110000111010001111100110
001111011100010011001010110000011111011100010111101001110111100111110001100001101010000001101000
110000110001111000100110100100000011101110110011010111001011110101100101101111000101100011001001
010110011001101101010001111111110011001010010101110011111100100000101110011111001110010111110000
000110001111001101110100110101001110101111101100111110011101011101011011100100110010011101000101
101110000111101011111000110001001001101101110011100110100010100101110010010110111000010100100010
