100110110001000110110101100001101110100110110001000010100001111000111111101110000010110110011110
101101010010101111011111000000101001101001111001101101001001011010000100111000100111100100010010
011100001000100111001001101100011010111001010101100100101100100111010110111110110100101111100000
010111100010100101011101111010001101000001011010111011000001100010010011101101111011111100001111
111100110000000100010000110101111001110001011100001001010001110100101011101010111111001011000100
101010000001001101100010100011110101010101001010100000111011101101100010111001000111111100000110
111100100100000010101101110010111111011000000001000111000010101010111101101101110100011011011101
011110110111011010001110111100011101100101000001101000111010101101010001010111100101111011100001
111101010101001001010001100110010011001101011110011100100111001100110110101001111110000011001011
110101000000111111001100101110110001000111110101010011110001101101000100001100010111011100000010
110101010101111011111110010000100111001100001101011111000110010001001111110110001001110111000011
000101001101010111101111001001001010111110010011100011101110110100001001001000100001001101110110
110000010001101000100110111011111111100011111010010101010111011111100001100100101000011100011000
100101111000111110100010011100110111000011110011010001110001111100100100000010010100011010111000
011110111100000100011101110111010100111100110100000110101010001001011011111110000111010100010111
100100010111010000010010011101010101111010010111001010110000100101000001001100110001000010100111
101100110011100111100010001011111100011100010100001001101110010100110000001010111111101101000111
101011111110111101001011100001000011111100010111001100001000000011111001001000010110100101111110
000001111111110001110100101000110100101001011110111101011010101111000110111111111010001100011001
011001100111111000010010011010111010011101011110010101101011110110011011001000110110110100110000
110110111010100001010000010101011001011001001010100010010001111100001001111011000110100011000001
100011100100100001110101111000010101001111111111010111110110001110111111011100010100001100101111
001001011011000011110000111111000001110000011101010110100001001101100111100101010010011000011011
101110100011100011000101000101101010101110110110000100110010101010111101100101101000110010111001
010000010101110010110100001000100101100111000101011110010101001011110100001101101100000101000011
100010011011011011010110011111001000010010001111000011101111001101001000100011001100110001100110
101000011010101011001000101101000110110110100101110100011001000101010010010100010011101001100110
111100110111011100011101111100011100101001100000111111110111001000001110010110111111001010110110
001000111111011111011101011101101011101100110011010000000000000100110011011110000100100010101100
001001000000001100110001101011101001011111010111100110010101101110111110110001111111100001000101
010100001101010001011111100101111100010011110111110010111100111011001101111110111100000000011000
000000011001010000100100100100111101111110101111101001101101100000001010000000011000101011100011
111000010111011011010001101101110010110000101100000110111100111011000000011110101000000010101110
101010111101000111111000001000011100101001000101001011101010011100110100000000111001111001101001
111000001010100010100010111100110001110011111101000101000111100111110011000010101111111100110001
010100111100100000110111100110100111010101011000101110100001101001000010001010010110110100111011
000011111010001010011101110011011001110100110011100010100100001001001110110000001110010101011110
101001111110010110100010110001111000011001110111100111101111010011001100101101011010011001001101
111110011010111001000010110010011110111101100111000111111001000101000001110011110110000001101001
110100100010001010100000101101010101111000010001010111000111000011000100111100101001010010101110
100011110110000100110001101000100000101000000010010110000011111110110000000010111111101110110111
110100001101111111111000001100110010001100010011100011101000111100111100010010101110101011100001
000011101000011101000100101110111101000000100001001010101101100110100001100011100010010011011101
110111111100011011110010100010011010111101011011000100101100000001000111000101110010111010010000
001001010000111100100001101110101011110101001010001111101000110101011100101010010101111101110100
011011101111011110110101110110001111000011011010001100011010011011011101010000101111110100111000
001110110100110111111100101100100101001000011011001101100000101100011111101001000111101001010101
001101111111101001000010100101010100010100011111100001000011011010010111111000100100000111010111
000001111110000011110010011110110010111000011011001010011101001101011101001010101011100110001010
110100001100101010000000111000000110001011001001111011110000001100101001010011101111110100100001
011111100011111001110000010000110101101110000000101011010010101100100011111110111111010100110000
011011011010110001001010101100001000000111000110010001010010101010100011000000000100000100011101
000010010100011000100100011100111010000010110111110001100011001001100111001101110100101111101101
001101101010011100011000001001011101000010010011000110010001011111110101000010111111100110001011
111101100000010010111000100000111010111001001001111010101001100011011111001100001010000100101100
111011100101101101011011011111010000010100111100000110101111011010010111000101011110000000000001
100010101011001111011010010001001110100011110000111111111111001100110100100101000110110011001010
011111001010111001001000010101101000010100101001101010011111010010111111100110011010100011000000
011011111000101001100011000110110111001110100011111110000101010111001101111100111101000000111010
101010000010000011100111110111010011011000010100100001110001110110110010110110000010010110000101
100110100001101010101110010110111010110001110111101110001011111011010110111111001001110010101001
110000111101001100001101101110000011001000111010001100101010110100101011110111010000110000011000
010010010100001001000000110111100111111101011111100011001110001010110010101101101110101100110001
001000001000111011111100010110011101010001010101010101000101111101100001011111010000111100110001
000110111010110100111101110011100111011011101011001010001001010101001100010110110001000111101010
100001001110011111111000000100001110010110101100001000111010110110100000001100011110000001010101
100001000000010001100000000000100110011100011011111111101110000110001100000101111101011010111011
111101010011110010110001101011001010010110100110100111111101010010111110001100110010110101111110
101100111001100001110100001010110000111100100111110101100010000001010110000011010010111010011101
101110001000001111001111011101011101100011101010010100000101011010111110100110011100110001010101
000011111100011010010010111101000110011101010110110100011101011001001111100110100010000011001111
100000000101100000000101111010011111010011110101011111010000000001011011001100000001100010000101
011101010111101001111101010001110011101100100011001001011101011011100001010100111101011111101101
111101101000100000101010000001011110100111110001101100100110000011101110011100000000001101100001
100101100010011001000100010000110000100110100000011111100110101000101101100010100111101110000100
100010001100110111010101110100101011000010011000010011101001001100011011011000111110100011100111
001001000110011010011101010110111000110001100001000111101110011000101110110000100000011111100011
110010110110111111010000010000101001010001010110000011110110111110010000100110100110011010110010
011100010000111101110110110100110110101100100111011010000011010010100001001000010111111010101101
111101011000010000001001000000000100110110111110101010010111100111100011111001110011011001000110
000111000011000110110111111111110111010000110001100110010001101010100101101110001101101101100100
001010111111111101011100100100110101010010000110001110000000110110010110000101101000000100010111
010101100010010011110010010001110000100111011011111101110110100011010010011010010101000000100111
100101001111110001111001011110010001100101110101011100001101100001101111010101010000001000110001
010100011010000111011110111110001011010010101000000101011010101010011110000001011110001100100111
101010101100011000001000111011010101101000111100001111000001111110101110010001110011000011000101
100110001001101000110101000010011010100111110111110001110100100010000001101010010001111010011100
100111110110110010010111011110010110100010001100011001110111100100111001001000000011010101011100
011111110111001001110111111111000110011111110110111010011101100001011101111001001111011100101100
001101111101100011011001100011001000010100001111110010001110100010011011100110000101110001001000
110001110010110101000011001000100011110010100101001000000101111001000110110000001011111101101001
110010000101101111000100000111000001001100010000011010011000001001111110001110100010010000001001
001111110011110101001100011100011000111101000101101001101100001011010101011010011010101110011110
011110101011010000111111111100011101010100101001011011001101100001101011100010011101000100010001
000100001101111101001001010001010101010001101011010100001101101000000010001110100000101100001000
011101000010111000011000111101101010100110110101010011000100100111101001100101010101000110000111
100011001111100110001001101001111100000011011011100101101110110000001111101010001001011001110111
110111111000111001000001001000011110011110001011000100110001000001000010111011100111001011101110
001110001000010110100111100101001101011110000100100001011001111001111001111111101001001000010001
001000000101011001010111101011111111100001110011011001100110111111110001001111001011100100110111
011001101001010010111101100111001011011110101101100101001101010101010000011111001110100100001010
000100100111101100100010000110101011111101010111000010000101001001010101010001101111111001001001
001000101001100000011001010001110000010101101010011111111111000111100111101010101101100110000110
000111101101001100110001101000001110001000110111011010000110011000000101010111001111100110101011
100101100101010100100000000100100010100110101000001111111101101100110011000011101011000001001101
110010010111010111111010101111001111010001110111111010011011110111011011000010010001000110011000
111110100001000000010101011110110010011011010101000000010110111111011100011100001011000110010010
111101110001010000100001000001110110111010011110100101000000011100110011010011001000111101010000
101110001110100010010100100110110101010101101110011110101000101101001001110010001111110000111011
101000011011101110111111000100010101110101110011011110011110001100011000101011001010010010101000
101100111001011110101111010001001111101000100111110000011100101100111001011101111110111001111011
001110010101110101110001101110100000001011100100100111100110000100011110010010100010111110011101
010011111000100110001110010000111100001110110001101000100110000111000100011111010111100101000011
110110101100000100011101011011110101100010111100111011101001011011001011010001011111100111011100
111000010101001111010100110101010111001000011001011001010011100101110010000101000000100000101010
000100010100000010110000011110010111010111010000011100110111111001000110100110001001000111100011
100111110100000110101110100110011011000100000011111110101010110111000100100000001000000001001000
000101000010000000101110010000001001000101101000010011111000010001010010001000100011010110101001
011110111110000011100101100101000100011101010010001011101010110011111101011001111001000010111110
110101001110011101000110011011010011111100100001101010000111110011100110110011001111110001001110
100100101001110101100101100000100111111110101100111101010100001001010111100100111000001011111101
010111011111010001000011000110010010110011110001111101011010010100011010101010101101010110011000
011000100111110111010101011000000101010001111111001000010110001111011110100001110011011010010001
110111001100011111001001101101001101001111011001000001010111000100011010001011110110101010000101
111011101110100001110111011001000101110111101101001110010110111100000101101000010000010100110110
110000000101011110111000111111001101101001010101010001001011110101111011110100011001011101101001
111101100111001111011100101110101000111110100001011111101010111011001100001110010101110000111101
101001011001011001001010101111101110001011100110100011000101000100000100001111100100110011011000
011111111100010110111100000001001101110100001110100011111010000110010101111111101111110010001011
001001011110000101001001111111010111100110101100110100011100001101000001110000001101001011010001
111011000110111100000010000010111111011110000111001110101011010001110011111011100001100010011110
010011111010100011010111011001000011010011111011000101111011110011110110101001101110001010100010
111010011110111111100101101110100010010001010100001110110111100111111011000110010000100011001000
010001100100111100101101001100101101111011110110101001110010010100011110000110001010001110100000
010010010000000111010111001010011110100011000101000010111000111001001111001011100100100110101001
101010011001111001100010101111011111101100000011001001000111110100000000111010101010001001111110
001010111001001110000110101001101111100100011000110000101010111000000000100100000100101110110100
100111001011000011011011101010101100010100110111101110111111000110000111101111111000100111101001
110000001011011111011111011101000101101000111000010100010000010101110001001110111100111101010111
110110111100000000000011000101000101111001000110011101010011110101110010111101010110000011010111
110000100011010001011110001000000101111011111011001110001000111110100001100010000000110101011111
000001001111101010001101101010011010101101101000100111101100001110000001110111001100110100000100
100101110010101100111000101100011010111010111011110110001110110110111101101011100100010001000101
100100110010001011000111100001111010101101000000100010111001011000101101101001010101101101010100
010101101001110010110100110111011010111000011011001110010010101011010001100011011011110001000111
011011011010000100000111010101101010111011100101110001101000110010011100110100101001111110001111
000001010100010100100011100011011001111110100100101010001011000001111111001011101101100101011001
110010100100100000000101101011111100010111100100111010110000110011001101110010010001110111001100
110100101010001010101110101010101111100001011100101001001001101010100000111010011010110101001111
010110010100011001000100000000100001111101000101010101000111100001110011100010010001000111101000
100101101011100011111101110110111101110101111011000001110111011110100011110100100010101000011110
101001111101000101100001111001110111100111111010101000011111001100000000110111101110101111110100
000101111111010100010001100000011010011110011010100001010111000111110011011000100000011000111010
011111000000011110100101100000111101010000001011010110001101010111000011100001100011101001001100
001101111000111000110000000110011100110101110000101100110011110011000101111101101111001100010001
110000100001011000001000101000111100100010110101101100111111010111100111111111001101010111001011
100011100000011001110110000011011111100001100000110000000100011001111010010100101001001100011100
011001111111101110001110111100100000010110111101100011011101010011001101110010000011011001101001
000000100101100011011101000110001111001000110011010110011100110001001100010100001011100101011011
101001111100110001011010001100010001010101101100110100101011011001010111110011000100110100000110
000110100110100011010100101100110001110011111110101100001100010111110111100100001100101001110111
000001111010001110001000011000110101010101011110110110110001001000110001001101100010101101101111
011000110000001000010011110011011101000100010101001010011111111010110100100110111001001001001011
111000111000000100110111011100100110010001010100000001101101100011000000110101101010001101010000
100110010100001100000111110111110101110100011110000101010110111111011011101001011011011011100101
011110110000011110101000011110000011110001000110101101010011011000101000001000100001111010100011
011110110100100000100100011101000000110010110101101000111000010100001100100101000111101010100001
111111001110111001110110010010111011000010010101000000111001111110001101110000010001110011001000
100101010011001101111111111101101110000000111101011111011001111110110011011000110001111101000111
110110111110110111100010111000110111111110001101000001001001110111101010001010101000011110100011
010010101000011011001100000001011100001000100010001011001111010100011011001011010011110000111010
000010001000001101101011000011000110101111010000100010000111110110010001001101100011000111011011
100111100101101111010100010010010000111100000000001111101110100101011101001100000010100000101010
010100001001101110000100101110011000010011100001010001000110101000111100010001111111010000011010
010011000001010001011100010110010010010011110100101011100000000001001010010000100010110110011011
101101111111110000010000111010100000111101110000001001000000101010001111110101010101010101101001
010000011101100100101011101001101000010110110101111101000100010110000000100001011011000000000010
010100110011111100100000101000110001001100011011001001000000010101010100000001111110111000001111
001110011000010010010001101011011000010111110010111111100100011000010100010101110001001110001011
100010111100000011010101010100000001010100000110001001110110011011101100110101000110000000001011
101111000001010001111001010010110110001111011101011111000011110110111111111001110011010100110110
101101001010000100110100001010100000011011111110110000101110100110010111011000111110100110011010
000011000001110011000111010010101100101000011100101100010000000010100110111001110111101010001010
000110101001011001101111001000110111001010100101001100000011110000101110111010010000010100001011
101010010101110011010010111010101101001111001110111001110101110110101011110111111011011001011011
111101110110000011110111000001101011010110001011001101000101111011110110101010010011111000100110
111100100111110000010001011011001111001110100011101101001111010110111101000110101010000111001101
001100100110100011000000101010001110100000001011011100011111001101100100100011001001100100001110
110110011001001000110110100011000011000110000110011000101100101001000000110011111101111001101111
010101110100101101111110111111011100010110000010110011110011111000100101110010101000011000101010
010010001001110000100000000010001100100100100011101110111001100111000000011000000101110111110101
001100010100001101101000011100000011000110000100011110011000001001110100101101111111110010010010
101001011110000000101010011000011111001111001010110100100101011000111001101110111010011001001010
110101010111011011001101011100111000111001001101001001011000001000111011111101110111000101111111
011100101011100110011001011001001000000110100100110110000010001111111011101100010011001010001010
001011101000011001110100100111001100100110001011000010110110000110110111111001111011000101110010
010111111110101010001100000011011110110111001101010111011100001010001010100010111101111000010111
011110010111110110110100010101111010000010100100011100111110010111001110101001001110110100001110
100001010110011100010000110111011111100100010100010101111100010111111001000101001011101100111111
010000001001011001011111111001110010111010011010010011100100100101010110000101101000101011100100
101100010111010000011001011100101100010100000000111011001110001111101111011101111100111000100001
100010000110110010010011000101000000011010010110010001111111110101001010110111011110110110011001
000111111111010011011111101011000011010001111010101001110010101001010001000111000111001101110111
100010001100101011001001101100010101010101110010111011000000110100000100011000100001011111001010
100001110101101001010001100101010011011110110101101000000000100011101001000011110111000110110100
001100111110001010111101111100101000000010001001001100001111111111111011011110011101010100101011
010010000111110011001111100100111110010010101001101101000100001000010101101011011100101000000001
101111010100010101100101011010111000101100110100111000000110000111101110100000111111001010101000
100101011000100101111100010000101010101001100010111010000000010110000010001101000010110011010111
011000111010111111100111100100010101010110000100000001100011001110100111110000001011101010110100
111000001011111000001111000101100000000101000001011011110100000010111100101110010100010010100010
000110011011001100101011110101101100011011000000001101100011111010110111010010110111011101100000
010011101001000010101010000111001000000101011011010100000010110001000000011010110000110001010000
100011001001001001111000101000100001111001110111010001010100001110111110000001010111101100110001
010110101110010100101000111000000011110111100000011011010010011100000001010001111100000001100011
110001010010101010011101101111101101010000000111110100101100010100100101101111111101100000111110
100101111000011001001100011111110111000010000010010001011101011011011001010111010101100010010011
000110111011110110111010010101100100100110001011010100000010001111101000001001100000000100010110
100100000111001110000101010101011001010000001010011011001000110101100011101000100001001000110000
110000000010100100000001010010101100011111101110110100000101000101000011101011010011001001111111
111111010001010011001110110011111100100100011011011100101100010010001010010111001011011111110101
110110010110011001010001011000000111000110111001110101100011110011001110110110011101010101111111
000100000110101110101100110101110110101110010000001111000110011110000110110000100111001011000111
100000100010111011110000001101010010100100000110110000100001001011110101001110001101010000110111
111111100010010100011101011111001001111100110111000111000010100101101000100001001111001011110111
101100110011000000001100110001011010000101000111001100010010100101010001101110001111010000100101
000010110010110110101000010000101000011100100001000100000100101110001111000010000011100100100000
100010110010001101011110000110010000001111010001001011011011100100101110100111110011011000110101
010100101011000110110001000010111001001001000111111000000101101011110100101110010001010011011000
110001110001000000101111010101001101001011111001010001111100110001011001001001000001000110001111
011001011110010001000111000111000011101101011010001001000001000011011111010110011000000001001101
110011101011100111010101001001101110011011011001111110001001110010100010110111110010100010010011
101001111110100000110011011110010001100101001110010010111110001000101000111100000111011100001111
000101111000001000110011010001000100100110110101011000110011111011101100001011001010101000000100
011011110010101011110011010100001010111010011101001100111111000110101111111101100100001110010001
110011001000111001111111010111000101011110110010000010110000010000001111011101111001101110010101
001101110111101011011011101000010001001001100111101001111000011111111010011101101010000100101110
111011011000010010000011010111101010011101001010100010011000011111100111001000111100101111011110
011110111001100011000011101101101000101110111010001011010110001100000101100101101110000001010101
000010111010100111111111111001001100011011100001111110001110111100110101010100100001100000111101
000011111100010001100110000011100010010001011001101110111011011111000010010101001010110001100110
000001101101100111100010000101000101110110101011100101110100100011101101110100110101001111001110
001000000010010001011001101111000000011101110010010011011110100001111001000111010110000100001001
001111000101010011110001110001001110010011111111010011111011011110010101111101001011011000011000
101101001010010010011111000110100000100011101111100010011111001110101011011001011010010100110111
000010101111100111110010011010101011111001110110000001110001000011001100011010110000110000100101
010100000001111101100111110111001011100001010011001010110000011000110010111100111110000010010101
011001010001111001000001010101001011111000101000101010110101010011010101101100000011111011010011
001000000011000101101000011111010101100011101100111011000010010001010100001100000101111100110001
001011100000110101110011000011001110010111111101000110001101110000010101000100001110000100111001
010101101100101101011101110000011110001001110001100001011001010011110000111010001100010011011111
111000000110100101011110010110001111001100111000101000111010101101101010001100001011111100000110
100010101010000110101001101110011101001100100010111111011001011010101101011101011000011000001011
100000001011111000001011011110100111110011100000011001001110111011000100011100110110010010001100
101001110100100011010100001001110101000101011011111011101100100110110000110111001110101010000001
010110001011111010000011111000110011101110111111111000011111001011001011000000100001001000111010
011000010101000000110011111010001010011000100000001010000000001010011011111010101000011111110011
001010101111110110001011000101100101001110011010011111000011100100001110101100101100101010111100
001011000000111110111100110010001010101011011101001100010010111100100100010110110101110000011100
011001011100000010011100111001000110101101111110111101111100110010010100010010000011110010010111
100111100110101001110010010111101101010000000111100011001011011010100010001001000000101100111010
000110011110111000010000111000011001100110000000110010101000110111111011000010110111010000101000
110011100101110011011111001100001010010011011011001010110110111011110011001001111111001110001000
001010011110001011101011000110000000010110101110110000001011100000101110001110101011011010100011
001111001100000110010001010111111100011010100001010011011010110000110010110111101011000011000110
011101100000110110110011110011001111110111100101011011110010000110111101111110100001111010010001
111001110010110111011100100011100101011001000010101000110101111101110110010101001110111101000010
011111100101000100011000101101110111110000101101001001110111111100100010111100110101100000101101
100100101010001110101111011100100001100000011011010010110011110101001010110100001110111010001011
010110000000000110111110001100010101100000111001101110000000111110011000010010011100100010000110
010000011011010011100110101001110010101110011100001100001010110000000110000110010001011100110010
101011101101110010111101101011110101000110110010011011111111010001001011111110010101010000101011
111000110000101110111101000011000101001110110101101001100011111000101011110111101110010101010000
111111001100011110010000000110110001101000010110010110101011011001000011111000010100001101101000
000000111110101001110100000110111000110111011001011101110000100000101101111100001110110110110111
010111001001111101001010100111001000011100000100000100010001111001101111000101001111100010101000
000111111111110001010101000110011001100110100010111000110000001010100011011100010111011100000011
101000110110110100101000111111001111111110110100001110111001100001110010000010100100101010111000
011010011010010001101101110110001110000111001100101111011001110000110110010101011100111111010001
010101010101101000110010000110000011100010000100100110100100011010101010111000100011000010011111
101011001000000110111010010110111101100110110100111011011001000110000110001100101101011001001001
010001101001100100110110110110001010001011010011100110101001010011000010001100101111001101011111
101011110011001100101101110000111101110100110011111010010000100001110100110111110001110010101000
111011100100110101100101110010110000011110111000101111111010000001011010001101100011011000011101
101011110001001000011101000110101001010101101111001101111101111110100001100110100100101001011011
110100011011001010100010110110110110011010111010001101101010011101000001111010101101101001100010
100010010011110100100111001101100110101011011101101110010110001111101100010001100010110110010011
010110111010001000111000011001000111011111010011011111110001111101011011101011011000001011100000
001110010011011101101110011110010010001100110010010011111111110000001011111000111001010101000000
010101001101110110001110100000011011011001100110110110101010010001111011001111110100110000110101
010011010100110101100001011011000111011110010010001100101101111101011101110100100100101010100010
000011000001000011011111011101001101111100110101110001010000011000100011101111100100101111000001
101110100011001100100100000000110101100100100100010101010111010100010100101011110000000100011100
001100100110001101110101111010100001111000001010101000101101000000011011001000100001100111101111
100010100001111101011011010100011110100101101110000011011110110100010100000011001111001010011011
111100101010001111101011010000101000001110010101010000001010100001100010111001010101100011010110
000000111101000101110011111000110101111001010101011111100001010101110101101101011010000100110100
000000011110101010001001001000101100000010001110110100011000011001110111011010111001110101010111
110001100011011010001001010111011111000000000000010100100011100111111100000111101110111110101111
100000001001111100001101100000101011011101011101010011011111010010110010110001010011010110100110
000100010101011010010111111111101101101101000010011111100111100000010010000101110001100011101100
100001111101001010001010000100110110010001100100011110001011101010101000000010110000010000101010
101100000000011110100001011110100111001101101010100011000000110000001101100100111010001000110011
000011001101111011101001010010011010111001110110001110010101100000110010101001011100000010110010
111000110001000100101101001100110001110110111110010101100100001110111100001000111011111100110011
000110010100010101010000111001000101101011011101101100011000101000010111001010110011101000110001
011010110001010011010000011110011011001001010101100001101001110011110010110011111100010001000110
000000100010010010011110011000100001011110111100001110011001001110000010000101100000110000101011
000011011011001011010110111000011111101100000110010001101100101111101101010001100111111010000110
001001111010010001110110110110000111000001011001101111000110110101110001100011111111100111010100
010000011010100000100101110110011010100100110001110010001001001110010100001111101100001010101111
010110000010110110100110010101000011110001101001101010001110001111000101001000100000100000000111
011011110000000100000101000011001110011110100110101111110111000010110100011000101110100110001101
101100011101011100010110100100001100110000011101101011111110100011001000011110101101110111010011
010110001111001100001110100101010011000110101100011110010111010010000101011111111011000011000100
100010100011000111010001000100001001000001111111100100001111011100011111000100110011011001000100
101101111101001101000101011010000100110010011000000100001000101100010000110011010011010101110011
101111001111110000111000100100110011011001100011011001010010111111101010000111110110101110100000
010101111010001010111111001101001101111101110111011101110000001101110100100001111111010001010101
010101000001000010011001100100001110100100011011011110011010010010111100111010111000111001011100
100111101001110001110100011100001111000101010101101110011100100010000110101001011001100000011111
110000011010101101001000000101000100101101010110001101010101011101100001100110110100110011000100
101100101010011001101011000000001110000010111101010010000110000001001100011101111010000010000000
001011001001001000011110000101011001110110000001101010001111000000101011001001000011100000111110
100011110101110010010110101101111011101011001000101100000101001100100100100001100100011010000100
010110111011100111001001000111100111000011100111111100100011010000100111001010111000101100000101
101110001000111100111001011110001000111011010011000100111101010111101100011010011111011000110011
110110101100100111010101111110011111001011110001100000101011010001000111110010011000101111110110
000101011011110100110000010111110001011101100100000100100000100000011010110000001010100100101110
000110000000100101110100110111111110100001111110110010111100111000110100011110101110010101000101
001100001101100010110001100100100001110111101001001000000111011111011010101111011011000111001100
000001011011001111011001011101111100011100001010001010110001101111111111100000110011011011111001
110110111101011011111110111001001101101011111100011100010000110011010110000011010111101001100100
000101001111100110011101000100000100010111001011110101111101000000101001101100011110011110010000
101110000100011011011110110101011110001101101111010101101111010011110010001000100100100011111011
010101001000110110111110110011000111000011011001100101011011111011011010001101101001001001101001
011001100110011111101011010110100100000011100011011011111011111000111101011101111110010101000110
011000001100001001000001101111010111001000100000010101011111000000100011010100100011000111000000
011101110001011100011100111110000111001001001111000111000100000111111100000110110100001100011100
001100100010000111111000001111100001000100001100010100111010011111110010110000000011011111101011
110110001001010101100000101011010011000111001110101111010011001101101101101101111000111000010010
101110100010100000101001000101110010111011111000001111000001100011101110001100110110011000001001
110111011111011110101001011010000100100010110100011101110000111111100001000111000010000100101110
011101001011100100100100000001011110100011010110101000110100010001000111001000110100001000100011
000000101100100000101110100000011100110101011110110000101001101000000010000111001011011111110010
101111100000011101100110011100011010010110001010001110001000101011000011000001010011000110011010
000001100010101110111010000100101111100001100100000010001001000001100100000110100000000010010111
110110000010011110100101011100110111001110100010010100001100101101000001101000010111110000001000
111011101011111110100101010101110001111100101111100101100000100011110101010100011010111011000000
111100010100001110010010110000000011000111001010110011100100100000001011010000110101011100011000
011100110011010011100011110000111011000011110001001101010110101011100011000000010110010001010111
101101111101010111101011100010010100110001011001100011010010010101000111010100110000101100010000
110010011101000101011000110101101100000111110100000000100101000001001000000110100111111100001101
100110001010111111010110100100011011110101000111111010101010101101010001110000101001111100010010
100010011111111000000001111010010001100111111101000110000001110000100111111011101100000011110001
001000100110011001011001011110001111100111010101000101111101100110110011101101110111000111010001
011110110010000100101011011001101111011111110011110011101010011011000000110110011001101001101011
011011111010011011100101111010011011010000100010001101001110110011101001010100100100111010110110
110101001111111000001001100110010111001000101110101011000100001110101001000000111110100111000111
100100110001000100000000000000000101100101010100101110001110111011110000110110101100001100000000
011100111010010110100100011100011110010111100011010110110001000110000011101001101001010100101000
101001110110011000110101100101000001010100001101011001110010011000111010010111111000010110110001
001011011111000100110000001010101110101100100110011010101011001001000100011001001100101100111011
001000111000011111011111010001000110111011011111001100010101110010111100010101000100111101110000
000100101000001100001001101110111100111111110101101010011110000100111010100100001010010101111111
101101110001111110111101101010111000111110001100101100100100010011110101010000100101111111000000
010001000010101001111110000111101100101010111111110001101110101110101111001110101101001001101001
111110010110111110110101010111011111010000001011111010010101110010011100110001110111000100101000
101111011010110010101111001110011011101000100010011110011010001011000100000111000100011100000100
111010010010111100011001010001110100100000111010010101000010010101100011101100000010100110001111
100101000010001100000000000101100011001110101000110011110101111110001000000100011100001111010111
110011101101011110000000101101100010000101110110010011110011111011011110110111010010110101100100
111101101101100101010010110000011011010010001100010101000000111001110101011010111100000000101101
101110101010101100110010101010111101011110000010010011110000111110001000000000010011000111101111
100000101000101110010110100100000001111110001100110000001100000101011010111011010101111010011101
111011010000000110001001111010100011110011001101101101011101110101111000111101001101011010111110
100101011111111111011100101011110000000000000001110001101011111111111001011000000010110101110111
101111011110111000111011111100110000001001001000010000101111010010010101010110010001110101110011
101111010100010000010111000101011101001011000100110011011000100001001110100000100001001001110010
000000110010110100110000010101010101110110100100010101100000100100000101101001010001011110110000
100001000001001110110000000101000001110110101110101110010101111000110000100011101101001110111010
001011101011000011001000010010011111001001100100111101101010100111000001100000000100101111011101
001110000010101010011111100100011111010000110100010000010101111000011001110111101010001011101010
111111100010100000100100100110000110101100010011001001010001110000001111110111101101101101101111
011110001111100000000110110110111101110100010010111010010011110000101100111001011000010111010110
101010111111100000000110011010010111110110000111011100101100001000000000000011111011111001101011
101111111001001101000111100101110100011010010010101111110010011111100100110001011001110010001110
100011110110100110000011010111001111111001001110010011111110000100010100110111110001000010100011
100100000110111101000101001101001001010000111010110101110010001111111000111110010000110110011000
000011010110111110111101011111010001000000101010000010100100001111000001010011010110000101001110
001100010100110100110100000111011111011010001000111110110000100000110111111001111100000110000101
110010000101101000010111100100000101011110111000111100011101011111100100100100000001010010110000
010011110110001100001001101111001001011010011101000000100111001101011101011001010101110101110001
011110101101110001010010001010110100010101010011011011111100101110111001111100101110101010110010
000011101110001000101011010010000001011110011110110111111000011111000100111001011001101111001000
011111100011101100010011101101100000100010100111101101100100001110110011010100001110110111110100
001001000001010000110110010001110010101111110011010011111010111101001110111011100110111001010000
110000110011011111111010000111010101010101101001110010111011101000011101010010111011101110010000
110010100111110000011001000011101100110111100111001100000011110001010010110000010000111111110110
001101011010101110010011000111101101011001011110001011011101101011010100010000011101000010001111
