101111010010110111101110100010101010000011010001011100001001011011110100011010000001100111111000
101101111100110000010011011011011101000110101101100100111100100001110110001010111010100101000011
001011000100001001000010010101001111010101110010001011111101001111111001100100010000100101101010
100110011011000111111101100111111100101011000111010010110011010000011101011001110100100010010011
100000000101001010010101010110001100011100011101011100110011101011000010010000010101111000001111
010100010011100101011001001001001100111000010101011000000000100001101111111001010101010011011010
010001111001011110000000101010110001010110001100110111010010000011111011101001111010010001001010
111000111010101100100100111110100110001110100001010011000100000101001011010111010101000111100100
001000010011101000010000011100010011101011001100111111111011110001111110011110101001111011100110
000001100010001001101111101001011000000100101000110110001100001011010100111111001011110111010011
100111000110000110001000011100101101010000011110111100110000001000100001000001000101110010000010
001100010100010100111110001111100111100001001111111101110100100110100101010101100010011000100000
010010001001101011100101111011010100101111100101100010010011111010101100000010101011011011101011
000101010001110110111001100101010111001001010111000100111100110011000101000000111011111000101110
110111111100011000111011001010111000000110011110001111010011100010101100001100001110101001001110
111010101100101001000011111011111110110100100101111101101110011110111000000001000000001100101001
111110011111110101011010111100000000110001011010100110000001001000001000101000011011010100101010
011111011110100011111100011111111110011110010011111001011011100011101001001000000010010010001001
000011010110111001111001010011001010100111111111111010011100111010000111011111111001000101100111
110111000110001010111100111100101001100011111101110100000011011001010110111111110111111100010010
100101111000100001111011100001001001000100011011110011001100001100100111100011001111100101010101
101010101001001100001111001111100000010001111001111011011011001110000100111000101100010010001110
101010111111101001110100001100100101111100000101001011010000101110111111100000001101111010100110
001001001001000010000010001111010001110111100110001100110011100110010000100111011001110001100000
101000100001110110100000101111000110111001110001110010011011010001010001001111000001000010110111
100010110111011100010011010111011000110000011000101010011111010011001001100001110001010111111010
100111100011001100101000011011001111010101110011010001111001011000010010001010110110110101010001
011101001110011011101000111110111011010001111000100010101001100100001111001010110000011000001111
110100100001101010100000010001101110111011001111010011010111011011101000111010000111001000010011
100111111001010000000101010011111011111010100110001010110111001101100011101101100000001001110010
101010010010000000010001111110101111101111000101111101100101011010110001000110100000110101001001
110000111110110111011010110100000011010111000111001100111100100111011110001110101001001100111001
100101001110111110001001010111001001101010101000010001000100010010000111001001111001001101001101
001001011111110110110011011101010011110011001110010101110011101110000110000111110111101101000100
101000010110011111000001101010011010101001101011001111100111100111011111111101000110011101101010
001111101110100101011100100111101111110011000011000010100011100010110110101101001100011000101101
001111110011011011010001101010111011011111010100100100110111001000110010101000010100101110001010
101111000101110111011010010010001000101010100101110000011101110010101001100111001111100011000111
001000101010010100110111111101000111001100011100100011001010100001011110111000001110011000110101
111110101000101110111010000010001001011010100110101101000011101011100101001110011011100000010010
011001100011000000100001111010111110010010101010010110100010110000101011001000100001010010111001
111000011100011001000111011110111000000011100001100001111010010000111001000110110110101110111010
001010010110101010100101110100110000100111111011011101101000011110100100011000001001011001111010
101110100000010111100000101111100111000101101001101111111001001011110101000110110111001000000011
001100111000000010010101001000111011100010011001100111011011001100001101000100110000111010110100
000001100011101111111001110011010101001010000000010111101100011011001001001110110001101111100100
001011001011100001000001101011010100101110101101000011011111110001000001001110011101011000011000
001011111111101001111000010011000100011001011100011111110101100010100101001011001110000100110000
010011101100110001110011110010110110010110101000011110111011011001001111001001110011110101111101
011000001000110001010101011000001011100000000011000001100000100010111101100101010100001111001101
001000100011110011001000010100001100001101110100000011010101000100101001100110011110100111011111
010011000010001100100100111001010110110110010001001110110000011110010011110111110111001111001101
100010110000000111000101110011100100110100111101000001001101010110011001011110000101000111011010
010100001101010100110100101101000100100110010100011011110100000000100100010010111001000111110000
010010000100000100101000011010000011001101000011100110000110011011111000110010111111100000111011
001001100111111011011110011011110111110011000110101001100010111011100001100000101101111001110111
100011110111001110010000101101111001111100001110001111110011100101001111101110010111111001110010
000001011000011111001111110111000100000111000010111111111100010100111110000111011010000000111010
011001011101011000100101000011010100100011001110110110011100111011101101101011111100011110000111
101001010010001100001000000000000000010011010000000111010110111101100111000101001001001100001101
010011001001000111011101111101111100100111010011011111101100011100101111011011101100011010010100
000001101101000000111101100011011001110001000011100101111100001010000000010110011001011100000111
101110110100101100100111000100101001011101101000010010110101010111110001111101000001110111010000
100100000000010011110100001010100111011101111001001100111111000101011000011001100110000000010101
011000010001110010100110110011011111000010100101001011010111001000111100101000111010110110111010
011111001000110110101110101010000001101100011111010000100010100100110001101100001100110111110010
010011000000000000101001110011100100100011101111001100100111111000110101100100001011111000011010
100100000010100000100100110111111110101001000110111011111111101110110100010110001100100011011101
001100010001010001110010110100010001011010001110001000010011010000100000001110100011101011101011
001001011001010110000100101000011000100000101010011101010101000001010000010001010110001010010010
100001001111111111100001001010100010101111110010011110111111010000111000011110101100000111111000
001001100011110010110001110100100111011010000000111010000011101010101000110010011101001011110101
101110001111100000110101001001101011100110100100001100010001011101010010010001101110001000011001
000100011111100101000001011010001111100111100100001101000110101001001010011011111001111111111000
010001011110000011111010100001010111100110010110110100000011101110111011011011111101101011010111
100101010011001100110101100001111010011110010110001100111101111100101100011100100110001110100110
000011010110111011011100100011000101110101011010100111000111001101100110100011011100001100000110
110001111100011111110011001111010110101111010110111110110000100011000000011011010111111101101101
010011101100011100111111111110101100101100011001010011000100000100001101001100001101110011001001
110001010000011111110000010000010011000110100101010001100001101101000101001110000000111011111010
000010111101001001001111011111101110010000000111101010011100110000100110001101010100101001100001
011100111001100111000000100110010000111001100110110010110010010010010100000101101011111001011011
011001111100000110010000110001001001110010100010000101010000011001100010001011010011110010110011
010101110100110010100011100010100001101010000111111001110000110111001111011100000101011011110000
101110011001000100100001000011010001110111011000100010101101110100100100001000011001011000010000
010100100001110011110001000010010001010101001000000111001001010010111110100110110101000000111110
000101100101000100000110010101001011001100111100001101011100101000111011010100010000100001011000
011011101011111111011111110111100010110111000010000010011001111010010100001000001011111011101101
111001111110000110011111100010111011100001011100101000001011110111111001110000000101110100011010
100101100010001010011000010111101011111100110110111110010111100110110010001001011111101101000101
110010100001100000110000011010010111111111100100111111100100010001101101101011101100010101111111
010011111001101110000101011101111110101100110111101110011011001010010001100000110110011101010100
000000100101100110000011011111101110010011100111110010001101001100010111100101110110000110011100
111110001110011000111110011000010001111100111111011100011111001000000100110000010110000000011101
111000111111000001101000110110101011010100010000110011110001010101100100111000011010110101000101
111110110001010010100011110110111010100101001001110110111100101110101001011101100110100110111110
111000101101001011000101010011101011011011111111100010101100100001010010111100110110111111110010
010110100000101011011100000000100001110110100010011111100011011100101001100010011111110000110011
001100111001101111111100100101100100011010100100000000111011100101011010110100010010111011100100
100001111001111101111111001001100111101100011110001100110000100001001110010100000100100000110010
011100010111111011000000000100111001100101011110101110100001001001000111100010110000110110010001
111101001110010101010001111110000111010100001111011011010001001110111010110001100111111000100101
100111100100110101100100100000101010001100000110001101000000100110101110101100100101001110001000
000011100101101010101011000010000110001001110011001100100101011111110010001111011110000000000011
111111001011111010001111010100010101000010101011010101101100001010101110011110001001010100110110
100011011010010101010110100101110100111000111111100000010010111100111111111000101110100111000110
011110110011010100101101011111011011001100100110000110000111011101001100101010011101011111001000
010011010101011110001100111010010000101010001110000111001101110100000110011000011001100101011101
111110101101001100111001101111011100001101101000110000101000110101001010001110000100111011001110
001100010111000100000000000000101000000000100101100110110011100000010011101011000100101111111101
010001101110000010011111011100011101011101111101010010111011101001110010110001100001111001101110
010001111111011101001110100010111111110101111011110001100110110111000110111010010010000100110000
010001110101111000001010101001111110101010001111111111101011001100000011011001100110100101010000
111100010111100101111011101111110110010011001100110110100111001101111111101010011001000011011000
100000011111001101001001010000110100010100010000001111111011000000010010010011100011101000111010
011100001001101000010111100010011000000101010000101101001100011111101000110110101110100001010001
110001011010111111010100111000110011010100101110100000010111011011010010011011011001101111011110
010111110001011001110110100001101111110011110101100100010010101010011010000111110111011111001000
011011011111000001011110000011101110111111100110011100001100101010010111110101001101101101110101
001010011101001110110111000110101000001001000111001010101110010111101101100101011001010100100010
000011000001100011011111110001001011010010101111011111010001101000011000001011010111100010110111
010001110000001001100010010110101101110000001100000101011100110000010011101101111111110100101011
111011110100000101010110011101111100000101000001001001011111001100000100011010000010010001101001
001100101011011010111101000100011000100001111000101111111101110000011111011011110011110000100010
010110000000100000001010011101101001000111101011100010111100010110011111100110101101000111011011
111101001010000100111100111101100011111110011011001100010000011101011010101000011001100011110100
011111001011111010110011100111001101000000000110010101001110111011100000010111000100001011010111
111101000101011110001110100001001011011110001110101101110111000110001101011101010011010110011101
001101000101101011011011010010111110101000110011101000111111100001100100101011001100100001001100
101000010011010010111100010110000101011011110010011011101011111000010110000110001000101110100011
010101010111001001010000110100110101111110111100110110000110000100010101110101101100001110000011
011110011001110010001111111000100001100110000101111111111101001001011010011010100001010011001011
000101011001010101111000100001000011010001111110100010110010100110111100001010010011100111010111
111010000000011011010010101101101000010100111111001011101101001110110101010101001011110101010101
011000001110111000110101011110010101011101011000011011110000111010011111010111000101110100111001
101100010100011001110111111000001011000011101000001110010000011100001000100110101110001110100011
111101011101001000110000111010000000111101101001110011010001001100011011001000010000111100111010
000111011100011111111111101001000011111010010110011110111000001010010101000011000000111000111111
111001111011100000001010110110011100101101010110110001001101010101111011111110111110010001010111
000111001001010111001110000110010111011001100010010110110111001000100101010101101011110011111011
000011111000001001111101011100110011010101011000111001110010010000000110010011100001011010010111
110001101111100000010110010011010001111001110111011111000011010101100100110101001110010000111100
101111001001010110100011111111101000011000001000110110000011000110100101111001001111101111001110
001100010101110100001101001111011110010101010010010011001000000101011001000111001010010101001000
101000101011000000001110001000011111101101110100110100111101100010110011001010010011110101000011
001101010101100000101100111101100111110110011011001011111001000001100001110110111101110110001110
101101101011101011011111000101100110111011001111011000110010100010100001101001001010101000001011
111010011101010101000011110110101111001111010110111100001100010010000010010110011101110101001011
100010011011100010000010011011001000001010010110000001011000010101000000110000101110001011101110
111001011000000000111101000100001110101011001011000001101001111010100100010010111101100100100011
101100010010101101000111100101100111011001111111001011001011100000100010011101001111100110011100
110111111101110000111011100000100001111000011100010100000001111010000011010010011010110010110111
010101110000100100111001111111011110000111000010010011011010011101100110100111000000100011111110
001000101100100101110000100111111001111110001100100000000101111101000111101110010110010101101001
001010101001000010001101111110000111100010110100001000000100110000000101010111000011010110010101
011010101001001010100110101101001110001111010100000010110101100010010101001010111011101010100011
001110100010110101100100011111111101011000010011101000111011111111011110101000100110110011111001
010100110001001000001100011110101010001010010100010101101001111111111100010111110001011011001011
000100111100110110001101101111110100011111110011110010111110111001000011110101010111100011011011
100011000110101010000111111100001011100101010111000111110100001100000101010111010011101001010000
100111101101111101011010000000100001001101010110111101101101101111000000110101100001111101010101
010110001111100010110010110100010110111001101110010001111000100010001000111100111010011001101110
010000000110111000000011001110101100111010101110010010101111001110001000001001011111010100011111
110110011000101111000011100000111100100110011111001101100000000110011100001011001111110010001111
000001000000100010100001001010100010111001001011101110000011110110000011110000010101010111010000
110001101001101101110110100000001100001001101111110010110100100101011101111111111011110000111010
110001110100100010111100100000010000111011000010000010101001001101101011110001000100001001100101
000001100110000100011000011001010011001110100100100110101111011010011001000111011101111011110111
100100001111000001000101000000000111111110011100100110011011101101010101001111100111100011101011
111101001110111000010110001011111111010000011111100011000001100100101011000110111101110101010101
011000010001111111100110000001011101001011000010011010111010101101011010111011100111011011011000
110110111101111001011001011000011010001100010010100101011111111100001000100010101101010010001010
011011100000000110111111100000011110101100011100001000000000000000001110110001001110000111000100
000110001101010110000111000110110011100110100011000101101010111101011000000001001000011011100110
001100101011000100101010111010110100100001011100111011011001110000101100011000110101110101000001
000010000000100001011001100101110100011011011101001110111011000110011010101100101100111001011001
100011101001111001010110000111101101101001110101000111100001100111100000111100010010000100000111
100000111010001101010101101111011111110111101001011011110101110001010100111000110110111001011111
011110001100110100101110111010011100010010000101010011011001010110010001010100110110110011110100
011100010000000000011001010001010111000000001111011000111011100010011111010101011001111011111101
001011110100000011000011110001111101000101011100110001010111000110110011000100010001001000011110
011001001100010110001101001101010111100000010100011011011110010000001001011111010011100111010101
101000011110001100011111111111100000011110011000010110101000011101001010111110100101110000110100
111100110000001111101000000101001101000111010010110011111111110010001001110000000011001110101110
101001001110001111100101010011001010111111010011011000000010010000011101101111100100011110010100
010101100110110011111010001111111011010101000111000101001100001010001100111010010001000111010011
110011100001001101010001111000100010101000010011101110001110000110100001010110001001011101110110
000000111101100011011010111111011010000000010000000001101000010010100101010110000010110100000000
100001011110000010000010011111010101100101111000100001111011100000001000001001010000011000001111
011001110100000110101101110001010100101011000011101101101001111010110100111011001011110100011111
001100111010111001000110000000010100111100111000001111110001101000000110000100110111110101011001
000110101011110011011101111101100011010110100111010100110011010000111110100111100001011111000111
101000001110110001101101100100100010100101011000001101001110111100110110100001010001110010111100
111110010111011011010000110111001011101010000110110100011011000111001011111011111100100001100011
011100111011000101011110111101010100011110101010011101100001000001010010011011100000111000101110
000000111010101010011000110101001100111110111010110011111010110010100000111110000101100100111100
011010100010000111101111111100000000011000011011001001101111011011001001110010100110110101101110
011010101111111001011010011100111110100111100011001101001001010101101111010011101110010110011010
001010110110000100101100111010111001100111100100110111000100110111001100000010110100001000010110
011000001011100011010000001110101000111001100111111111011011011011000100011100010011111111000100
011110111000110101011111110110001100001111111100000011101011110000111100001101101110011111110011
001110101111011000010101011011101011000101010000110101000001000010010010111011000111100100000011
001100110000010101010001110001101011001010100010101101010100001000010001011100011010011111001100
101010001000000001011011000101111011010001010000110010011100010111110111011110000010100101110001
111101001011110000000110100011010100000100001001110111001111000001101111000111010001000011111001
010000000000000110000110100010000010111101100011101010110000011100010110111000011000100111111011
000101100100100110111111000100001000100110001110110100111110000000100001010000000011101110101001
101110101111101010001111111100110011000011010110110011010100101001100111011110110011000001111111
111010101000000001010001011100010011000001000001101101111000101001100000000001000000111100111000
011001111110101011000010111100000110011100000111110101010010001111100100000011111010010101101000
101011001100111111000001011000010000010100001011010100001100011101100011100110111100111110110101
110010001001101001000100101000101101101010001100011000001101100011110010001100011111000010110000
011010101110100010000001100101000101111110010000111010110100101000010010011110100011010001101011
110000111001011011110001111110001111111111100010111111011011001111001100000010100111001110110111
110001001100011001110010011000011000011011101001111011000000011111100011010100000110111111011111
000111111100110001110110011101001001111110010010011001010110111110000101011001010101001110100100
111000000000101001011000101100111011000100000010000011011101000011111000101100001101001000001111
000100001001110110011011001110101101001001110001001101110000111101011111101111101011011011010111
100100100100101011001110101111110110101000011110010100110001000001000000000010101110100101101101
111000000010001000010010101111111111001000010011101000000001001101011000101001000101100001111000
011001110110010111010101010000110101010010011111011011001001001001101110010100011111011101000011
001000010110011111100011001011110011011000101001010000111010000001000000011001001110011100010011
010000010110001001101110110100000100001001010010010000000101101111110010000011111111100000101011
111111111000100010101101001101000010101111010100001001100010001010110000100011001010101000001000
010101011001101010000101111100000111001101111011110001111011110001100110110001110111100001100001
100001111110111110001111011000110110111111111111100110000010101000110011100110110110110010110100
011000010110100000100111000100000110110011010101001000110101000000101001001110100011110110111011
110111110000101111110110110001101000010110111001011011110110010011001001011011100101010000111011
111110011010110010001111101001111000010010000000111011010110101010010011101111000111111100000010
111010111110100000110010000111111110101100010001000001100001111110001101000011011110011100111000
101000000000100100000000100010101001010011000111010111010110000110001100101000000011101001110011
110010110101100001101100100010000001011110011000011111111010100101001010000000110110011111111000
011111110010101111001111101010001111111111011001111111000101000011011101110101101000111011101110
001000011011011100001111100101010100111001111010111011010000111001001100110000111001101110000101
100000110100101101010101101000111110100110101111110001000001001101010101110010001000010100101111
111001011011100011100101110101000000111101100111101011110000100111000110110101110101100111001000
110010100000100001101011001001010001110110101000000111111010000000010111011101101011101110000011
011101011001101111111011111101100110011011100011101100110010011001011001101001011010001000000100
101100000111001000011001010110001011010011010010110111111111110010000001111110110010010000100011
010100111101101010110110011000111111000100110011000110111001101101101101010110001111000010000001
100000010110101000011011000001001011010110000000010000101100100001000101101010101000100001110101
100001000111101101001111101000011000101110011000111110000111110101100111000010000001100000000011
110111100001101110010111001000111000101001100101011000110000100000110000000110000101100111110111
110101111111000100001010101000110000010011000010101000010101001111011111000100011011100000001001
001111111000001001010111100101001100000010111100011000001011100011010101010011111111001100000111
000000110110010110100010000001001011111111001000100011110001011001100111010111101001110101010001
100101010001100000101100100010001000001000111010101010100110011011100001110110011011110110010001
001000110100001111111111111011110110101110101000000100101111100111001001110001011000110010011101
100100001001100110100100101111010011110000101100010001001000100111111011110000010000010010011110
110101001011101111100011011110011101101010010111100101011101100000011100100000111000010001000001
011111100001011100001001100010011101010110111001110001010010001100100011111111010001101101110010
011110010001000110011111011010110101100101101011001100100101010110001110110010010000000111110101
010110100010011011111110100100011100010111000111100100010110010001010000110010110000110101000111
011001101101001111101110111111101110011111001100001001111110101011010000011101011011101010101101
111000100110000011000001001100110001100000100001000110001000011011000011111000100000010111001100
011011001101110110110001110111101001011010011011101101101110011110001111010100000010000001010000
011100101111000001010100101100110001001101000110101101011000000010010100001000101111101110010011
010110000100011011010010001100111101111011011011101001001001101111010101111011010100111010010110
000110011111111001011011111110100000001101111100110101111010110011111011101011100101110110000000
001000010010010011001001010000000001010110111100010011111010100010101001000011010011101000010010
110011100011110111010000011000010011011110010011101011100010011000100011011010010000010011111001
011001001110000111111100110111001111110011000101111101100011110101001000101010100110000011111111
011000011110110110100111010010010011110100101001011101100101001101010100110111111010101110100010
001000101100010010010101011000110000110100100001000011000101010111111110011101110010101001101010
110111111001111101010111101000010011110011011011111001100111110011111110101101011001101101010111
010011111101011000000101001011111111100010111110111100101101110110101001110010100100100101011110
000111010011000111101111110101101000001110100110110010010110011111100000100110100111111100101101
100000100110000000001101101101000001110101011000011110000100001111100000101001101001100000011000
010111010100001100100101010110001001101110111111000110110001001101111001010111111110000100011110
111010111010101111000111101001100111001010100111100010110010111001110001000001101111110111000101
110000000010111000000011110100000011100101010001110011111010010110000011010001100011111001100011
000101100001011000100000110000001001000111101110111001111010010101001011000111110001111100100000
111001000110101111001101001101100001101100010011011100110010011011001010010001011100011010100101
011011000100101111100000110111010111110001000100011001110111001101101011001110111110001011010100
010000100111101010100010001110101001110110100010101110001001000011101011011110000011110001100011
010000011001011000011000101111110100001101100111100111000101000101000001110000101000001001000000
110111010001001010101010101111011001111011001110000101101001101000001011011100101001111110001110
001110000000111111100000111111000110011000101100011011101111110011101101111001011110101111001111
000110101001001010111010110100100110100001001101100101011111110011001110111010010111110010010000
111001100000011100010010010000001001101000100111001111100101111010000101000011111111100010010001
101110101010111100010000001010111010001011101000011001100110100110000101111110100110101000011010
101011011100000011000001001111010010100001000011010010111100011001110001000100101000100110011001
011111110000110101001111010011011010101101010101010000001000101000010101101010110000010001100000
111111011101111101000111111110100111001000000111110101011110100100100110001111010101010000110111
010100100011110101101110110101101100001010000000001000000000100011101111010111011010110110100111
010111111111100001011111010001011001100011000011101001100111111110110001111001011101011011010011
110000011111111011101100001000110011111101001010101101101100011001100010000001001101101010001001
101011101100001011101010101101010000001000001101100110111110001001111101001111001011011100000111
100011001110000010100010100100010111111000010010100001001100111001011000111000101101110011000000
111101010000100000010111011101011010110000010100000000111011001001001010101010111000111011001110
000111111110010011010011010110100110101100010011010011000000111110000010101101110010101100011110
100001111001001011011110011101011001101100100011001001001101110110011111110111110001101010101100
100010011111101001110110111001010001011001100000111010111100100100111100001000000110110101000100
001110011100110110011111000100010010110010000000000101110111111011001011100000111110000000000100
110001010010010100011001111001011101100110000110110010111100110011010110111001111011100100000111
001001010100101100000111011010010010110110100110001111000000110010111101100111000000101010001010
000001010100100001010110001111101010001111111111101011000110110010101011001110000111111100011011
100011001111111000001110010010110010001101110101110111110010111001001000110111011001101101100000
010001101111000111010000110100100100000111011010111001001010110100100000110010001010011110000111
101101111110011000001111100001000100010000110110110111010011010110000000111111111110111110110001
011110000001100011011111011101001001000101010101110011000010010010001000010001001010011010110011
110111001100101010001000000001001110101000101011100111000101101010010010110010011011011001001001
100000100101011000110100011010001011001110100100001011001001100110100101101001010011001001001011
110111111010001010101100110011010001000000011001011101101110110100101010000101011110000010111011
011010010011011111111010011111110000110110000010011110111110110100111000000100111111000111110000
010111100001100110001110110010100111000011101111100100010000011110001000110101000011000000000100
110010011111000101100010011010100011010000100101001111001101010010001111111110000100000011100101
010010011000110111111001011000000100110110111111100000011111011101101011001001100111111001110000
000000100111010111100001011011000111010111010010010100100010001011111100100101111111100100001110
001010111110101100011001111001101011101001100001111011000101110100011011011000111111011001110100
010110101110111100000110001100111110001001101110001110001101100001111111000011111100010011110111
101010100001011000011011110000011011011000111101011011110101111011001010010101100101110000000001
011100100100001001000011011111011100011001111001101110111000110110101001001100010011111110010100
001100011000011100011001100001100100001011110101110100011100010010011000001110110010001100000111
111000111100110010100001001100100101001111100100101000000000000110101100100110100010110011001110
111001011000001100011001010010010010101011100000001111101001101110111111010011100111011111100000
111110111110010000010011100011100011010111100011101110111110110001100010100110000101011001001101
011101000110010000111000101001101011011011110011101110110001100001000001101011010100011010011111
010111111101010100100111011111100001011010111111000011010010101110001010111011000111011011011000
101010110010000011100101111000110100000101001000010101011011100110001101011101110101100010101001
001010111110101101001011011011001101011111100111101100111011110000001010101001100110010101100101
111010100010101011110001111111111100111111011011000010010001000010001100111001001101010101100010
000110011111101100001011111110000101101001111010111101110001100111000011010000011001101100100011
110010111011001110100000010001111010000010100101001000110000010000011001100100011001011111000110
110000001110011100111110101011000000000101000001110110110101111001111000000011111011010100100000
111100011110100010000100000111001111000110010100110110010111000011000101010011101011111111000111
011000000001000100111011001111000011111101100000010111000001010100100011001100111001001101001001
011110110100110010101111100011110101010100100011110001001011111011011011111000110000110100001011
011000010010111000010011010011100011111111101110111000010111111100111010010010011100000101110100
101011110010111111010011010101101011101111110000011000010110111100000101000110011011010110000111
000100110111101110010001100100111110010111101001001100110000111111000101111110111101011001110110
010001001001100011011011100011100110111010011000101100000001110101101010110000010110101010001010
000001001101100010001000010011000100101101010011110101010001011111010000001110000101111101100111
000110111001000010100000011110101000000000011110010011100101011001111100111000000110001111111001
010101011010011011000111000110111000001110110010001000001000010111111010000001110101001001101000
000011110100010110101000111111000100010010001010001101011101110001010110101110101000011001010011
110011010010100010110011001100101110111000001010110110110001010001010001011001010001110101000110
100011010101000000101001101101010010110000010101010111001001100111110001101100101111000110110010
100011110000000100101000010111000010111110100011101111010001101011001110001010000000101010111100
010100101000100011101100110110000111001101001011110101011000001101010110010111110100110111001101
100111000010011111010100101100000010110011100001000110110000011100001111100011101101001010011001
100110001011111101000000101100101100001110001110010110110101101010010100000010010111110011110001
110111010010100100010001011011000100001000110000100010010011111000010001101000101101100011001110
100011101010000001100100111110010110110100011100110010011001010111001101101110001110001001111001
111010001000111000001110100010000111001110000000111000011010011000000100000000101010100010000100
110001110100100010111010000110011101001011011111010111101010101010011101100101000001011100100111
000100011010001101111111101010111100000111010001011000011001110101100110010111010110001010011111
101001100110101111011110100100000011100101100000011110011110011011110010001010001000111010001101
101101100100000111010101110000010101011111101001101011011110010000010111001101110111011111111010
000110110001010000100010111010000011100011110000000010000100110001101110010100010010001011000000
001111000011110001000000100000100111010010001000001001001001100000001110110010000001010110011100
001110000001000100001111000010100011111100011101110110100101111011100011000001000010001001011111
010111010110001010010110010010010111101101000011011110100100110010100101111101101010111110010001
111101101111000110000110010011111100010100010000111011000001001101011110100000100010001101011001
010100010101100111000111011100110100110010000011111011000111010000111011010110011010100010001111
100110011111011000010011101100110111100111100110100111000110100100010101110111010101000101101011
001011111101100110110000101100000001011100010100110011111011101000100110111101101100100000100101
001111101011100001101101011001100000011100010100001000010001110000001111000100001110100100110110
111110111110111001011001111100100001110101111101010010010010000101011100010010100000001111100100
110000000000100100010000011000100111000000101111110111011110100101011111100000010110010111101101
000111101011010000011100101100101001111000101110100100110101000110010000110001100110000110111111
000111010001010010101010010101001110100001100100100010010110011111000101100111111011110010111010
000111100011001011111110110101001001111111110000001001111101111111001000011111001111101111001111
100101000101110110111101010110101100000000111010111111110001101001100000100111001010011100010111
000000001011001001001101110001111100100011011111110010110101000110000110111111010101001000010011
111011101101101010110110010011111011111010101000101001011110010010001101110111110111101100011001
111110001000110001001111001011101110100101000100010000101010011011110011001000110000100010010011
110011000110111101011000100100111001101101100100011010001010100110100001001001010011101011111110
010001110011000100100100010110010111001010110000010011010000001110010010101010101101110001110010
011000111100011100110000000001011100000101101110010110011001100010001111110111011110110100001010
010001000100111011000001100000100101100010110001000100010001111010011111000101111101101000011110
000010000100101011000011111111010101110111010101110011111000111100110000101011001000100001001010
011001001111001010100101110110101101010110110111001101000000010011011110011110001000001010100111
110000010010111101011001011001001001001100101101100110100000000011000111011110110011110110000110
101010100001101000101100100110110101011111110011100010110110111011110001110000110001010111100001
000010011110001010010010110000011101010100000011000011011010010010001001100001111101101000001000
100100100010001001010100100101101111001100010011010001111011010110110111100010001000100011100001
100100001001111101000101001101011101100000000101101110111010110101001010101110000000101001001010
100001110000001101100001011001101000010001101011111100100001111011011000101000110110000101111001
101100011101011110110010111001110010011000100111010011100000111100011100111011111100110011000101
001010001001100100111110101111000100001111011101011000010111111110100000100111101101001100010111
101110011000010001101000001001100101011110111001001001101111011101000101111100100001001001110000
011011110100010111100100011111110111010101101010110101010111000000010100011101010111010111110001
010100001100111011100111001001110110110011011001000101101001100010001101110001000011001001100111
010001111000111111111100111111110011111110111001110101000001111000001011111001000110011010010101
001011110000100101011011010001011011111011010101011111110001101010110110011011110101000110111110
010001100011010000000111001110001011111101111101110100010000011111011101100010000111110010100111
001100000101001111001100110100010011000101011001110011011000001100100111000000110111000011001101
101000001001100110011101001001110011111111001001100000111010111001011101000010101011100000010110
001000011101001000111011110000100011111111111111100001110111100010011011000100100001010111010100
111001110001010010111101110110100011100001011101010010010000000001010010011011100111010110100010
000111010111001110011000010011001000011111000111010110101111000001010110110011111011110100001000
010010011101111110100100110010001000110100010001000110010000100011011100000001111100011111110100
000010110001111100100111101001101101110100111001011001100101110010011101010101001100011110111111
011111011110110111111110101010100111010010101011100101100101001001101010111001101010110111100100
100010111001100100111011010101010000111100100100000010101111001001100100100111000000001000101110
000001010010000001100111111010011010110110100000111000100110011110000100011001101011001101011010
011000010100001011101100111110110110110011101000010101000001001001001101101110100001111010011010
111101000110110110101100100010001111011000100011101001001011100100010001010000111000100100011100
100101100111000010001001011100101101101100111111100011100011001110010101111101001001100101111010
