000011110100010100100010101100000110101111111100110010100000101001010011010010000110101010010111
100100001010110000001010101100010111111101011001100010101001110010110011010111010100100010111111
010010100100100010100011010011010001011110111101111110100010011110011011100011000111000111110000
000011110110101011100110000111111011100010110111001111111111011001101001010001110001011101000111
011010011001111001010011010110001101111010010110000001111000001110011110010001011010000100011000
001010011001110110111101110011110110110110011111100101111011001010010010000101000001111111011100
000010101110100100101111010100001101101010001000001011101100100010111000000011010111101011101010
101101000000100001010100000110010000101000101000001001010110000111111111011100110010000101001101
011101001000011101001011010001001011001001000000100101111100000001100111101000000001100101101100
011011101011001101000110010001101000100100101001111111101010100001101111101011011000101110111101
000010100010010110011010010101101000001101110110010011100010101011000010110011100100101101000011
000011011000001101000101001001011001001110011000011110100110100011000010011001010110001010011011
100110100001101011010010010010000101100110011101001010100100011100111011101000011010101110101001
001001100000100111111111001000100110001011001100111110101001111110110001000100001010000010100111
011101010100101111011011101101010111010110110111110110000110010010100001001010000001100111010001
000100101110100111101101001101001001101101100111110001101001100010110010001111000111111101011011
100010010101001111000111101100011000101011100110101100000100010011111100011100110100010011101100
011101000011100000001001110100010000000000101111000011110110001010110010011011000001110111000011
110110111001010010101000010101101101001111011101000110011100011100111001011001100010111110001000
001100100100100000111111010001111111011010111000011000111010011100001000111011111001011111101001
110100101101011100001000001000101011111110111101110000101010001111110100010011100110100101110011
110101001010100011100011000111110011001111100001001100101100001100000010100101110100111100100000
111001100000010110100110001110110010010110110001100111110111011011100010000011010111001010111111
101100100100000001011000011100111110011100010111101000110101110101001100011110000101101011010101
100011100100000100000111100101111101000111110111100011000101010011100101011000101000010011010100
100001111011000001100000100010100000100011110010010011000111101011111110100111110101100001001100
001011101101011110101101000111101111000111100011011010101011010100010000110110001010111010001101
101010001010110100010110010111111111111010000111111000011011110001000111101111001110001011000100
001010010100011101100100100011011110001000110100000110000001101100010000010011001000011010101011
101110110100011110000010101111001011010110001111100000110001000100110100111100001001111010000101
101001011101110001010111111110001010011111010010100101101110100101010000101011101101110101101111
010110110110010001101100010111000011010110101100011010101101111111101100011001001010011011011100
110000101110110100001001000111011101010010001001111100110001110111100001001010010011010111000010
010111110111110111111000010011100101110100110111100100101111111001101100101101010010110101101110
011011101000010010010111111001101001111111000111101010110010000010000011000011110110110100001010
110001001110011010111111110001010010101110011100000100001110101111000110100001000111010111011011
110111100010111100111100010010101001101100101100001001100101010101011001010001111001001000010001
101101101011111010000111000111101110010111001010000010001101100010110001111011111000100000100010
101001110101010010000001010011101001010011011011111101101111100010000110101000101001010000101011
111001011000110101000010110001101010111100100011000001011100111100010010111111000010100101101110
111011100001000111111000101001101001010001011101000010011101110100111011101111011011111111100010
011011110110000110101110100110110001011010101100100011010010001001111110000010111110010101111000
111111000111101000101000110111101110100010011010010101110111100011110001100110000011001100011010
101010110001111001111011111110100001101111001111011000001001011000110110111001011001001101101110
110101001110101010101000101100101000100010000101111110110100000011100110000100110001000100100111
101010111110110111001111111011110111011001101010100111010000110110011000001000100101011011001100
111010010011000100110000110110010111001101001001100000001000001011101010000010011100001100010000
010010011111001011101010101110011100010000000100110110101110100011100011111101010101001111110110
001011110001001110101000000100001110001110001010101111010111010110010011110011010101110101100100
101010001001101101001110110000011010011010010100011110011101011010001101110101110111001100000100
111001111000110111110100001110001000011011111111001101110010001010100100110010011010000011100001
001001011111101010001100001111000111111000100100111101110111111010110010101101000110111011100011
011001001100011010110101000101010110001011000010101100000111100100011010001110001110111111101110
111100110111111001011111111011110110101000010000001001011011000011100010111011110000000110011100
100011010001110011100111111010011110011010110010110001000010100000000100101101010001000000111100
010001111011000010111000111110101001110011000011011101100011010000100001101100010011111001001111
111010100011100110010011110101100111000100111000011001011100100111111110110010110101001100000100
011111010111101101100010110110001011101101010010010101000100011101000110100011000100001110101001
101001001101000101010000110100111011010000101100011111111101000011100110101110010101100011010110
001011110100101101010000010111010111111010100010101111001101001100100010001000010011100010011110
111110000000100011100011001000100110101000110101010101000001110100001100111100100010111001000000
001010010001100001001011111101111101000011001011010001101110101001000000011001101111110111001000
101001011001010110111010001100000001111010111001111001010010010011101101010101111110100000110000
100001010111001101000000110111010010100010000111001011001000110110001101011101101001011011100110
111101011100101111101111010001010001100110101001110011110010011001110110100000001111010100000110
100011010101110111000011001100100111001000101100000100111011000101100111111111000110100010010111
110000001001111100010001000010001110111111010111100100001101011101100110101101000100001000011111
111000110001100100011011110000011001101111011010010111111100111110001101010111101110010100010100
110110100101001100110100010000011100011010101110111111100010111001100010111011001101001101111010
110010010111100100001101100100100110001010101100110011101101010011000110111110000000000001100100
100000000111010010011110111101101000010011100101011000100010001001111101110110101111001101110011
000000111111001000001000010001101101001100110101111111101110100000011110000011111100010001011100
101101101110001100110011111001010000010010010010111110000110110001000011001010000000010111001011
110111100011101011000000111011001010110111001110000101001100011010001101101010010001110100110111
101110010011001100001110100010110100010111000000000011010101110000101101101001010010000101111010
100000000100001010110111011100011100010011110111110011100010010011100100111110001000011100010011
010000110010000111001000011011110110000101100001100100010100100101110000000100100110110011010000
001011101010110010101110111111010100101101111010111101010110101001100100110100111010111111111111
011010001011110000011111011111011110101011101100001010110100100111110110001010011100101100111011
101001011001001011001011111000010101101001101011010110111100010011100111001111001011100010001010
101100000110110000101111101111100101101110111000011100001000010010000100110101000110101001001100
111101111001110010111011010001101110110000000011011101111110110100101101111101111000111000011011
001110001000100001011100110000110000001100001010000011000000111001010101110101110110110011001011
111001101101001011001001110001110100100110011101110111010100100111100110000011000000111010110001
010110011101100111110000000100011001100000101111010011111010111110000011111110010011010101100101
110110000100011100001111010111101101111010111111110011000111010111100111110101011010011100111010
100010001001001010101011111000001001010001011101111001111001100011110011000000001011011111010001
011100010000100001010011101100001010010100001010011010100111110110001111001001010000001100111111
000011110111110010101010111101110111010001000100110000011010001111001000111110000001101111011111
000101001100111111110000001001111111000000110000111011111101010100100110010000111100100101001010
100101100011110111011001010011000101010011101100101000011100011100110101110001101000110111000111
000011011011001010111111001001101011111110101010001110101000000111110101011011101111010010010100
101001101011011001110010101111001000111100010111100101100010111000010100110110110011000011011111
100101101001100011001101100010000101011110110001010110111011001110100001100011000100010011100010
110010011001110000110001101100101110101101101100110100010100110001011111110011000101000100010110
000011111110110100001110000000111011001111101011101010111001110010011100111111011110111011010100
001010011001011001111110011001011010111001000100000000001010011001001110001010000111100000111001
100111101100110000010111010110011001000010111011000111000000011100101010110101011110001111100101
000100101111001111001111101010101100100110101101101101101010011011001000111100101111111100110110
101010001010100101001100001011011100110111100110100011011011000110001010010010011101101001100111
001111010011101100101001000010100100100100000110100101000111100000101000110011011010101011001111
000011111100100111111110000100110101001000111010110011100111000110101010011011011000110111101111
011100001011011000010111101101101101010110010111100011100101101001101010100000111111100011111111
001111101011011010110100010111101011011110001000000001011110011101010011011011001001011000110010
001011111000000001101110001000101000101011010111001010101001100100101000010111000110110010101001
001001111110110000101011111101000011101001010101100110011010100100110000000011100010101000011110
010001101111000110000111100010100100010110000011010100011000001111001110101011101100111000000001
110111100111001101110111111000010100100111111111101001110101011011110110001101111110101100111110
111111111000100110000100011101011101000011000111101111111110000111010110011101110010011011011110
111011000111100101001101000111110101011110001110011110000001010100001101101000110110011001001011
100000001111010100100000101101010100100011111001001100101010010111101000101011111011100010100111
100100101100111010110110011010010101110110110100101110101010000001100011011101100111010010101100
101010100000000101011111101010000011000000111011010100101011100011110111100101011100011101110110
011001000011110101010000001100100110111110111110111100101011011001000101000011100111111000100100
100000010001011101110110111001011001101100101011110101011010100110110101011110100010011101100110
101010001011011111100100001011001110001001101100111011100000100000000100010110111100111110010000
110110001101010011010111000101101000101001111101000000000000010110010100010101011100101111000011
000010010001010011010100000110000001010100101111010101011111000001111010011001001000011100011100
100001001110001010001111001100011111011110011100101000001011000011101111111011111101111011010101
001010000101010111000010101110001100101110011000110010000001110101100001110100001110110001110011
011101010010000000000001011011001000010011111100010111110100110001101010101101100100011010100110
001000110101100010111010100111100000101110100010101000001100011111000000110011011001101100001100
111111111100101001111001001001111001100000110111101011010011000011000010101001111011100010000011
100101101101011100101001111111110100001010111111100000001011010111001010101000111001000000111111
101000010010111001001010000111111111110110011101100001101011010100010001000001100011110010111010
000100011100011010101100100010001001110111001101111010011000000111011011001100110100100000001000
111000110101110001000110110000110100101101110000100100001000110010011000101001101100111011100100
000001010110111000001001000001100011001011010101000000011110010011100110001000100010111001011011
000011010001111111011111000000101011101011011100011001000100100000001001100100000100110000111101
111110010000010000000010010111011111101000101001101010011010011100111010100010111111000100101110
101011111000111100000001110000110101011100110101100011010011110110000111000001000111001101010100
100010000000010011011010110011110011110111010110101100111010111000100100001011001010010111111111
000000100110010100001010100001101100001010011001011010110100111000111011000110011100001100100111
001100101001001110010111110011111001111110100110010100011101011011111011100011101001101110111100
001000011010100110101010000011110010011110010111110100101110010000110111000100010111001100100011
001101100110011000010111011010110110010010111101011110100011010101001011101010011011101001101111
010011000101110010000101110011100010110000010101001110001110111010000100000010111000101111100001
000101111110100100000000001001010011011110110011011001001011010000010110100110111100001100110110
011101110100010011000011001100000100000101010010001100110000101101101101010011100010101100110010
110001001011111110110010010001110001101011010111100000110101110111110011111101011000110100100000
010010100001100011111101110111110101100110100101100011100111011001010000001110010001110111001000
010011100111111110000000010001110101100001110010010000001111110001110101011010110100000101011010
110100110100111100000000010101001010101111001111010111101010001011100101101100100111000011110000
110101011101001111101111110010101111000011001001000001011010011100110100001110111001110000000001
111111011110011011111101110100010001100001001000010101010101111110100110001001000010101101110001
010101010100011111001010011100111110010111001001111000011100011101011100111101001111101011000000
100010111101000101111000010000010010011110100011111010100001000010110011001000100101000011110000
100001001111001101010011000101111010111110001010010101110111001101001101010111101111000001011111
111100100011110110010100101100110010110110101110111100000101100101110011101010000110000000000110
010001000000011110101010111101011110111010100100110111110000011000000010110010011010000100010011
111011001110111001011011111000101000110011001000001110110101010111011011000000010001111111110110
000001110001011000011111111100011101010000100011010100100100101000111110000100000111010001111010
011110000101000101011001011100011111000010010100101011111111001001000110101000010100001001000111
011111110100110010011010001111101001000110101011101011011010001110100000000100110011111101101111
111010101110001100101011111000001101010010000001001101110011110101110011010100110110011111111010
111110100011101101001100110111110010110111110001111100011110100110010110111101000111100000111011
100001100111011001001110000011001111001000010001111010110001100010001100110111100001011100001100
101010100000001000100110001011110110001101100011011000101110111000110011000010000010100011000001
011111110100101111011001101010001111010110001010110010100110000010100011001000101111101010010011
011010000100101011011001001100100011101010001000011111011000011010111101010000111000001110011101
011011001011000110011111010100110101100000101001000001011110101011110011011000000011101110001111
100011101001000000111110101000100100011100001111010111100000101001010010001101111010010111010111
101100011000011101100111110010110111111101111011111001010001101100011010000111010000100010011100
111100100111011011101001101011011101011000001011001111010010110010011001101001010101000101010110
010000111101100011001101010100011110000111011001010110010111001000000011010010001101101000011110
100100111011101010111010011010001000011011010100011110111011100111100111110111011011000001110111
111001011001000110010010011011100101100111001110100111110000101001100111111011010010101011001110
100000111011101000110011110110100110011001110100101110100111110101000001110000000001011010000100
001111100101100010100111110110110111111001100101001001111011101100101111011100101101000101100111
011001010010110111001100010101101010110000000101010100001111110100111100000010100000010010110110
100111100000001000111111010010010011001100011011000101000011100101111111110101101101000001000101
000010111100001110000010110110011001110111111010011111110010111111100100001000100000010100011000
111001011011110100111000111100011000000001101110010111010011111001001100001111101001101000111100
111011100111110101111100000000111000010010110011100000111100010100100011000101011011111010010101
110100000110100011000111110000000001001101000111100001011001000010000101111100110010101111111100
110001101010110010101101010011011001110101110111011101110001101100001100010101100100011110110110
101110111011011001011111010100011111101010011110101110100000101011000000010011101111111000100011
101011111001100010111111011110000010000100010101100111101110111001100010010100110100001010111110
000101111010101101010011101001000011111010111000010010001110001111111011110101011110001111101000
011100000100001101101001100010110010101111101111010110111010010101101100100111110110001011001110
001000000010000111001101100101110011010110000101101000110011101100010110011011101011001110111010
110011111110110001110010010011111001000110111010001100010001100001111001100100111110100000100101
110010110101000010010111010100111110000101110010010100000000101101110110111010101000111000001001
110000100001110110110011110110011000000101001001010111110010111000000100001011000011111001011001
111100011000011011011110111100000111100110010011000100100010100010111101101011000100011110101000
110011011011101111000011011011011011100000110100011111101010000011111011010001110001001111110100
010101111101111001101111101111001011100001111010010011001011010111111000110000111100010000101101
011010010111000011111101101001100010100011100111010010010010010010110010000000010101010111001101
001100111001110010110101010110111110100001110011110001010110101111110101000010100111001101001111
000000010010101100101101011101110100111100010010110111001010111101000110111110110101100100010100
000101101000010110100111001111001001011101010001010110011111100010011000010100100111100010000000
111011110010000110110001110011000001101100101011100011111000001100100111001010111100111011101000
010111111101110100101101010110110000101100001000011101000100110110011100101001111001101111110001
101010010011110010011100101100110111101010011000011100010111011110000110110000100110011011100110
111100110011101000110001101101001001001100110000000001011000011010010000101110000010011100011011
001110010001110110001001111011001010001111011001010000000010110101101010011101001100101111000011
001010011100111110011110001111011100010010011010101001110100110111011011110111000011100100101111
000010100011000111101001110100010110101001011001001111010000001001111111111011101111001111110011
101111001110100011010011001100011001000001111100000111111010001001110001100000111110010110000100
001011111101100011101011010001101000001101000111000011011000011010000100000100110110110110001111
011101010001011010110101010010001010001100110011000110000100110000111011110111101010001111000100
010100110101001010111000101110100100000111011100000000000101001001011001110100010001101100000011
110001111101110010100101111001101111110101110110101110110111011011101111001000100110011100001010
010110000111010110110011011001101000101110011101100011101110010101011111110100111010101111100010
001100100101000010010100000111011110000010010010000000100101010010100100111010111001001100111100
110110010110100100100011111000000101000111100000010100111100110101100010000111100101110110100000
010111000110110000100111000001100111111011011110011111000100010110111001010101001001101010100100
110110010101010010100010111001110101010110010101010110111101100100010001101000011101110001001110
010100100111110110010010110011100000011000011001000111101010000110101110001010001011110100010100
001111101011001101011101110110010111101101011011000001110101011101010101001101001100010100000100
110001010010101001001000111000111001011001110001100001011011000001011011000101111111110010011010
000110001101000100101010110000000100011110110000100110000011010101101010010110001101010110101101
010100100001111100010010010001010011101000110100011011110110111110000100000010000101100110110010
101111010111111010111011100001111111010100001000111111010011110010000000110001110101010000000000
101000110011101001111010000110011001111101010010010111001001101101100010001011000111111010100101
011010001010011100110110101101001111001010011010110101101110010100000111011101111110101110011111
101100010111111011010000111100100100100001001000100110111100010000110011111110011000100001000000
010001110110000111101110111011000110000011110100010100011111101011000001110111101000000000111011
011111010001110010000100110101001110111000000000101000100100000011000101000010110110110101010010
101110011111111101000000101100100000011111010000000010000110010000011000101001011011101110000010
111001110000100100000100101111101000001011110000100111101001011001010110101111010010100110110111
001100001011010101100010011101011111100000000011100001001110110101000011001011000010100111000000
111111010101010011101110011000000100111100010110011100100011110110110011110011111000110111010101
100101100101011101100110000100000110000111010101100000111001010011000110010000111100110010010111
001110000110101001000110001011110011110010000000111001000111110100000010110000011101111010100001
110111100110010101000011011010111100101011001011111000011110010100101110101000001000111100010010
100111110100100011111100010101011000111010101111010001110011100010101100100111110000100000001010
110101010000010101000101100110111011011110010001001010000110100010110011000101010010100010110010
000100001011110001011111011001001111010100011010000010111000010111000011000110011011011111101011
111010100101000001000110101001111101110011101011000100000101001100110001110100011000010110110000
011100100001001101101011010001101101111100000111001100000110100001110111000000011110011001110111
111010001011000011010000100010011100100110101100011001110111101010110101101011101111101110010110
101001011010111001101010110100001010011011001100010111110000010010001001101100101111011111000100
000010111100011101101111100011011011110000010111011000000110000000101100001010011110000000101100
101101000001011110111111011100011101111101000101011000001001010100011101110101101001010100110011
110100100010011000011001100000000011111101100001010111111000100111001111111111111100000001011011
100100001101001010101011000011111001101011100110010010111011111011000100110110111100101011101000
111001110011111010110101110010110110100001111011101110111001001101011101111110001011101000011111
100000011100001111101010100101110101110100100000110100111011001011111111001011010101111011011000
011011011001100110100010010111010101000110000010011000100101111000100111101100100011010101000111
000000011110111001111101010011111101010110111000010111010011011110001001000000011100100011101111
100000010001111100111111100001101110110100101011011011101100110000101000001101000100110100100001
000010100000111001000011101001110101100100000000011000001111101001110011001001010010011111011111
101110101010001111110001001010010011100101000111010101100000110110000000011110100101100011010011
001101110110010100011100111000100111011001100111110010111011000011111101101011110110010011101111
101111011001100010000110110011010001011101110001011010001010010010100101000101001111001000101101
011111111011010000101100110001110100010100110010011001110101001111011110010011010101101010100100
001010111010010000101111101100110001010001000111101111001100000010111010110001101110101011110111
000101110011010110110010001110010111000000011010101000110001000111100000100111000010101100100110
100000111011110101110000011011000101011100011001111010110101001101000001011010101110000001110100
100010010010101001010011010110110100010000011011011110101000000101000101110000010011000101110010
000111101011010000001101010010110110001101010010110110111111001001110001010000011000110000010001
010010000010001101001010010000011110000100010010100100011000001010001011001110101001111010110110
111011101011000100011101001010011111001010011000001110011111100111010001110011001001111010110100
011101101001111100010000101100100100001111110111011000011010000110100000001111011010000001100011
110110001111101010011000100111010010010110001001110101001001110011001111000100001001111100000000
000010010101110010110100001010001110011001000110111001100110110110110110100110100101111101011111
001010110101100000111100001010001101111110010101100100001101111101001100000101011011100111101101
110011100110011010110010011011000000101010101110100001001111110011000100101100101010101011000100
001100010110110100100111011101110110000000110011101010110001011010111100000011110010001010101110
101011100110000000010000001000000001100100000111100111011011011110100110000000001100010110111100
010111010001111111110000001110100001100001001000100011000001111110010101011000100000100101101111
100000001110101000011011011111100000011100011101100101101000111001010010100010111111001010101111
101001110100100010011111110101000001011001000100111011001001010011000100010100100111110101010001
101001011010110000111000100011010100111110010110010110000101111010000011011011000101101000001110
101010000010101001000001110101000000001001110101001101101101011000111000100100101101111101111010
010110001000100000000100110101110100000000010101101111110011110110101010100100110100001000000001
100011000101111001110100111110111100000111111110000000011100001000110101011100000111010001101011
101100011010001010000000011111111000001010111111110000101001110101111001111000011110011100001011
010011010110011000101001111010110101111110010001101000001000011010000001111011001110111110101101
011111101000000011110111011101110110100110001011111001111111011010001000110110110110111011011011
100100001011111111001010101101110110100101011001100110001000100101010100111010000110100101000010
101011011111110000000110010101101011010011100001011011101110011011110000100010110110011100011000
010010001011010101111111111101001001101000111101100001100110100011010001100111110101100010000000
011101100110011111110110111111001011101101110010110000110111110000100011011001110101011000000001
110011111011011010001100001110010111001011000010011001101100111100111000000100100110110100111011
110111100111100011011101101001111011001111101101100000010111101001111010100100101101101100000110
111110011100010000010110011010001000111011000001100011110110000001101111100110110011010011001000
000100111000001111000000011101101010011111001001110000111110100100011100000001011010010010101001
010001001000011000000000000011000001110000110011011001001000000011010010110110111000000011111000
110100101011110110000101000010010011010110001000100000111000011001011011110100011111001101001010
001011110001001001111001010001001001001100101000001111010001111111111000111111000001111111010111
100010111111110001001110100101001100001110110001000101011110011101010111100000111100011111010100
110110011110100111111101111011001110100010101001000100000011000010011000101011110101111001111111
111010101110000111110001111101110011001001001011010010111000100010000001110000010101100110001111
000001010110110001101000101110111011000100011011000100100111111010000100110010100111111101110111
001110000011011011110000010100111111001011110010000111010110110101011100010101111110101110001100
010110100100100000001101001101000110011111111110001101111011010101010100110100010101101000110000
011110001101010111110001110111010000011010011100000001110010110111110000010100111001010011110010
100001000011111110110101010010000110010100111010010011010100101011001001100100111010010100110101
111100111011100010100101011001101010101011010100111110011001100111110010011110001011101000101110
000011011111011001111101100101111110101101001101000100011110001110000011000101111011001111010111
100110010111111011111000011000000000011111100010001101000100111000100011111010111111111101001111
000011111100011011010110110110110010110101000111110011000111110000011110110011001111000110000101
010011011000001000011010000001110011101110110011111000111110111110001100000011101101010100111110
010110001001111001111110011110011100000010101111101101111001110100101011010011000110001001011110
100011001111011000001000011101101100011101110011011101110001001110111110000111101010001111111000
101000100001111001011100011010101111011111010101101110011101001010000011011001011111000011110011
011010110001011000011101111100001010001001000001100000011111010011100000101001011111011111110010
101111010010000100011000000010011101011001010011100111111000010100100001000100010111110011101111
010001111001011011111111100000001101010100010000101100001101110000001001110111011010110101111001
111101000001000000110011011010011011110011111010011011111001100001101110111000001011101011001101
101101011010001001001010001110101011010111011001111001001010001110100101010010110110100100100100
110111001010111000011001011011001000111111010010110001000100001111110101100110101100111011010110
100011011111110010010111111000010011100100001100100111000111010100101000001111100111101001101001
010101011001011100010010011101100010101011110100101001010011110111111111101000001111100100100010
011001101000001100011100100000001111001110000111000111011000001110100100000101110111001110011101
010111010101011000011010110110010001101001110100100000000100001010000101011011111101100100101100
010011010010011100000101011010000001111101010001011101111100000000110100001011111011111111101000
000000010100010001100100100110010101111000111000111101000000111101100101110001011000000110001111
001000100010010100111011011011110001011110011100101010111100111101000011100111011100100101101100
101100000100110010000000011101111111010110000011110010101001001111100001110001111000110001001100
101110111010110100010100010011100000000101111000111101111010010000010101101011011011100101100000
000011000101110101010011010111111011011110011100111110001011111000101100000000000110001001001101
100010101111100110011001011000010010101001001111101111010000000111101010100001110010111111100001
001101111111010001111100100100111110010111101011001110001011111110011111111010110010110100101100
111010110101111100110010101111011101111011000100100011101001111110000011011010100000110101110100
000101110010011000111101101001001001000010000011100001011111001101011010011011111011010001111011
011100011010011011000011111100011011011101111111001100011010011110111011111101001100010011111001
011100001111110001111100101011101101010111100011111010101111010100011110010100011001001001001011
001110110111100111001100110010011000000010010111100001001110101101010011010111001001010011011000
100011000110100010111011011001110011110010011110101011101110111010011000000000100100111010111001
011111011111000100110000101010011101101110101100000100100101010111010001001001110111001010110001
010101110010100001011111110100111010100111001011010001100101110111100011110101111111111000011001
011010000010100010010110101001101000010010111001111010000000010110100010111111011011110011111110
010001111110110101011100011101010111101001100100010001001010110010000111100110111100000011110001
010010101001000100010110001100000110000110000001000101111010011101110100010001110011001101000001
000111100100100111100011001101100001101101001110100101101101111110100010000110110001101111101010
101011011110100111001100010100010001000111011110000001010101101001010011010001011101011001111100
001101101000010011111001010001010101100100111110110010001010101101000010110110100100000011111110
110100111100100100001011000011000110100111001111000011001111111011001001001100000011010111001110
010011001011011011000000110000111010101011010011010000000110110101111100000010111101001001001111
101001100000001101001100001000111010011011011100000111110111100001110011101101000001110110110100
101100011001000100001100010100011001000001011100100100101010100011001001101110001110000100010110
101110001000010010110011111101011100010000111100011001011001010011011000101010000110111101010001
001111111110001111110001000001100101011111100101000000000000011111011110101100010011011011111110
111001010010001111010110110010001010000101010100011011000110011011000001100011110101001100010101
111110101010101011101100111111011010111110011011100100101000100100000100100111000110111111000101
111010010001101010100010110000011110001000101110010011111101110001100000001110101011110111010010
000100110011001111011100010111100110010110111101111110010001011100000100001011100000100101010100
111110000010001110010010010001101110111001100000111001011111010011010010000011010011101111001000
101101001001011011001100011010000010001011101101000101101100010100111011010100111101101010110010
001000101011110010001111110100000000000001001001111100010001011111100101001011010011101000011011
011101110010101011110011110010010100111001111010011111101101111100011111101001011111010111111001
011111000100101011101100111000101001110010010100101101001011101010010110110100001010011001100000
000011111010000001101010000101101101100001111000111000101011000101000101001010000101001011001101
111100011110010110001011010101010001101110001000110111101101000100111110001011011000101101101010
111111010011101101100010100110010110001101000000100010010101111100011111110100111100000111110000
110010010000110011010101011000011001101000110111100001010101001001110011000000110001100001110111
110011111011010110011001101011100001001010101110110010110111010100011111110100001011001100001000
101000101100010100110001011000111101101100101101100010110011110001010100001100001111110110100011
010101011111101010000100110000100011001000111101010010101100011110000100100100010000100110110001
100101010111100000011100010010011110001101111000001100100010111100101110010101000011011111000100
101100000101010000011011011110010100110000100101100011010010010101010101110001010000100101011001
001111011000000010000001101111111011101011111001111111010101110101100110110101010001101010101000
100010011101011010100010000101100111001000011001101011000111011000010000001000110111100011011001
011100001100000001000100011100100100101111010110111110111000100000001111011101001100000000101111
111110110111110110011000000000000110010100001101111111011000100110100001111111100101000110000000
110100110001001100011100000101011011010000011000111001101110111100110110101111001100101110010111
010001000100010001011100100111000101101000010101011011010110110001101101001000001011000000011010
110000111110101110110111011110100100111001101011101010101000010110010001011100011100010000111000
101101011111110111101010011101100111101111001001001110011000000010000000110000101110110010110100
010011000110100100111010100101101011000111110000011011111100001000000101000000100111101011011000
101011010001111001100010111111100100010011111100100100010011101101010010110110001110001100101111
000010000010111011100110101001000110000010010100001000110001000010010010010011000101001101101100
111101101011101011011001001100010100111011100111110010010000100001110001101101101011111110010011
110110010100101011000001001011001101111010111100101001111110111100010101011000111100111111101111
111000101100110011010111011010001110101010110100111111000101010101001010110110010011010101010011
111100100110101100100100011111111100011001110100001111101000011101000001011001101111000101001101
100101110110011000111100100111100010011111100001110111100001101001001011110100101110101100100011
100000100010000100101101000000000101011111101000010101001000101111110010101111000111100001001110
011111100000101000011111010110111101100101101000010111100010011110010010011010010100101111101111
001111001011000100111110101001111111000001110111000001000100100011000110011000011010001101110110
001001101001101111101101101111111111100001101111111111000001111110011101100001000001010111001001
110011001101000110000011001011011111101011101011011010101000101010000000110100000011010111100000
011000000100011110001100001101011110100000000101010001110001111011110111100110011011000101000101
000001101111101000001111000010000111001101101111000001001000111000110011011101001001101111000011
001001111111010000100111110010010101011000100101001000110000001001001011111000100001110010010110
111100000110110001000000111010010101100010010001101100010001011010111010000001110110011001101101
011011011100011011000011011001001000111101001001010111001111011011010000011110110111111010100000
100110110111010110101001010101010100001111101000001001011100101000111111001011000101110001110110
100111100000001111100111011011101111111101100110011100000011101001011011101011101010101110100111
011011111110000101110101010100011111011010011000101110001000001111000100010101111011110001011001
001111011110111111010100011001101100100100110000101011110110111110001010100001000101110100001100
001011001100001110000001100111010111101011000111000001000110110110101111101001000010011101000100
011100100000100010010110100001001001000001011111101000000100011110000001011110110000111101110101
110110010100100000011011110111010001100101010010010100001000001011000101110001101111011000101010
001000110110000111101011101000101111100011111110101001010010001110001001001111100100101001101101
100010110101001111011110110101110010111010011010001011010000100011011010101010111110100000001000
100111110000010111011000111100110000001001110111010101111110111001110101010110010110001011011011
001000101101101010110011000011110001000011110101110010000010010110111011000010011100101111101110
010110001011001101111011111110011000001100111000111010110100111100100101111000110010100001100000
101011001011010011111010000100111011001101101100001111100000111000010011011100010100101100111110
001111000100101110000011100001010000110110011110100000001101101110111101101010010010100111001101
001011001110001011110111010110100111111000111011000101101101110000100001000110001111010010101000
111101111011111010110111011000110010111011010110100000011100111010111101001100100100010110000111
111010010001111100001101100001101010000100010001111101000000011000010110100100100010110111001011
001100010000011000001110100000010000001010011001101101011111011100100000001111011010100101010111
011001111010110000011100000100000101010101101100010001100010010010001010011011011000011101111010
101111010100010001111101100101011111111111001001001111000001001001111101111100000101111100101101
