110011100010011111001111000110000101000101111010011001011110000001111010011011001101011000011110
001001010000101111000100110111011110110000011010000011001100110001000001010011110110101111001111
011110101100101011101000100011010000110111111100000011000000100000001110000010111011000011010100
100111110010000000001111001000110101011110101011111101101011010010001000111000010000111010010110
101101000000101011000001000100011001000100001011111110111111111111011010011010101100000010011001
010100101011101001000101001011110101101101111110001000011001101101011010001100100001111010000111
001011000000011010010110010011010110010100000110010000010101001000101111101100100011101001100101
010011010001010110111010001100000101100000100010111111011100011110001010101101010101110111100111
100000110001010111101100011110001111010001001000000011001100000111110110011100100001101001011100
100000100000110000101010101001111001000001101111011001100110111111000011000001101011001000100101
000101001110001011111111000111111110001010001110111111000011100001001000110110001101100010111011
110001011101000101011100000010010010111100010001111000011111100000010011101100110101000101010111
100101100111110000101000000100111101000011000000001001111101011110010111000011001101100110100000
000001111000011011011101001101000111010111101111010111100010101001011010011000010100110000001101
001100111111010111110101000011111110011000000111111101110000100101101001111110100100111101000001
000110011001010011000011001010000011011101100010110100010001110100001001110100101101010111100100
101001111110101010100000110111011010010010010001101111110100110011010111111010000100001100000010
100010110101010111000010110100001100100001010000001010010101101100000001101010011010111100011001
100010110001101111000010010101000001100111101110000011000110110100001101011000000010000000011111
010011000110010100011000000110110011000010010001110011101110110001000011011010110011111101000010
110011100111111100111000110011010111000100011111111010000000010001100111100110010101011111001010
010000011111101111011100001100000011011000100000000101100001101001011001100111100100011100001101
101011100000100101111101010001000101100111000100000001111101101010000001111010001111001000101110
111011000001001100101111000011000100000001111110100110000010010000000110111111000111101101110010
000101010001101101111100100011101100000001111101001011110000000011010011000000101000001111001000
110110101000110101010001110000010101001111000111100110101000111101001111101101000111001110111010
010011100010110100101011111000000001111001110100111010000111010101111100001101110000010101011100
101111011011101110111011101001100011101111001000001100000110000111110110101000000100111011101111
011010000111100011011101001100110001010101100011111101011101110010100111110001001100111001101100
010001001000101001101010110010001111101001101111001101111110001100111011110101110101111111000110
111101000110000100000010101010010001000011111010110110100011011101010011111011101110000000110110
011100101101010100011100101000010011000001101001111000101110000100100110111011101001011100000110
101000111100111011010001111111011001111101110110100101000101001110011010011110000100110011000110
110100001001001011111110011000011110100011110001000111011110011000110001111101000001111111110110
010100110001101111000101010101001011011001001001010000111111011010010011001111001011001010111110
001101100111110000000100011100001011100100000001101111101101010111011101010000101010110101101001
110101100101010100110010000010011100110010011010011010111011110111011101111100100001011111001101
001001001111101101010101110111001011011111101001000011011110101000010001010101110101111001101001
010011000001000100100001001100001101010000100111100000010110011100111110011100110110000101110010
000101011100011110000000110011001110101100010001011100001100101101010111010001100101100100101111
010001000010001100011010110100011101000000111010110001110011011001011101011100110001100100111101
100001101011111101100110000100001110101110100100100111011000100110110010000110100111000001001000
111000110100011101001100100101111011001000001111011100101011010110111000101000101010011000110111
100111010011101100101111001011111100101110100001111001110101000000000101000000101001111011011011
000000011010011000100001001110011100011001100000010010010101011011110101110010101011101110001001
001110011001000110111111010001100000001110001111011111001100000000011111100101110110000001100101
100001011001110010100001001001000111010101101011101100100100001001010111110011001111110101010110
000110010111101011101001001000110011001110111110101011000000101000001100011001010101100000001100
011100101100000011000010110110110111001100111001001001101010111111110000110001011001100000101001
010010000000100101000001101101100101100001000011001010011000011010001110101101101110100110010100
001010000011000010010100101011011101000000011110001001100001110011111001101111110111000110000100
101000000000010100111000110000111001110100010000111101001010001011001001000110011101001111101101
111010111101110001100001010001110100101100101110100011101111100110011001000110010101110010000111
111010111100011001000100110011010111011101000111110110101011101000010000100111111111110110000110
000001000011001001101111010001010011010000000101011111100110000110101110001100101011010101010101
111111101010110010001000100101001011010111111111100010010001001111110101010111101010101000011010
011111010000110100011111011111010000001101011100100001011001010110110010001101110111110001100111
110111100101001000101101100001101000100111111100111111101100010000001010101000100111010001111011
000011100010111110101001011111110100100101011001100000010011000001000010011011010000001011000110
110101101001110000110001011010101101111101011001100011001011001101100001000000001001001110001000
010010011100110101100001101001100000111101100001101011001000011000110000001001100110111111000101
000010010101110000101111110100110011001000111111111011011011011110111100111101011001111100100111
110011000101110110000011000011101011000000001101111110111101111001100111111011011111010001111111
111010011000111100110010100001001001100100111010010111001100100110001011011000101000000001100110
101110111110001110110111110010011101100001100110101110110100110000001000111011100011100011000101
001111001010011000111001001101111011000111011001101101000000110001101011001111010010111111100010
011111000000010011000101110011011001111110000100010101100001111101101101011010010101010100110111
110111001101111100001111010001001010001000100010000110100001000100011111011110011111000100101001
111100101101111000101000100111000101001000111011010110000110110010111000111010000010111100101000
011000111000011011011111000100000100100011110010010011101001111010001001101000011010011111001000
010100101010000111111110110110010110011100111100111010100110000100101010010010110000101100010011
111100001100000010111111000011010100111110000010000010010000110110101011011110011101100011010101
100110010011001101000100101000001110100111111010101111000111010000011000110000100111101001110110
110011110111111111110101000110110111001010101100001000001111110011100111110111000011111010001111
110011111011101001101000000011011110000001000001001111110111100111011110110110110110110011000100
101111000001010001110111110010010100111011110010101111000110011100100001111101101111011000001000
010011110111001010001101000011110101000001111111010010001110110101110111110110110010111011100010
000000001100001001010100111110001001001010011000000101001011000101100001000111000010011110000011
000100001100100110011101011011100001100010001010000111010101101111001001011100011011110110111100
101111011001110001110011101100010001100110011001100111001000010110010101001100101001110101001000
101101000111100110001000110011011001110000001001000010000101010011100010101010100000110000101111
000001101010000010000101011000111101101111011110011111101010111011001011011100111101000101100010
101111110000110010110000101100110011010100000010101111000101101000011100011101011000100000000011
101001110000111000001100010011110110101010000001101011000111011100010101000010011111011110001100
100111010011011110101000110100110001011110101111110100011011100101011110100111111110111100010100
011111100000010011101010111010010000111001001110100010101110000101100100000010010000100000000001
010011110100001011001101001110110010111000010010111111001101011110000011011111100101001011111100
100000000000101100001001010100111101100100000010010110011111011011000111001110000010110001001100
001110011011100000111000111011100111011100111100010001010100111010001111110010110101001111110101
000011111010000101001000000010000100111100111000110010001000110011101111110001001011010100111001
101100111011000110101001101001111111111000000000110110101101110001001001011101001101001101101100
011011110100000111001101111111001010100101100101110111000110100010000110011100101010001101110101
010101010110010000101110011111010110111010110101001100000010000100000011101000000000100110010100
110001001111111110111011010000010111111011010100000110101001000001001000000100011100000110010111
111011001010111110000010111001111110011110110011000011111100001001111010010001110111011110101001
000111001001101001011101101011010011100101010001001010011110111110111110100000110110100111011011
100111100111001001110000001110010100001001001100001111011110001110000001100111111100001111100100
011011100010010101000110100000010101100010110000100001011110110001001000011100010011011111000011
101100100000101100000100001101010110010100011000000000100100000000101000110001010001000110110001
100010000011100001000000100000001010101111101000001000110000101010000001010100001001001011110111
000010011101000101101111100010010100010001110101100101000101001001100011100111100100011000100111
011010111110011000011101100001111100011001011110011000111110101100111000100010001111110110000111
100010101000010010100100011011111111101001000111110000011101101010101111000101010100111100101111
111111011110111011001110110110001001110011100001010100010011101000011111001111101001011001001111
100001001111011000100000001110100111110111001111111001001001110100111101001011000111100111001100
001011100101110010000100110100000100110110110011000111010001010110110000000011111010001010010100
010110111101101010101001011111011001111101000100000000000101011001111101100001001010010011101100
110101111111001110111001001011011110001101010001110011011011001001101001010000011000110001000101
000101001110011111100011000100010000000001111000111001011100110000101101111101000101010111010001
001110101111011101011000010010110111001010011100000011010000100100011010001010001101001000100000
001010000111111000111010111011011111101000010101000001000010110110011010101100110010011101000111
100001001001011010111011001111011110010001001010011100001010000000100010010110000101011000100100
000011000110001101010011111010000100100011100000111000101101101001110111010111001000010000001110
111001010110011001110111111111101100001001001111101111000011000011111101101011001100100111101101
011101110100000101011110100000001111000101010010000001011001011101010111101011000001011011100111
000110011110101110010101011100100001100110001010110100111111111100001110101011110110111101111000
010011100001001101000000100011101111101001011110001010111111010010101000010111101111010100010001
110010111001111011010111000010100000101000111011000110000100010111000101010100010110001001111010
001110101101010011001110001100001000001110110100001000100111001111101011011010001010010010001100
111000100011011001010101101000110110101010110010000010101111000010100000010110101111011001011110
101010000011101001101001011000010101011000101110000111000011011001101111110010011111001010001000
000110001010100111100110110010110000000110010110000111011011000110000101110100101001110111101000
011101100100110100111111111000100101000001000000011001010110100001000010110010010011101101111000
110000000110110100011001101011010111010100100111101100110111111111111101001001000001100110010010
101011010001000001100010111010100000101110101101011111110001010000001001111011011101111100101010
101000100110011010011100101000101000000110001011000110010011111001011101100101101111111011110101
001100111101101111001010001101111010100001010000100001010111110100101010001000011100000110100110
101010010011001000100010011100100100001001011100011001001111101011010111011011111000100101001101
100010011110101100010110100101110010101001110010011110100000111101000110001001110101111111110111
111000001111110010100010010011001111000111111111000001010110110111010010100100011110100101111011
000111100100001000001001011110110111101001000000010110011000111101101100010101001010011010011100
100000010010101011011011100100001101011010001001101011010011001001100111010011101111110100001110
011111110100001100010000010100011100110000111011111101000101011101101110110101100111010100000111
001111001111111010110111000010101000011100001011110000011101000010011010001101011100110011010000
010100100011111001101111001010101101101001101101110001101110110101011010000100110001000110110101
110001010001110100010001111001111100101101100011100000001000111100100110011000010111001101100111
111110111000001011001001000011100001010111110100101111100111101100111011100101100000101010000110
010110101111000100010000110110110101110000101111101111100100000111100011100101101010001010101101
000010111010011101111111111000110101110101011010001000010100011100111011001010000001001101101011
110100111010011101111000000000101111010110011110011000010110111110001000100110010100010010110000
100011110000001101010100001111101001010111001111001111000100100100101001010110010010110010101000
110101111111101111011010100101110011110101011111000011001101101011000111111100011101101011010011
011101111100010000110111101111010010010000000011110111000101011011001110011000000000010000100100
110110110000010000101110010001111111101100110100011111110001000001011110010111110001001000010110
011011010001110001111001111000011111010001010000010101111000110011001001010010101011010101000110
011001110101101010111000110111000101011011111111110000110010101101111100001001100010101010100100
011110000011000010110101011001001010000000100011011011010110001011001010010101100011001100001101
001111100100110100110011001010011100011111101010010101100110001110111010111010110000010110111010
110000101011101001111000100000110101000011011011011010111110111001100110010101000001110101110100
110001111111111011010110011111000100110010110101000110011011100000110100101100111101100010001011
110011010100000010110111000100010111001101011110010111110001111110101010010101101001110110011000
111111000001100011001110000110000000101011000101011001101011011110101110111001010010001011111111
010000010000000111010001111101000000010011111101101110000110010000010111110101110110110100111101
101000010101000101111011100110011110111010000110110001010101011001101100111101110100011011101000
101110001111101011111101110100001011100011110100111101000111101101011001100001010101101100010110
101010100000100100001100001011010111011000000110001111111110001000001111111000110011000001101000
001110011100010001101110001101011000000100111011001011111000000010001111011000011110111110110000
001110101011111011101110110100100011101010110110011010011101010001010101000111010110011000111011
111000011010011110110001011101110010010110001100001010001111001001101111110101011010100110110110
100010100110100100011011111010000100011110001111010101000110010011001011010111001000011100010010
010011001111001001001010011001001000000101111100000101111011000001100100000000111100110110101111
010000001000110011010111010101110010110001111100101101110011110100111011111011101101101100110011
011011100101001010011111000000101110000111000100000100100001011101000001011100011001010010101000
101101110110011011100100101000000100010011011111101111001001110011101100101010111101111010000010
011001101111111101010011000101001010000101110101010011011001111110111101010110011010011101011111
010101100011010101111101011010110110100100001100101011001010001100111000110010111111111001100000
011100010110000110010011100111001011101100111101101011010111111010000010110101110010100100100101
011010000001001111110101010110101011100111101001100111100100000001110001110111101101000010001000
101000101011100001100010100000100100010010101011011011110000110011111000000110110111100000000101
001010110101101010000001001110110001111010001110010101011000001000100011101010010110110010100101
000111011100100000010000100011100011101111111001011010011101011010100010110011000100011010111110
010001010010010000001100010000110001001011111100111000111110101000110010001000000010100010000100
001001001100100010010001111110100010010100100100110111110110110111101101011001111101100100100011
011000011110100001111100001110010110110101011011001110111001011001100101011010011001010001100110
010001011010010011010111010000101000000100100100001100010010011010011001001101011100111101011011
000100011101100000001010111111111010010100100001100001001011001101100101010110010110000011110111
001001100101100010010000110100100110001010101111111101001101110011010001000101101010101100100000
011001110001011101100111100110110001010011110011011000110101001001110111101010011010000101111000
100000101000010000000110001110000111101010011001001100110111010110111000110100011110100111101001
101011011110000100111110010100101111101110101100110100110011100000010001111001000000100100111000
011110001101100111111100010011111001100010001010000100111001001001110001000000111110000000100000
010001100001100000010000101000101110010011111011000000001101011010100101100001001110010001111010
110000100010100100011011010110111010001001001010001011011001001111000111111011010101111001011111
011010100111011101101010110001010110101010110010101101000101100111000101001110010110110001100110
010101000001000010110000001010110010101001110000010011101111100100011000100101101111010000000001
100100010101101101001111111001011111110111010110000110011010111110010001000011100111110110101111
000000100010010111111100001101010101011100000000010100000101100100101101110001101101101111110111
010000011010100111101011010010101001001000010000011100110101011010001011111111010010101110100011
101010011010110010110000010000000010011100111100101111110001110000011111100110011011001010000101
011000101001011000111101010010001101010011100111000000111111010110000000000011101010100000101111
001010101011111101001010011001011101000010010011101011101011011101001110010100010111100100111000
111010100101111000010011011101000111111000111000011001010100010100001100110000010101011011000010
101101100011101011000001110000011000101111100001111110100110100001101111000000111011101100000110
100111010110001100000111101001010111100111110100101111110011000000100000011110011010111011111000
100111111100101011011011100110111001101011010010100111111100001000101100011011100010110101110001
010100010000111011100010111010101011001011001011110100001110000010001101011101111001010010011000
001111100000110101111111110010111110010011110111100111100000010101100011010111000100011101010100
010000110000010001101011101101100000101000001101010111011010001100010000101001011001101100101011
110001010100101101100010100101101001100000000010111011001001010111010000000110000110011100110000
111101001010101100101110110110010000100110111110111011110011000101000011010111011110110010001011
111110011010011010011000110100111010101101011110000110111110110100001110111000011101001100011101
001010111010010000110101110011010100000111101010111101010010001100011101111110110010010111000110
010000010100010000101001111110000000000010001101111010101101110111001101000100011010000001111011
010100001100100101011110011011010011000101010110101101100010110000100010001101000111010011011010
100011011101000101000010100110011110010010111001010110110111101110010111011011011100010110110001
100000010011101011110000001001100010001101110101111000100011101011000001111001110111000011000010
110010011101010001111100100011001111101111011010011001011111111001001001111010000010000110100010
000010001000111000000100001101001111101100101111101000110100001010110101010011110100011001000011
101011100101100101101001100000001101100101101111000110011010111100001010011001110011011111010001
010011010011000011111001101010010011111011000110110111000010110001001111111001000011110010011111
101110011110110011001100011001110001101011100011001110110010110010100001100100001001001110110011
101001101011000011110011100011001011100000000011111000000100011110011101101011100100110000011000
110001101110111001101110100000001100111111111011011001101111001011100100010000000100000010011010
000000011111010110101000011010101100111110100000011101010100100110001100001011010100101111000000
111100100111000111011001001001111000000000111001011101111100001000010110101101000111101011101111
000100001011110011100010010100110010010011001011100101001011010100100001010111011111011010101011
101110011001110001111110000100011010001001000110101101111111100100110110111000101010000001101110
100101110110000000110001000011001010101110100111101101101110000110001000110110101001100101010001
101110100100000010011001001101110010101011000100010011101011110010010001000110100100100101001000
011100100100011101101100011010010110010000001100101111100100011100001111000011101100110010100011
011100110100110000010010110011110001011011100010000001000110110010111101000111111010100110010011
001100101101010101110001001101101010010010000001110110111100011110111111011111100010000000110001
011011111111111001100011001001011100100111101101011000001110001010010101110011001100000001110101
111011110111100001100000100010100111001000001101101011100000000010101111110110010011111000010011
011101000000101011101011001110001101110101101011110110100000101111011001101111011011100110100010
100110000100000110011100011100110000001100001110111010110100101011000011001100000000001111000011
101011001111110101001111010111000001110011111100011110001001100010101010011100111000001001000001
100001001000001001011000100000011001000100100000100100110010010111001010101100010111110010010111
011000011111110001000111001010000000001111011101011111110011110010111000101110000110010011011011
110010100101101101111110011001010010010101010000101000011101000011101010111101000100010011011111
100011110110001111001011001110111000001000001000011101010001101011111111110010111001111100001010
001110001010001110001110001000010010100010110101110001110011000110101100000010111111001110010011
101101001101100001100110001001000111001011101111010100100100000110001101100001000010100010100010
010101000010111110010110100100101010010110011010100101011010101100100110110010101101100101000001
100010010001110110101110000100001101111110111101110101110001011010001100111011011100111100111000
100011101010111000111111000111010101011001000000011010101101100101101110011001101100110001000101
100111100110101110101110101010111110010101001011111111101110100010101011100001000001100001011111
100000010000010110000000101100111100100111110101010010011001011111000100010010101001000000011100
001101111101011001010011011000101010100101110111010000110101110100100011010100001000101011111101
000101011011101110001101001100001010111001101110100111111110001100111111111101001101111000100011
000101100110101100110000000111001000111101101001101100000101101001011001111111110110100110100001
011111000101101111100011110001000000101000100010001011111000010001100111000110110111010001111000
010001111111100001100010101111011100001111011011101101101001011011110011000010010101111110110100
000101011000100010110101001011101010010010001000110111011001110101110100000010011000000110000100
000000111001101110101010010001101011111011101100101010000100101101101100100110100000011100110010
001101011010111011101111110111010000111000000011000011001000101100011001111010111011100100001110
110010101100101101111010001011110010110010111011000100101110010100000000101110000001001101010101
000001101110001110011110111111100001100110111010011010110110011101011010111111110001010110100001
110010010101010000000101010001111011101001011001001110011110111111101110101010100111111110100111
010010101011110111100100001011100100111011100100011001000110011101011001011100100111011000000110
111001100101011000110111000011100001101110100100101100111011010111110110101011110111011101000111
101101001011111001111101000101001101101101110010101101110001100011111101000111000011000000110100
000101111110011110101001011111100010111010010000001010011000111111100101001000000001101011100111
001001010010111111100010011011010000110010011011001110010011001110001011110000000101100011101101
101111100000010011000010010101111001100011011000101011100011010110010011100001000010111001111000
100000001111100110011011010101100100011001101000101011110110000000101001101100010001001010110100
011110000101101110101111111111001111011100001011010101100010101100000001000010001111101001110000
101100010101111001000001100010001110110110001100001001100001001001011010110110011000000010010100
000001100000100001011111110011001101100101001010011011111000011010110001001000010000000010110101
100010000011001011101011001100111101011000010100100011110111111011001111110000000110000101101000
110000011101011000100100011000011110000100001000100110001010001000101001110100100100110000111110
011011100011000111111011011011011111000011110100001110010000110000111010010001100010110101000110
111000101111101110111110001000010010111010100100100110100001110011111110101011010010011011010010
000100110111101001011100011010000010001011011000010110011101011000100000010101100011101001100110
010001010011010111111000011111001010100001001111111001100101101110110011110011001111000001100111
111001100000000100110100010101001111000000011100000001001011001011011100111001011010011111111101
001111101010011000111110011100111011001010000000001011000101001110100001101000110111101001101000
000111001010011011111011111000111110001110011011101011110001110110011001000010101110000110000110
101010111111000110011010100100101000100000000000000011110010010011001100100011101011000111010001
100000010101011010010010010101100100000000001000001110011011011011111110111011011101110001101110
000101110101000111101010110111111111001101000101000001011000001000000010111110001111111111011000
011000111010111111101110110100100010001001100011111010011011010010000110001100010001111101100001
100000011100011111111111110001010110111000000011111110000111000110011110111010111001001000010011
000110011011010011110011100000111001010000110101001001001010111101011010000001100100010011110000
000010001101111101111001010100000111111000111010100001100001100110111001011001010110110101001111
010011011001001001100000001011101111001100100010111100000111101100000010111000111100001011111110
000010110110111101001000110101001111110001000000111010011010001100000000001010101001101100110010
011001011000010100100101011001011010100000011010110011101100100001001100101101001001011011111000
101000011111011010100000011101100101010101101001110011001000100001010010010100101011001110000101
111000001101000110000100011111111101101010001101111100100110111101110110000110110101000101010110
000100100111010000010111010000101001010001101011100101010000110011001101011011000001000011111000
001010100010111010100011100101000010000010100101010110111001010000101001011010000010011000110011
001000000001011101000001101110101010100010010011001001100100101100001000011011001111011101001111
011000011001110111101010100111011110010011101000101100000001101111001111001101010010010000001100
110100011101111111010001100001000001111111000010001110000111000110100001000110101001100111000100
001100101001000001111000011001001001010000010100100100110001011101101111010010011111111100011001
100100110011110001010001100000111110001111001011100000000111101011101000000001111111001000000100
110000010000010111101100101010000101001111101110000100110001111000100100010100010110110001111001
010001000011000011111010110101100101101011011000100000111111010000011101110010001111011011011101
011011000101110100110101010110010000110001000110101000100100111000000100111010011000010110110111
011100111110111101001000111110010000101101010110000110011110001001001001010000100111010111000101
110001000011000100111101101101010100111111011010100111011001010001101001100100111100000000011101
111111101001000000001100101110101110100000001010100000011100000110010010001101101111001011100101
010100100100101111010110100100101000110100010000001011111111111000101001111100000010111111111010
011011100011001111010100100100110001001000100110011000111000011100011111110011101110111110001010
111110010110000001111100110000000010101011110011011011111111000010110111011110001010100101101001
011111010111100000101111110011001100001001001011101011110111000110001110110001101101000010001001
100001010001000001010100001111111111110101011000010111101011111111111001100110110111101111111011
111011111101001110011011110001111011101110110011101000010011010011110110101111111010111011100110
011001000111010101011001100010101010010101100111110001001101111001010110001001001001000101011001
100011100010010110110001101010000010110010011100110011111100000100011000111111111001001000100101
010101011010010010110010101011011010111001101011001011101101110000101001010101001000101001000111
101111011000111111010001000101001000101101111100000111001001101100011001011101101010111000010011
100110000001110101000101110110101110011001001111100011101001010100110100100000010001101001000000
111100101000010101000111011110010001010011011011011111110100000110100111001110011001111110000010
100100110111001110000010001110010011101110001001101010000001010000100011001110110110010010000010
101010101100101111100110010110100110101010010000101100010100100110110101000011100011101101000000
110011110011101001101101010001101100011010110110110011110101110011110001001010111000111011110100
100010011001010110011001011011111001110101110100110100010001110011001101111011101000110000100011
100011011000101011011001100100011011100000110111111000101100100110101010000000111111101110100010
101000101011000010010100101000001010101010111111000101101100111001100110010010111001001110000000
110010011011101111111100011011001100111011101001111000011011110010111011100110000110010010101110
101000111110101011100000011110001000000101011011110011000011101100011111011010100101001111100000
101011111001111100101001011100110001000101011010100100010000100100111011011100010110110100011011
100011100101011010110101101101001101111101000111010101111011111110110101000010011001010101001001
101111000111111000011101100011111111010110010010100100000111100001101001010011110101010101101101
110001111100001010110110101000101110110011001001110111101000000110111111000001010011001010111011
101110110111000010101001100000100100000011011011011110100111000011111110001001111101011111001011
110000011011100100111000101010100001010000100000010101011011110101111110100110101111110001101010
100110000111110111111011101111000011011111111110110001101011101001111001101101111011110000000000
001000101000010001100101010001010011101011110101100011110000111010111111010010111000100100110011
000010111001100110001000110000110100110100010001110101111011101001011000100000000011111110100111
101110001011010011100010111110110101100100001101110001001011110000110001001000110000000000000001
101111001110001011011100010001011111010001101101110010110010110000011110011010010001000010001110
111100111001011110010100100001000101011011110011100011111010100100001110111010010001011100010010
011101010000111110001100111001111111000001101001101111000000010100100110111110011010011100110001
010100001111101010001011101101000110010100011100011111100100001110001100100101100111010100001001
110010010111101010101010000110010110100111110111110011101000101010100101111101011110011011100000
111010010011100000000110110000110001001011100001101011100100101001000110101111110111011010100001
100011110100011111011110111110100111110010111001010100101100111011000011100010001111000000100000
110100000011001100101001110110000101101110100110011110101111101101011011111110110011011000011010
011110011010111101101101111110001011100110001001100000101010010110101010000101010011110001011111
000100011001011000011010000010101100011111101010011110001101010000000000010110011010010010100000
100110010010011001000010101111011110011001111010111100000101011111011011011011110101101011111011
111010001011100111011011100100110000110110101101110001010111010011001010111001010000111101011001
000110001111111111010111000011001001000111101101010010110101101000001101111111111110000001011010
000100011110101101000011110101011100101000011111000110010100110011101101100111001111000011011001
010100010001110010010110110111010011101101110000100101001100111101000110001100100111101101010111
011011111001100110111110011111100110101000100110010111001111000111010011000011100100001010100000
101010110000010100010010110010010000001011111100111111111111011010111111101000000010110111011001
101000000100010000110101101010000010110011010110100000111000101111101111000100011010111101010110
001101101010011111010100000001000001111110000001010110111010000111100110100010101110100010010000
111000100100001110001001010000110000010101010101100001110111100011111110110000001010011010110000
111101100110111001001010000100110010011010010101000111010000101000011101101011110001100101000001
110010111111000100000011011001101111011001001001101001100000011011010110101111011011110000011010
000011111101100110011101110100100111111011000101011000101111011011010100011010101011111110000011
001010010000000000011111010000101000001111010001101100100100000101011000010011100100111011111110
100111010011100010100000100111111110110000100001011010001011000110000011010100010001011101110001
100110101001001100101011111010110111011010100101001001110011100010101000001000011111101111111000
101110101110111110101100100110100001111110011011101111111010011111001110011100000001111101111001
011100111010000000011111001111100011101100110011000111110100101101011011100001101010111010111110
101100010000011111111001111001011100110001010011100111110000101011110110101001011110100010100000
111001101110000110011101010100010110100001110101011001111000101010100000111111111000110110000110
001100000010010100101101111111110110110011111011011111010001000110000100011111110000100000000000
101000111011100010110011001010101001111100001100101101100001101000010110001110011000111111110011
010101111000110110101111001001100101100010110000110101000000011000100100010101001110011101110000
100010001001010110000111100100111011001011001010011110100101001010101101110111100011100001011011
111100100001101111100110001000010110111111000001001110110110011000001110011101101110111101111110
111101000100000001100010110000010100011000111000001110101110011101011000111000011000101010010001
100101010100111011101101100100100101110110110011101011110110101101111100001000001110010000011011
111101110100101001100010011010110110011001100001010011100010001001101101111101010100000110000111
101110110101110111101110010111110111000100011110001011110010010010111100100001011100100000010100
101011110001100100100000110011111011111000111111000100101100010011000011001001010100101110101011
101111100110111110101110000110010101001101011111101010111110101100001101100101011001000000101100
001000101011110110010111000101000110010011110111001010010010101011111010011100110100100001100010
011000110100011001111011001111011110101101100000011100010101011001011100011111111111100010011100
101000101100011100000100010101100101000111100000011111100011001011101100111110000011100110001010
111101101111101101100101110000110111100011001100011110110000000010010000101111111000001110101101
100011110101011010011010111111000100001111101111010100101101101000110010000110011111100111111110
101110101110011100110001001101111010100100011110001010111100010100010011000011000001100111000111
100001110011011000000011010100011111101101111000000101111001101001100111100101010110100111111001
001010111101011001011110110111011000101011000010100100101101110000111110010010101110101000110001
010110111101000011101101000100100010100001111111111000001011010000111000101111011011011010100000
100110000110010000101111000001011110101001101000010001111000010001111011100101010000101000100101
011011101111110100010000110001111010100001010110100000111000000100100100001101111001000001011000
111111101101110010100011110000001010101111010100111101001111111101110111110111100101000010010111
001011100111011011010100000101111100001010010110010100000010110000011011001110000100010011001110
000111011101011011000100111010000000001110110100011110110001010110110001010111100100000000101011
000001110101010101000101111101111000010110100001100100101010001011110111001101001110011111010111
011010011111101000110101110011001110010001101000000011001111111011111010000111001010111110000100
001110100100010111110101001110011110010110011111100011101000101100000000101011111111011100111011
000011000110011011100000100000110110111011011011101001111101011001011000011010011101011110011111
110011000111011000111001101111100011001110100110110110011001100101101111101100110101110100001100
110010101001001110011100000001101101110000101101010111111000000011010101111011011110100010101101
001101010100011110011001001110100010111100001010000111011100010100101111001001110110101101011011
001010000100010011010101101110111110011000101111000000100001010101111010111001110101011001000001
011011000000100011011110011011011101110010011111010100111111000110011100110110111011110101000100
000111100001000000111100111101010110010000110011100011110100001101011110010110111101000000110011
000001011101001110101101010001110100101100010011111001010010010010000110010000111010011111000101
101100110101001110111000011011100100000011010100011001100111101101011000100010000001001000010001
100110110001000000111000000111111100100010100010011110100100100010000111001000111000010010110000
001111101010110000110110101101001001110001001001101101100011100011011111110100101000010110000010
000000000100011101110110011001100100100011101010010011011011111010110110001000101001100101100111
110100101110100101101111101000111100010001101111011011101011110111111100110001100001010001101111
000110001010111010010001001100010011101011011001100101110010111001011100001001000111010011101001
100010001111011111110010111010100000110101000100011111010011001100001000000110010111001000000111
100101010101011011110101110010101000010011010110000011100011001000011001000010110101000110001100
010001010101010101011111011000111101111000101011100010000110010001101111111000000111010000111111
101110110010001101100011111010001101000101111111111100000001100111101010101001011000011001010001
110001101000100111000000000011011010100111101101001010100111101111101010111010101000101100101001
