001011001010110010111111111001100001100011100110101001101001110110100000001001110111000101110100
010001010100011111101010100001000010001110001000010010001111100111110110000001100011100010010000
101001010000000110000000100010010101011011110011000011111001100100101000000010001110110100001011
110110110010011110111111000000101010111111100001110111001111000000010101111101111001100000101110
000011101110001111010001001010101110000111100011001101011101110010001111110110010111101110001001
101101000010110000100010101110101101000100011000111001000011011001000100001001011011100001010101
011000100000010101101001011000001101001011101001110101011001010010111000001001000011111010100101
111000010100001111001101011010000110111001000000100011000101011000010100101101110010110010110110
001111011001100001101001000110010001001010001110011101000000001011011100001100100111110101001001
001100111101111011000001011101100010101101011101111000001111010001110111110110011010111101100100
010010001011101010111111110011111010101010100100000001000011010011110010000111101111101001110110
001011101011111010100010100100100011011000010100010100001001100101101001011111110000010011110010
100100111011011011100000111001010011110000000111110110000100001100111111000101111110101001000011
101111011100111111010111000010111000101101101101000111111101111111100001100000011001110000001001
011011010111101001100110011100111111001111111101110010010001000111110110000111001100001101101010
010011000111010011011000110000100011010000011101100111000100001110101111101000110001110000110011
101111000001010010000000101001101010000101010101010101001111010101001001100110000010001110100110
000101010100110111111111000010111100100001110101110100011001101111010110001010001110010011011110
000001010001011001001011010101110001100101000010100101111111011100101101001111011101100011000111
111010111000000111100001110011101100001100101100001100111111011011101100100001111000111111110111
001100101011110111100010101011110110000101110110001010100110000101010011010101101001000110001011
111110011010011111101000100010000000000000010001001101000101001010110101111111100000000110011001
011000111001011101110100111110010001111101101110000101001001110000000001111100001000101010111110
101111011000100001010100010100000001011010111001110011011101111101000001101001001000111001101010
001111111100101101110110110010010010000001001111010110001100010101100011101011000011000111010111
101011001111101100001001000000000011000010101000000101010110111010000000001110101111000111110010
011001111100010100000101001101110100010011011000010101000110111110110011000010111101100001011110
000001100100101011011000011111010101000001010101110110101100101010111110001010111111000010001110
100101010111000011010101101001100011011001011110000001111100111110001010001000110110011110100000
010101111010100100110001100010100101111110000001110011110010000101000110111110100000010101111001
100010101100010101111000010101000100101101010100011000011010101101010001111010100000010100101111
100010000101001010000001101010010110000010101110101000000000000111001100111000000100001001000101
000101111110100011100010010001100101010011001100110101111010011110010110101000101010011010101101
111010010101001111101011011011001111101010110100100101001110110111110111101001110001010110110000
100110100011001110111001000010000001101000011001001010010101011100001100110101001100011110000100
000001110101000000100011100100110010110111011101011001010011010100001100011011011100001100111001
110101010000001010110010011000011111010110011100110100100111111000001000101000100010000001100011
111101100100010000101111100000100100010011101100110010011011001101001101111100110010100000110000
110010111111111001110111001111111010000111101010010111011011001110001001100000011110011101010111
000110100111011110000010011101011001111100000000001100110111101110101110011111100101111110011111
011011000111100100000000101101101010000111001111100110010001100011101001000101010100010000001110
111000101111010000000101110100011011010100101101010110001010110000110110010001000100101100000101
011111110010101011010000111001110101000001111101011101110001110000001100101101100100010011000001
001001001101001100101010110001100010100011001010111001100110010010000010011100110111111001001100
101010010111111001111001000110010101100010010100000101101011111111101110001110011001001111100010
001110011101000001010010000001101001111111100000000111001111100011110001101000011010110101111011
011010111101110101100110101100000110111000000100001011000101000111011011111100001000101001011101
010110010011101100101100110100100100000100010111100101110010010000011101101101111101001100100000
010010010011101011110011001011110000111011101011110111110111111010011100010100111011101110001101
001001110010101010010110100001001110100110110000100011011100110111000101000111111100000010100110
001100110000111000010000001111111001101101011101100001100010010001001010010001101110001010001000
010101100001100111100010110011101101101110110111010111001010100001001010100111111110011011001111
101111111000100000000110011100100110100110110001100111100010100101100101100111010101111110011000
110100001001000000010001001111100000001001001111110000111000001110110001101000010110111011011011
101100011010011101011110110111101011010101101100000110010011101110110101111101110110101000110010
001000010111011111100100111111011000111110111011111000111110000101100111111101110001100101011000
110010100010011001100100110011100100010000010111001111100101100100011110011110011110000010110101
011010101100001100111011110100001111011111010101101111111010001011001010101001001000001011001110
111101100000010101100110110001000101001100110110010100000001101100110100110110011001011000110000
110100011110110000100110011000100011111100111101101111100110000100111011100000110010011010000010
000011101011110101000111110000100111010001001110100011011100000111100110000000100010100011011100
111001110010001100110101111010010010110100111011010101010000001110101100110111011111111110011010
101001011001100000110001010011011011011101110000011001101011100101101001110100010111110011100111
110111100001010010011000010111000101000101001100000000101000111111001011110100011010010110000001
101110011001011100100010111100000001000001110101110100010001000000010110000110011001001011000111
010101000110101011110001011011101110100010110101001110101111011101001010110110111111101000101000
111110100101010000001101010011001111010010111001001110001000111111001010100000011110101010110000
011000000101011110111010000101000111101001101110111010100101111111110111100101101011110000100010
010000110100101110101100011111010100110011110100010010011111011001101110101010111011101110010100
101001000100011010101000000011000101000000110000010011100000010110011011111101110110111111011010
101100001110010101000110110001100100111000001100001000100110011111101101001110110010010001011101
110101000111111100110101100011101000001001000010000011001111011101100111001001100000100100111111
110101100101111111100110111000010110101001011010011111000010111100110001011001100101000000011011
011000111011000101000100000111100101010100101011011000000001101110011101011001011001100100110111
101100101110110001110001111101100110100100101011111010110101100100000110000010010000010111011000
111101110001101101000100001111001101001101101010010000101011010011101101000000100001001110000000
111011011011010100111001110011100010100000001000010101010001101111001111111101000010010101001010
000000101100101000000111000000111001110110111101100110010101010011001001000110100111010000010000
100010001011100011101110111010001000011010101111111111001110110001011010100001001010011100000100
001001110010001110011110010001001101100101011110001110001101101010101001101100101100001111011010
110110111101010000011010101100100101100100111110110101100000101100100010101000000111001110000000
000011111110001111011010010101000000111011001011000100111110001110000000110100011110000001010010
111111000100100001010000101000110111000011111001111100011011001111110011110111101101101011011000
001000100101001101111110111110111001011011010100101101000000001111110011000000101100011100001001
000001000011111111100100100101010000001010101000001111101011101110101010000001101001010000101011
111000101100100000010000100011110110011010111111000001111000101010000110110110110101110100111111
000111000011100111110100100100000111100000000101011110110101010100111111101101010110010101110000
010111111000010010110000101110100110010110110010100110100010000101000100010110111110111100100110
011001100111110010010100100111001110000101000011101110100110011010011010001011011110011100010010
111101101011100110110100101010000100111011110100100101101000000101111000110100111001000110010100
011101011101001110101101110111011111000010101100001000111101101000011100001001011011111011011110
101101010100111001010110001000110110011110110100000001010110111110001101100000101100010110110110
101010101000011101100011010101101100010000110001001110011010010111000011010001010111000011110000
101001101010001100101100101110100010011011101100111100100100001101000000111011000010010101100110
101011010010100111101111000100010010111010111000100100110000101100000000010011011011001000000011
100110111011001111100100010101001011101100111111111010111110011000100100001111110010000111111010
001000100111001010110110011110111011011101100111011111110011010111111001111010101010001101100010
101101000010110110101010010001111000110000000001111110101011011011100100010111001000110001101000
010000110010011011101000011010010000001111000010000110110010111000110011001110001110110100001101
010111111110100000110001010011001110011010111110111011111011110100000000101010011101010001100110
111010110110111011110010000011011011000010010101011111000101101000011001110000101101001000000110
100000111100101000001010000100011000111001010000100011011001010101111110101110001001111100110010
011110010100100101011011100110101000100010110010100110000101100100100111100001101100100111111100
011111110000010001000111111000101000000110010111101100100010010111101000100001101111100010100101
000100101000011000110110000000001010010000110001001110011101010011101011000011001011010111011011
000011010010011101110011000111101000101100000110001111011101010110111011110100100010011110100100
001110100101100110001101011100111111010100111001011100001101010011101000010001000000111000000100
110011010000100100100001101111101101101011100011000110010111101111101011110000000000100010110011
000001000011010101000000101000101110111010000001111100100001111010001010110001011110000110000100
011100010110111011010111111010010101101001001001101001111110111001000011101111111010011001100101
001010001000010100110100111010111100000000100100010000100001110100100011001001010100100011000110
010011111000110011000111001000100110001110011001001101000111010001110000110110100111111111001011
010111110101011101011011110011100101011000011011110010111101100001010001000010111010110101110001
001000010101101001110101001101100100000000010110001011001011110011110100010000100101011101110001
000111010010011110100010010010011010010011100011001000011010110101100111000101001100100011000010
011100101011001110010110111000000100001011011110010100010000011010011110100010001110001011000101
111101001100001110100101000100010110011101011101000100100001000100100000011011100000001000011111
100111010110111001000010010110111000101011100000010001110011000100101010000010001010001010010011
001001010101011100111000000010110111111101001011011111000111010110101101011101111110110001110001
101110001100100100001010101000001111111010010011010110010101111101001111101000010000000010110011
110110100101101101110011001100100110111111100001111011000001010100000010010000101110010000100101
101010011000001100111101101000011000000011110010111100000001101100000010111011011110010011110110
101101101110101100011101100000011110001110010111101001010000011000011001100110001101101010101100
100100000011011010010001010011011110001101011010110000111000010000101100001100000010011101100001
010101000011100001101010110011110110110101110110010001000001101011011100000100110100101011000011
011000101000001010101000010101100010100010101011011011100000111110111011100001011000111111010100
001111000101100010100011100110100110100011110010110010100000001010110010111101001000000100101111
001100111000010111100110001010111110101101100010111100010110110000011110100110101100001110001001
101100101101111100011100101100111001010000110000011101110111001011101100010011100001101011100010
110101100010101101001011101011100111011111100100011100111100011000111100111100010000000010111011
000111111101011010000111100110010111110111100011000011001111001011110001001000001011000100010011
011101100001111001111001101110111001010000110101111010010100000100010011101001110010110111000010
101110110011101000100110110100110100100011100011010010011010110011101100001000101001100001001011
111011000001000010110111000110011101000110100101001111100100101100101101000000111010111011111011
000100110011010010001001111110011011110100000011111100100110100100101110010100001011101111110111
000001110101011111001100001100001111110000001110111000000111010000001110101010011010000111100111
111101100111000000011101001100101101110110010001110010101111011011111010000001111011001101110001
000000111100100001001101000100010000101100110100100111110011011011100100100100010000010000010111
000001001101110111011101101000000111001011000111111101001111011010101100010111000101110010001101
010110011010011101111000111101111101011101111011011100001101110111010001110011011111011100001110
000001101001010101101010110000110111001001111110000000111001000101011010100000011110101111000010
101011110100101000110101100110110110100100011111001101010111000000011111110111001000000010001011
001000110000011001011111010110111100011100001001010100010010001001110101001000110010101110111000
001001011011001101000000010010001001001000010001011111011111010010100001010010101111100110001001
111101110011000011011101010011011101111001111001101011000100000110011011001011011010100001000011
010101100100011111100001101001011001100000110110111110010011010011110101100010010100010010110001
111000011101100000101010010111110010100001011110011111111011010111010000010101001111010111010011
011001110100011010010101011011001101110011010111000100010011010010111110001111011100010101100010
101010000100000101011110101101111100000001101111011110101011100110000000111111111100101101000100
110101100100111111010011010111001010101111101010111001011010001111010100001110010000101110111001
101110011100001001011101100000100000101001001111011101110101011101011111100011111011110110010001
110000111011001001011111101100000010000001101101011100101101010010100100001011001110100001100011
011101000111010110000101010111000011111001010000001101011101101000100111010001110101100100010110
100101001110111001000010101001011101011110000011011011010111101000001101100111111000101101001111
110111101110110000010011100111101011000100111111001111110010110100101110000001011010110111010001
000011000010010011110011010110111110100010000001110101010010001111000111001000011100100010110111
110011011101101010100001001101110100101110010101011011011111000100011100110111100110011001110001
111111101000001000011111100010110110000000101111001101100110001000000011100101001010111000001001
100011101001010010001010000010100011011011010110111000000000000001001101111010011011100100100110
100000111110100011001010000010011011011011010001010111000111111100011001011110010110000001100000
101100110111000001110010110010011101001110000000111001111101111001110101100111100000101110111101
011100001001010000000110111011011111011110111011001110000100000011000111000101100101110111011110
101010001101001011100000101100100011100110001110001110010101110000001001100000100011001000100011
100101100100111000100000000011000111100100001011001011101110111101110010010001110010100000101100
100001110011100110011110100101001001110011001101000010011010101110001100010100011110111111001010
000100110001111010000100010001111001110010101010110101011111100110010010100011000001010011011011
000101000000010011001110101000001101110000100100011001110010010100001000000011101001110010010100
100100000101001101110100110011000010001001010000000101010010001111010010001111010011101110111010
010100001001001110000001000111100010011001101110111110001001111101010100010111001101111100101000
011011011101100110100111001000000001110100001100100100000101000111010011000110011001111011011001
000010100010000000011001001011111101110010100000010000000100100110100010100111101001111001100001
111011110001100110011101001010111011100011110100110100011001101110101010000010010000111011110011
001101000011010010000101100001000100011110011010100011001110011110100011100000000100111001100010
100011100000101100100111010110010001100001100111010011011011100010001001110011011010111001011000
111110001101001100011110111000111000111100010010010011001101001111001111001011011111100001000000
110010010100101001011000000010100011101111001110110000111101001001011000001111010011110111010111
001100111001000100001101110000010001101001011000011111110000010111001110110111001110111000110111
100111011111101011010000110111000000001100100011111000011110101111110010111110000001110010001001
101110001111100110101001111011101110000100010011000001010100001011011111010101110110101100000110
010001000110000001100000010000000001100111101110110010110111001100101001100110000101100100111110
111110011011011000000001100100110001101110001100000010010101110111001011010010011111000110010001
000001110011010000011101000111111101110010011000001011101011011111111011110111110100110111001110
111101001001110110101011110110010010111011110000111000011111001001100111001100011101111000011011
011000111011001000000010101000001010100111110101010101011110011011010001101101001111110110100101
000011001101010010101000010111001100010111011000111001001110110101011010100001001110101101000000
100110001001001011001000011110001000011000100010111101010010101000000010000001011010100011000010
010001001101010101111011001110001101000000001011001010010100101001010111000111010001011101101100
100011010100101001011011000000111010111010100101001011111111110000010111111010001111111100011110
100001010001001010100011001100010100100000000110000001010010101110011010000101101111100001010110
010110000101011100100111111101110100101100110010000010101111100011000001011100101001001001101101
001001001001000001100011100111101100010000010000100010110000010111110000000010011111000001111100
100000100001111001100011011010110101011010010110110100001111010010010010101101010100101011010101
100011111100011000011001110111110101010111100100000111111000111001110100110000001000001111010111
001011100111001001110011100000101110011101110001001100100111100110001000101010010110000011100111
101011010110111010000100000111101000100111110001110011110101100110011100001110001110111111101001
010101000101011000111110101110001001111001111110011001101010101100010010100001100110111110110001
111101101000111111001000010111111100010100000001100110101110010011111010110011001010000010001011
001100000011110000100011001110111000001000010011101111001100000001001111010101010001110111101101
010001010001000011110111010011011100001000101001011000100110001011000000000100010010110111111101
000001110111100000110011010101110011100111110011110100000111011101011010011111101101110111100010
101101111111001010111000110111111110111011111101000010010111011011011000001000101000110110101001
010001111100001011011111101110000110001000011111000100101110111011101001111111101110011101000010
000011110100010110111001101011010010011011100101010011101110101100111000110010101001000011110111
110110111101000010101110111111001001101001000011100011100000111101110101011110100110011100100101
110101000110000011110011010010110101101101101000100000101001011110100100011101101011111000011100
011110001011000000001110101011010110111000100100010010101110001110111101011101111001010101001010
110101110010010100111001011010001010110001100001100001111110110010101101111010000000010110000100
000110101011001000010101011110011111100101101000001111000101100111101111110111011011110000111101
001011001100111011101111001001011101011000111110100101000100100101111001100111000001001111110101
100010101011001101010000101110110001010101100001011001111110010001011101010110011011011101101110
010110001101010101110000111001010001001011011001110100111111100010111011000000101001010000011111
001100100111001010001100110011000100100011101010011010001100011001000101110110011010011101010110
000110011100111011111101011000000100111110010000010111011010000001100010000110011101010011100111
101110111111110101110010011000101111100001101000011101110101011110111111010111011000011101011001
101100110000111001011010011001101101100010110110011000001001010101011011000111100110111010100111
001100001110110001011100110111101110010111101011110000110110010001000100101110111100010000110100
111000000110101011100100100111011010100110100011000001010111101000101110100010011100100001000001
110101110111011110101111111111001010011000111111111011101101000111010010111011101001101010110010
110110000011111001111100111111001111111111101011101110101100011011111101100110111111101111011000
011100111000110001110010111000110001101001011010100100001110010011111000011010101111001100001100
011110001111000000001001110011111010100110001001100111001111101110010011011011011011011111011011
000011110100111100100100110001101001001000010000101110011011000100001101100000010000100010011101
010011010010111001011000011001000101011010100001001111101111001100101000110111110111111001010010
000111001010100010000000110111011010001100011001000101000010000100001111111001100101000101101101
010100000001010110010001101101101011011101110011100110000100111110010110001111111111100100101011
010111100101101010100100000101010100100110000101011010011010000110000001000100010011110101001011
011101110010010100011111001111000101110011000100100000001101100100000101001000000100000000011110
100011111010111011101011010010001110001011110111110011000111010100111011111010100001110100001100
100100001101110000010000010000000000010000101010011111101001101011001111001100101011101110111011
011101101010011000100010010000110000111000011000010000111100101110100010011111101111000011011101
101001011100011101111111101101000100111000011010001100100111101011110010011001101000100001010001
011000100100011000101110011100110111001010111110000000100001110101011000101100000110011100010000
111000100001100100101010010011001110110110110110011111001011100000101110111001001010100110001011
100110001000110011001100101010101110111011011010110111001100000001001000011010001001100101110001
001010101010100010100111110110101110110001100000110011100101011100110001110011011111110111110010
011100000001010010100010011000101101100011111100100000011000001110011010000111100011010111011000
001101101111100010110101001001100100111101110110011101101001111001100101010011010111110000101110
000011101000100100000110100010001000011100001110110011110111001111000110110011111001101111110000
011100010000000010101110001100100001111100000011110000110111001001101101110001100001001110111100
010110000001101110100111001001011110110001011001010101111001101010000011110110111010100110001101
110110001011011001100101111001111010111011001011100000010011001001011100010101001001000111010010
111101001100000010100000110101011101010101111001000010011010101101001111110010011011111100110010
001001001011100111000100011001010110110011000011010100111000010111001000011110011011100101010001
000001011100001001011100101010100111000100110100011100001011010101110101000101111110011011101111
110110110101111011011111011101010110011100000101010011011110110111001110100000100111011011001000
110100100001111101010111000101110001110100011010100101111001001101011110011100011001100011100111
100000001001000110001011001000101100101100011001000110000110000101111000110100101110000011000000
011000001011000001100111001111100101100001110010111100011011010001011100101011100010001000110110
101001100101011001001011100001110101111100000000101000001010010010011110001010101101110101111111
110101011011101101001100100010010011000101101110000100000000000100110000001110100000101010110001
000001100010010001100000011110000101101100010010010010101001001110100111001111100111111001011001
110100100011110101111100010000001011111001000000011000100010001111010100110000111001110011011010
100111010100001100100000010110011110001011010100111100101110101001011010100101111001110100100111
111100100000110000010100000110010010001011010110100000100011000000110111111000110101011011000000
001011111001000011111111110001001001110101011010101111111101101100011110001101111001010010000100
100110000001110010010101100011100100010010111110000111110000111010011101001001101101011111001100
101010101001011110001000101110011011101100101111110010011100110100111111000011101111011010011110
010011111010011111100010001110000000001111010010100100010111101001000111001010100111001010001001
000011000000110010011111110101110110011010101110110001111111011011001110111011111110001001101000
111011110110000101100001101100001100001000100111001101110100111111001001111100101011101010001100
111100001110101000110111101011111001001011011100110111110001011110110011100110111111100000110110
100100100100110001011101110001000101101011001100111100111100111011011010000111101111110000011100
010010110111011111100010001100101011101001100100110010011010110101111010010101110000111011001111
001101010000011100100101111000110101010010111011010010110010000000010110100011011000001001001011
001010000010001101101111100010000010100100000010001011001011100011101010011000101010100001101010
001000111100100000011110000001000001110110101000100100010001011100010111100110011111110110011010
100011101100011111111000111111011110101101111011010110011100000101011001101101110100101001011001
001000011100001011111101011001011101001011101001101100010111000000000001100001000001011101110111
000011111101010100101100010110101101110111001010001111000100110011011111011101111100111001010011
100010010010100010011000011100101010101000101011011001111100011011010001000110100001000000111111
111111001011000010101111001101011110000010001100011001001000101001110101110110100011001101000001
010000011010001100101000010111010000100111011101000111101111110011101100000000100111010100110111
011111010001110011100101110100001010110100111011011000100101001111001101010011001010111111010011
110001110110100010001100100110000000001010111100110101101110110010000110001111010001101010111111
110011101111101000111000101000111100000010000010010110100001111010110111000000110100011001000101
001011000010101011110111101110000101001001011111110010110101101101011100110011010111111011001111
001101100100011111000100110011001111001100011011001011111000010100001000011010000111100100100000
010000001101001010100100011110110011010111110011010100001101001101100110101100111010111111100101
001001010000011100100001011000000000110011110011110111111111001001111111111100110110100101100110
100010011110010001000111001111011011101101111101111000010001100111000001000010011001000000001011
111101100000111101110111010011000111001101110010100001001110010001101110010100001111111000011111
000101000000101101011100110111111111100111011101001110001111000111100000010110110001110111000100
101011101111101100010010101001101001100101101111000010110000100101001101010010001110111111011111
111110111010110110001110010110110000000110010101110010100000000001111010101110110111110110010010
110000110100011001100000101011011110101001001000000110111111011111110111001101000000000010011011
110111010001100001110011110000011111010000101111100010100010001010110011110011001001011110010111
111001000001100110100011001011001111001110111000010010000100111100000001011100110111011001110011
011111110010010001000010010111111010001100001101101010101000001000110101100111001100010100110111
011101111100111001100101000010101111110100001100101110001111110010010101010010110001100001111011
000110110111011100010100011001001111110110010111111111000010100011111110001101000101111010110001
110111000001000100010100011011100001011001011011011011001011000010010111000100110110110111110010
100111100100101111011101000010000011100111100000111000011001010100111111100100101110001000110011
010101000011100111110101000111101110000010001010000000000111000111011001101000100000110101111010
001011110110101010101011000111000011110111110101000011010011010111001000110011110000110000110101
000001100111001010111010000001110101110000001101100011010100110110010110011010111101011011110010
111110111100001100011110010100110111111100101110010000010100100110000001110110000110011001100011
111101001001100011101001100011100000111111101101010011010101011111010000001100011101000110100101
110110111110100110011010101010101110110100100001110101000100100110001101010011111001011011110011
101011001011011000001111001100000001011001110000110100000110101101101100111100011100010010101000
001101011000100011010100101000011000100001100011010110100100101100111010111100110101110111011111
101101001111010000110011100010101001110010011101011101101101011101011001111000011110111111001110
000101100100000001000000011010000001000001110110000110000111100010101111010010010100111011101111
111111110001001101010010101000010100010101111111001110110001100011101111010011111101110001001011
011000010100010110010110011010110100010100111011011100100001111011100101001110011011110001111011
111001110001101100011101001111110110000000000011110101100100010011110101101100110001011101111111
100111001011010000001000000110101010010011101001001001101100010110100111000111001111000011100000
011010101000111010000110100110110100110010101000110111010110101001101100000101110101000001100001
110010000000001100110110011100001100101010101101011001011111111101100000110100001110111111000110
110101010101110010101100010010111010111111111000001001101100000110110011100100011110000011011000
101111001010011111010010110111101110001000110111111010010100111111011110110111000100000011010100
111010101010011011101010010000010000100010111111101010011100000011110110100111100010000110000001
100011110000100111100100110111111010101100010011100011110111001000100011000100110010101001000111
101011111000110001101010100010011110001100001000101010101011001111001010001111100010001001101010
011011110110001001101000100111000110010000101010000011101100111111001110011111010101111101010101
100100011001001101100110110011110110010011010001010010000001001101011010111010000100100000110000
110001001110111111110000000000100001100100000010000100110100011111101000100000011101011100000001
011101101101001000101001010011011101100010111110100000001110111111000100110101010101011101010101
010010010100111110011001111001111000100011011001100011110011100110101000110110101100110000000011
101111100111001110110001100011111110000011101000001100101000000011011111101110011000010001010100
001010110111101001110011111011100110101101100001010011111010100101100110010100011000000010110110
101101000100010101101111001001111000101010010111101101101010010101011111111001011101101111101110
111101110101110100110110000001001101011110010000110011100000011110101011100100110000111011001011
011100000111101101000001101001111011011001011001100101001010001111001101100101001011110000110111
111110001100011111111001100010101111001000101001000000000011011101011011100111101110110001110011
110001001010001010000100111001111000011001010100110011001011110010111101100101111110100100000100
101010110001101110110101100010101100011111100001010010000001100111010010001000010000000010011100
100010100101011100000110000010101110000011011100101000110111011000010001110110001010111111010100
100010000100101101111011101101011100100101111111111001001101101101001101100000111111100111010000
010110001010101100101101111101101110010001011011001011110111101111001011110101010010011001010111
001001010101000101011111100101011011111010101101011011110110011001110011001011011000100101001011
000110110001011100100111100000011100100100010100111111010011000000001011011111100000000011110101
101010000111111000111100111011001001010101010100011101000110001010010001110011010111001001010111
101111011010101010110101100010000110000110010000011111000110101001101000110000001001010001110010
001110100111001010111111111110011101110111110110100110100001111101100010000100100010100000001111
101111111100010111101110101000110001000001101110011011111101101011101110101001100100100010010010
001011111110001011100010101111111011001100100101111100011100000101111110010100001111110110110101
101100010100101011000111110100101010110110100001000111100110110111111111111111101101000111110100
111101110001110101110111100100001111011011000011001111111101011000000011101011100001000111101100
110100111001001110111111111001110000001110100100100010101110101101111000101000011010101111000010
111111110100101000011101010110111000101011101101000100100001110100010110001001001100000010001000
000011100010001000000000110010110111000110110111011001101101001001000111110010011000111000010100
011100100000000001000101001111111111100100111100110010001111101101011001001111101101000010101011
011000001101011110101110000001100010001001011111111101011111010011011110111111111001100111001110
110011110010011100100111111111100010010111001111100010011101111000110101000011111001001111010010
000111000100010000101110100010000001010011000111101101001100111010010110000110100101110000000010
000101110011011111010100000000001111100000001011110011110001001011100110111101100101110110111010
110111110010110101110001010000111111001111101000111001010100011011100100100111001110101111010101
100001110110000101100111011100001000001001101101111101111001000110010100000101110011010010011010
010100111100010101010000010000110010100011111100101001010100100101010101110100110000000110010110
000110000101100100010001010011010110100000101100011110000000001000111111001001101101101000111000
000001110101111011100100001000001000000111100101011000010010000101011001011010111001101111101011
100101101000011110100000011001110000000011111111110000001001010100011000111111010110011011101111
001101000001111010010111011001000011100001011010011100111110000010000101110011111111001001100110
011111110101000011010010010010010101000010110011111101110110101100001011010100001110011001000011
011100010001110101111101010110110101110011100100000100011100111001010001011011111011000110100111
011001000110100100010001111111001101101110111011111011001010100111110111100111001110110100100100
010011100100001000111010001011001010111110101101001100010001110101010011110010001101011000111111
000100110011101101001110000010001110010100010010000111001000011001011101001011110000111011000011
111001110001010110010011010010010111101000001110000110001111110010000101101001001111101100101101
010111101010001001000100111101100010110101110011000010010100111001101111110110110001110001001100
011111101101111111000010011100010001110010110001000101010001111001010010010010101101001000001011
110000010001000101101010001010100010011111100100111011111010001010010010111011000010010101110011
000011011001101111111110101101111011100101100111110110000001000110010010101110010010101010101101
001100101110110000001110110110100011101000011110010011101001101111100100100101110100000001100001
010110111000100111000001111001110010000000100100010110111000111001111010111001011001001100001010
100000011011100001010110110110101100110000010011011010101011001101000010101000000100110100110100
111011110101111100011110010100101011000001100100011101001001111001100011110100001110101111000010
101101001011110010110000000001111001110110111000010010000011100011010101001011100100011101000011
011101000111110101111001010100100110110011111011110111000101100011100000101100110000101111101000
011001111100110011111111000010000111110000111010110111010011000001101111000101010011010000001000
000001001110110101101011010101011111110101010000100110100011000100001111110010001001000010100101
010011011011000001110110000100010000111111101110101011110101000001011001001111000000011101001111
000100011111011110110011100010011001010011010101011001101110010101011110101100000111010000111111
100011101010101100111111010110011010111100001011101101011100111001000100001111001010111000011100
111001010001010010011101000101111101001010010110011111101010111000101100111000000110100110100000
011010011011000111101010000011110010001001101101000010110100010111000101001010100001001100000100
101100010001011100011101101000000000101100001111010101111111110101011000101100110010111000011011
101110011011011110111001110110110000000101110000100100011111010101100001101001001101111100100100
000000101111110000011011110011011101010011010010001100001110101111000100010111110100010101100011
100001100100011101001011111111001100100101011111000011010110001000010011111100111101010101101000
000110000010110101000011111110111011101010000010000111100010110011000101110111010000011100101111
101011001001001001000111010000101100010110110011001110100111110001011001001011110101011000100000
110001000101101100000001000110001110110010111111110101011011101001111011000101011100100110111110
010110100000101000111101011111011111100010100001010101010110110001101100110000001010010110110000
010000110110100111010100011101100100010111011110110101111111101100011110010010011011110100101010
010011100000010000000011011001010100001110111010011110101100100101000011111111101011001110001010
100011110110010011110110100111100100010100101000010111000010010100011010100011011010101101100000
000001110100101001000000011101110011100101100001011100110010001010000110100110110000101001101001
001110001001111101000100011001010001001001011100001100011011011101101011001110011010100000101100
001001001011101011100011000011010011000110001100110110111110010001101101110101110101100010010001
101101110001000111011001000100000111011111000100100111101001101100101101001100001111010100101100
111111011110101110111010011001111110001110100110100000110011001010000111111100101101100100111110
010011111011000010100100010100110001101111000010001011010011001110100011011110001011111010001011
110110100001100001001010011000000110010011110110111010010001001110111010100011011011111100000110
001000101100011001100011100110000110111001100000100111100101100001011110100110011111000011011011
101011010100011110110001001010110010000011110010011010100010000100000000000111010000100111110011
101101101100101100011011010011100000101101110000010100000111001010100111010011001010011111100110
000101001010000001111100100111110001100110101011000101110111100111101010011111111011001001001100
101101011000110110010110100000110110010101011010011100111101100000111011001101100001101111010011
011101000101000010000110000010111000110111100000110010000110011011010001001011010000001111000111
