001000111101101000000010111010111011101000001010100100111110110011010110101101101101100100101011
101100011110110000011001010010010110010110010101000101000111110101011110100011100010111111101110
100111111000111010111111101010000111000011110100111011101001100001101100100111000011110000101111
001001101000111010110011101111000010010011100100001100110111011100011001101001101001000000110001
001000101011010000100100100101011001001110101101001110111100001010001111010001000000101011011111
001010000010100101000100011011100011000101111011111100001000010101111111010011111000110111000101
110011100010110110010110011111111011100110011101101001110110100110001101101000111111100110100011
011010100001001111000010001011111010001001110000110101010100011110111100101010001101001100100000
100010110011100101100101001010100101110000100011101000100010010111010100100111010011001100001001
010000110101110000111000001101010000111100111100100010100110101011010111101101001101100000001101
011111001101100100110001011001000111100111101000100011001111101001100101000011001110011111101101
010110110100100110110110101010011011100010010100111100100111110101011001001101000100101001010010
111000011001011110001010100101111000111000011111110001010110100001000000010001111100000001010110
000011001111100100011000001101010101101111110000000100001111010110110111110110110010001001101111
000001010100000110010100001100011111010111101010111100011001010001111101110011110100111001000010
110100100010110111011010100101100000011110110000011111001010111110100011100010001101000100011001
001101001000000001000100011011111011011111011010110101111111111010100101011100111110100111100111
110001110110010100010101101001111100101001000101110111100111101000111010010101101011011100011100
001001101011011000110001101011000010111101101111101111001100000000100000001010001110000100001100
011111101010001001100111001000011010111001101101000101100011101110011101111110001000001011001000
111011001010101001010001100110010010110010001001101101000001100010000100110100100011100110100001
101100110011100101111111010000100011011101110010010110000000110010111110011011101101110010101000
000101101000110110110011111111100000110010001011000000111000010001111011100010001111010111111111
001001011001001110001000100000110001110011100000100110001001111101100001110100101011100100111101
001001101000010110110010011101011010110011111100100010010110000110011001001000111111110001011011
011000010001101001100000011111011111100110111111000001101110100100111011010100101100000001111010
110001100001101011011100111110010110010100100110100000110110110000001000101010010110011001000101
101111100101100010000010111100111011101111000010001111010101110100110110101111110111100110010101
001001110010101011011101101001111111010100001011110100111011010100100111111000011101101011110111
000100010110111110111101000011100011010010111101010001111101111100110000000001000010100000101110
110001010001001010000110100011000011100001110100100100011101010100010001101110000001110011110000
010011110000100110011110101110001111100010100010001111100011000101101010101010100101110111110011
001110101100000100011100011001110001011111100110010001011000011101010100010000100110000000100111
111001111100110100001100011010001101000110001110010110001001110010001011001000100100101101111001
001001000101001000110011111001000110110111110110011001000000111000111100001110100111111000010001
101100101100101000011001001011001000110010100110001100000011111110110110111110001010001010001001
011101111011001000010111101101110100110111011100011011101010010101010111000010111100100100100100
001001100100010011110011011001111011010101100010100011001110001010100000111010101010101010000100
000100100101010001010011011001001011111001000011111010011111100111110111000000011111000101010111
111011001011101010001101010010001000010111110001101110100111000100110111100011101110010001000011
101100101100100000111001000011010010001100111101110101111111010010101101101011001010111010100001
110000111001011110100100001011111010000111010111110100101000100000110011000000011011111100100001
001011101001000100100100000101111011011011101000000000010110000111100111101100110110010111011111
011000011100010010110101001011000111111111110010011001111010001111001000011110000001011001100111
111011010001000100100011111010011001000101111110001101100010110101001111000111010010001110010010
011010100000000111101001111000001101110101010000111101110010101010110100000000101001001001000011
101011101111000110101111101101000101000000101000100100100110000011000010001110000010111001100010
100110111101101001011000111010110100011111101110100101011100100111000101101010000100000111101110
001010111001110111111011100111011010111100001000010000000001001110110111110101110101100101111010
110001100011010001000001000101101101010111011010101010110011101110001111011000101111011001110110
110000010010101000000101101100000101111000011011111100010110110110000110010100100011111100111111
001001000001001000111001000101011011110000110001010000010111011000000000001001111001100111110011
011110110101111000101110001011100001011001101101011110101011100111100101101110111000111110010110
010010001010001001000001100110100101111100101100000111000101010000011010101101111010111100010010
100111001000001101010100100110001001111111011111111000111001010100001110100101000110011110100101
101010001101001110001100011001001110111010100000101001110101010001101111010001001010001001100111
010000110100110100110010011000000100010110001100011111000011011011101011000110100111001101000111
111011100111010111001011110010001001100100101000100010011011100001110010101011000101110111011110
100001100011111111101010000110110101011100011011100011000110000001000100000000010010110010010011
101010111100101111001001110000001100110001001101010110001001000000011111010000101010010111000001
000000010001001001101011110001010100011001100001100110011111010000000111110010011010111010001111
011111010010100010100011100010110101000111000101111110110110110011011101100011101001001101000100
011011100110000100011010101110000001000001000011001001101101111101111111100111010101010111010010
100101110111000101010011111100000010111110000010111101101100101001110100000101101111010011000101
010101111100011100000000010111010011000000111000010010110101110100110010101101111100000010000011
011000010000101011011001110010011001010011100011111100110011001101000111101111110010101011100010
100110011001100000001101001011000000110110111000011100110100010100010010011010001010111111011110
001011011011101001101001111101110001111010010111110010111101111000001101110111100110110001000000
100101011011110100101000000010010001110100101101111000100000010100110101011001111110111010111101
101101000111111111000100111000110010010101111011011011110001001100010000100101011111011011111000
110101101111011001011110111010011100000101110111110101011010010011001010010000111111001100110100
111111100101010100000011001110111111101100110111010101000010001101100001000111010001010111100111
100100111011001000010101111011001000001000001110001010100101010100111111011011101101111010000110
111100100100011101011111110100101001010010001011001011100001001010100100001000100010101101010110
001001100011110011000100111111101010011100110000001101110110011000100000000000110111011110100110
110100011101011000010111001111010110000101001111001001001110010101100001001111010101001111111101
010100111111010101111000001111000011111000010011001011001001111001011100100010010110000000010110
101000000011101010011010110010010001100010111110111001100001000110010101000101001011011010000111
100110011011111011000000110110011110111111100001111111011010000010011110110111100101001110000101
100101110100101111000111000110000100100100110111110110011111111011001100110000101111101110100110
101001111111010100111000100111001010010110100110010010011010111100111101000101001000010010010001
110011001000000110101000111110100110111001101110100000011100111100101001100010001011100110101001
111000011011001001010100000101111111010001000001110010101001101110010000000000011001101001010001
011001000011100001010111011111111111011111010001111001110101011000010111010111010010001101110110
000010001011000110000100000000100000111001001000110111001100000100110011110011010111100001001011
100001110000001010101101011011110000111100111100010010000000101001000001010000110011001001110001
110111101111001000101110000101001110010110101000000111110000111111010000011000100110011111011111
010110001011001001100100100100000111110100011001011111001101000100110001110011101100101010000010
111001110101010101010100001111000001101110111110001001101110101101011110001100111000111100001100
100011011111111000011111110011011100111111100110011111000111001101001011100100010001010110000010
011101000011010110010101101001000100011010110111010111100000100010000001001111001000000111001001
101011110111111011000100000100000100010101100010101100101101101001001010001110001011101101101010
001110011000011010011011101010110110010111001101011011101000110100100101111110000000100000101110
111010001100110001001011001000101010000100001101100101000101011011110000100011111011001110110000
111000001001110011111111101001011001000000110101011110000100101000110000011011111000100110001010
101011110010000100010011111101011100100001010010010111101100100111011000111011001111110011100001
101001011001111100110010011100011100111000110110110100000000101011101001110100001111110101110011
100010110110011100010011110100100111010100000110010110011111111100100101111100001100011101001101
100100110011111010101111111000010111001001101010100000101111110011010111011000111010110101110000
011100011111010100000001110001000000000101011011011001010110001111101001010010110000110111111101
111111011011100010111110000110000011001100000001000011101001101001011011011000000100001011001111
110011011000100001101000001001010000010001000110011010111011111011011110001011001100111100111101
100000011101111011111001110010100001001011000100011110000101001100011111101010111001100001011110
111110110000001010010110000101011001010001001001010101101000110010100100101101011011011110001101
100001001110110101100111000110011101011011000111101101001101101001011010111001000100010000001101
100111011110010000111100011010101110011111001010111010111111100010001001110001011100000100110010
100111000111100011010011010101010100110010010110110101110110010111000111111010101101010000010100
100000011000111000000000010110110001111101101100010000110011010010101011010111101011110000000010
111110110101010010011010011101001010000111101010101111111010100001010111101110010101010011100100
100011100000001101110101111101101100000110111001011011110000100100110000000011010010110110100110
101101000000100010000110000010100011000000010101110011000000110101100001100010110101101101100000
011011111110011011010000101011111011001110011010101111000100010001100100110111110011011101010110
101100011000010110010111111110010000010111111111011001100001101010011111101110111000100001011100
000000000000110111011110010011101001110100110110000101101011001000101011010100010011101100001101
011101000100010010000100010110010110011111110001000100101001101011011111100111111111111000001010
111100101011000110001000101111011010001011000010110011000100111000001001100001110011101101110001
011011100110111000000011111000100001011001110100101010100100101010001101001100111111001100000111
011101100001001101000001110101111011100110110011111011111110010101111111100101110010101111101111
110100100000010111001110000011111001001111110101000001001100101010011100010101001000110010111100
111001111100010101001011010111000011010001111111000000110110000000000000101100000011101111110011
011101100101010101000110110001110100010011111001000111010111110110000111001000001110001111110100
011000111011000000111100100111100001001001111000100001100100010011110111110010001000111101001010
111011000000111100110000100100001001011000111010110111111100110011110001011110010100111010000000
101011111011001110001100100011011101110011011111111100101011010001110011010010010000010100100100
010100010001011001111100010011001111001010001011001110110000100101111101110101010111100010111010
100100010011100000010110010011100110101011011011010110010100111111100000101100010100010100100111
011001000011000111011011001010000100011111000110011100110100000101101001000011010101111010111100
111100000110001001111101000001000000010001001010010001100111000000000001001100010011001011000001
010000010001010001011111011011111010101000011111100000011111000010101101100101010101001100000100
000110011111110010000010110110111111001111001010001110001000101100111000100101010011110101110000
001111001010101111011100011100000011101110001110101011010101100100001100100000110110000100001111
000011101000110100001111100011001001110011010110000111101101100100000111011111111000100001100111
000111011010100111111100110101110010101100111011100000010111110001110111001111000100101100011000
100101001111010111011000100011111101011111000010001111100000000110001000010110110100010011011011
100000111110110010011110101111010001101011111010101111010101001000001010001110001100110011101010
111001100010001110101100011010101011100110000010001011110100101111000111100010111110010001000100
001001010100000101110000010110011010010111100100111110010000100001111101100011111100111100011100
000010100010100001011110010100000111011000110001010010000010111010101010110000100010101111000000
110110101101000110101100111000111000111010101110101110001010010100100001010000011100100011110001
010011001000111000101101101110000010100110001001100110010101011111010011111000011110011010000100
001010000100110011010100100110011010000011110010100101010010000111111000110100111101101010110110
010001101101100011111100011010100100101110101101001101001100110111000010010111110110111011000010
001110101111001000111100010010010111110100111111100100101010010000110101101110110101111001000111
001111111101100100010101010101000100111001100110000110100010110001100110101100100101101010110011
110011101011011101101001111100100000111011101110011011111010100010001000000111101010111001000010
100011111111000011001110001110000010101001100100100111100101110101000001101010011001110000100111
011000011100110010111110111010000000001101110101110100001101101011001100101111011100100000101111
100011011001111000000001101000011100000010000000111000000001011010100111111110100111000100100101
100000111001010111011100010110101011001001011000101000001101111110111111111001000000101000001101
000010100110100100011110001111010000111100110100101000010110111111010011111111111001100110110011
111100011100011011100100000010110000111111101100111000001111000011111110001011100110010111011101
101011010000000011111001000000001111111000011111111111011001011110000011111100011010001100000111
000111101001011100001010110100110011110101011101010010001100000000110101100110000111010010001111
101000110010000111001000000111101100001100100100100001101010111111011101111011000010111011110011
101101101011110011101000100010110100101010111010110001010001010000110001100100100001110100101000
000100100000111001110000110010111110110011100001111111110001001110111101011110100011111101001110
101100110001100101100000000011110000111110001111010100011111110001000101010110111000010110100001
110000101011110111011100101010011101110010100011011000111001100110000001100101001011110000101001
000000001101100110010111111011110011110011111110001100111001000110101000001000001011111001010111
111100111000010001101110011000100110011100000110111010111001000101011100101001110110111011011111
110001111001111111000000110101111111010110101111010000000110110101111101001111001110110000100100
100111001000100110100000101010010101101011000111110110001110110010101011110100111011110001110001
001010010001110010111100100100100010010000001111000100010010101010001111110101011000101100101010
000000000111101100100010111010001011001010110111100000000111101001011101011010001101011000001101
101100110011110101000101101110010100111010100000101001000110101011000111110011001011001110111101
100111000100110101001001111101001010111110000111111100000110100010110111001000110011110011101000
011010011101101101000001001011001110000101000010111100000111111011001110101100100000010011100111
011001111011101010011101111100100001011111101111100001111110010111010000110011101111001101111111
011111111001010100010001110011111110100101001011111100011010101111101011010111000111110111110010
000011101111111000011111011111010100000101001110111110111000110001010111100111001000010000101111
100001111111001100010101110101101011111110110001001010101111010111010110111000010100110001111110
011100000101001000010110100111100011110100000001010100000010111000010111100001101001110011001000
011100111011010000000111010000011101000010000011110110000111100000011111011111100111001110100111
101010000100101110000100010011111110010001000110000111100110100101010100011011011100000001011101
011010100000101111001111011111110010010111100110100001111110110001111100111110110010110111111111
001001110111111101001010111111011010101000000001100000111101100101110011110111011001111011001110
100101110010011001000110010111001110100111001100001000011011001100001001111111110101110110101001
001110010001011101000111011100000011011011110010100110000100110111100000100111001001001100111110
101011101110010101010101110111010000010010010100100111000110000110110000100000010011100011010101
100100111101000110100001100110101101010111010111011101110001000000011010101001011100011101110111
000001101001001100110000001011010011001001110001101001100000100000011111101010001110101011011110
011011100000100110101010000010101100010101111000110110001100101111100101000001001001011010100101
011011010000101001100110011100010111001101010110000101010010010100001000101000000011111101111001
110011110110010111010001001100001111100100111111000111011110000111001011001100011011011001010111
100110010110111111010110010001111100001110001011000001011110001010101100011010111110101011111001
011001010011110110100110001100000101000011001001111111000011011001011000100001001100010000111111
101101100011010110111001101000101000010010110010101110110111101100110011101111100100011011101010
001101111101111111101111001100111001010100100000101000000000000101010001100111010110010011110101
101111000011111001011011101101001100101110001111011100111111101111001111001011000001000100001011
100100011101111011111100010010001101100111100101001000100101101100111110111101110010101100010010
000110010101100111100100111001001110100001000111010011111010110110011111111011101110011100010011
110100110000110000010011101111111011110100001100010111001011000001001000100110111111110000000001
110011010111010101100111101000011101111110110001010101001101100110101011111010001000000111000011
110111001110111101001000000101001100010000001010000010010000011100000101101100000000000000110001
011001010001010000000001001101010011111001110000010000111000111011001010100101010101100111111001
110000001111101110001110000010110001110110000100001100100110101110111001011000011110010011000010
101001110001000001101101110010111110011010110011110100001100010100011110111100101101100000111000
100110000111110011110110000000101100001001110011110111001000110101100000010000001101111110111101
011101011111010100101111100000011100110010010011100111011011010010111010100001111010011111111101
000010010100001011011010110010101100001000010000110001101101011100000101110001010011010100001011
111111000001011101101010111010101001001000010111100000001011111001000010100100101100111111011001
101111000110110000001101100100111010000001011011101011101111001011010110010000010011000110011001
001000110001000011000011101011100011001100101101101010100111011011011101000100001101011011110100
011101100100111101111011011011011011110100101110011010100010110010000111110100011010010001100001
101011110111110001101110001101101011100011000101110011010101110100100001001110011001110010101111
001001101110000101111000001101010011111010010011000001101100000111101110100011100110000111010111
111111111101111111110110011110001011111001101100100101000111001000000010000111011111101111010100
001111001101010001001011110001110111110010100101000110110001001010011001100010111101110001101111
011011010000111101101010010111100000000100011001011001100110000100101101011111001110011101110101
110000010101101100111101101000101001111001010011110000000011111100011110110100010110010001010111
110001100110101100010000000101000011011111100001001100110100111011100111001000111000001011011110
111101011001101100110100010110000000110001110101001011101010101100001111010000111111111110111111
001001001010001011011010110110010010101000011010001000011000010001110111000101101000011111011110
010010011101010010011111000011110010001110100010100011100100010001101011110010110100100110111001
011100010001000010010011101011110010010001001000111111000000001010111110101110011001010000111000
100010110100100010111001111001110111011010101001000001101000011100110011100000011101010000000011
011010101110110011011010111111100110110100100000010010111100111111110110011101011111001100110110
010101001110000110110100010101001001101011000101001001001100001001001101101000010011111010101010
010000110000001110101011101110011011111000000100111000101011001001101100101111010100111001011100
011011011001101010001000110001101001100010001111110110101111000110111110011000100000110111010000
010001101111000010110001111010100011000001101101100000000100000001110111111011100010101100101101
000010101111010110001011110000111111001101011011110010011001110000111110000001101001011101000110
100000101011001101100011001010010110010011111101100101111111110001001101011101111101001101100111
101010011110001111010101111010100000010100011010100110101010000101101111100011101101111010101101
100100101001001110111101110000101001101011111011101000000101111101110101000001011110001000110010
111001011000010001111010001000111001001011001100001010000111010011100110110110001110000011011101
000101000101001011100110101101101110101100110010010011100110100101111010100101111001001111000011
111100000000001010001011010110110011001000011010100111001101111111000111011101110000010100111111
010101000101100100100001101111110011011010100101010111111101110000010011011010010001001100110000
010011110110010110011101010100101000000101011011000011010101100110110101100101101100111000010000
100111011100001010010100110010100001100100011010000100110001111001101011100000110000000101101011
011101110101011101111101101010111111000111010001011010001000000010110101001011011000000110101100
111111011111110000111010010011111000000111010101001110011111110001111100000111011111001000011110
101011011111101001101100110111110011000000110110010010110111010001010110000010111010111011111000
010000110011000010111111100001010011100011001011010000000110001101011010111011001010011110010101
010101101011111011111011011000000011101000100010001001110000100000111101011001011010100001110101
011011000010010011000011101101101000011010001000010111111110111011010100110101010010100111000101
011011010001001111011111001111011011000001001101001001010010001100111011111110011010010001010010
100000010110000101010000110010011001011011000110001001011111010101011000101010100110110100000111
111111011111000110010110001101010110110111101101011010110000000011111100111110000100000101010000
001011111111100110100101111101010000111001110011010000000010111001001100111001100101111100101010
111111101001111011000110011111010111010001101111110110110100011000110110011001010010110010001010
110011000001100010010101111010100100010101001010010001010100100100001010110100001011001101101110
110100000111110001111100111111010000111100100010101001001011010001000111000111010111000010011000
011010101100100111110011101011100000000011110011011111101110110101101010100111100100111010001001
000001001000111100011110110001000011101000000101100111110100100010001011000111100010111001101100
111101011011100011010011101111011010110011100001000011010011110011110111000111011110100001010110
010100100110001010110001001110110101101111110011100100010111110001010011000110110111000010010010
011100101010100111110101001101110010001101000000100101010101011010111001101111011111111001000011
111010000011100001000110110000111101100101101100101111100000111011010110101010011111101100011100
111010110100011001010000000111111010001010100001010010010010010010001101100101000001111000111111
110100000000000110011111011000010111110111001011000000110110111100101100011010100111000001110100
011101010101000100100011110011011111100110000011011011111000110111001101000110010110011100110011
011010110100011100000111111011000001101100100101000010110001011000000000010001011001010101000101
000011000111010010010011001010101111001111100001001011101001000111100111100001111011110111110010
000010111101011011011111010101110101110100110010111000011010101100110011101001110000111001101011
110111010101000100011100100101111010001110111010101101101001010010110010000101100000011111100000
101111111010100110111100101001001011000100100100101110011110100100111010011000111000100010111100
000100101110000011111110110101001010001000000001101100100010101000011001100101111100010111001111
000011110101001110111111110111101111001010111110010000111010110100011100101101001010110110111001
000010001101011110011010000111111010100101110000101001111111100100010000011011001010001101111101
111111001101100010110110100101010100110111100101100000100011101110110001000000101110010010000101
010001000101100111110110010100011010110001101101100001100011101110000010011111000100010100110010
100110001110001000110101011000100000000101100110011001110010010010001100100001101011111101111010
100000111011001001101010011111011110101001010000100101110010000101001000100001010010101001010000
100110100101001010110011111110010011111111100100010110110101110010100000111100110011101110110011
000101110001000010011110001110100101110111001001101000101010011010000110010010001001010111100001
101000110010110000100010101010000011101001000010101101011110011010101001011110101010100110010011
000000000101001101101010100000110011011000000110001010010110011110100000000101101100010101011000
001011011011010101101111100100010001000101110010100000000110010010101111110111111000100100110000
100111101100010011010011001001110101111101010101011111100100000001111010111101110111100010100100
101101111011000001100001011111111110100000011011111001011000111110111010000000011011111100110011
000010110001111110111000001101011011001010010000101100000110110110100000001000010100010001001010
100001100110111100110101000100011010101001100010101111100000101000100001001101011100011001100001
111111101101001101010011101011111111000100101001110101101110110000000001110010110000001100111001
010110100001001111011111100011010101110101100000011100111010111000100111101001000110101001011110
011011010101110111001111111111010011111001100110101001110011000110001111011001111001101101000100
010101101110001101111000100001111001110110100001010100001101001101110111111010011101011001110110
011111001000111000010001000111000001111001010110010010010000100100011001010101100100001011111101
100001011001110010010010011001010011011011111110011011010101100100100101011100011101100001000101
011100101111011000100100011010011011011110010011011011110000000010001010110100011111001000101111
010000011000111010111010100100001000010101111011001011010000101001011111000000101011110101011101
010000000110111101111011000011111001001110100111110001101001001111100001001000001111011100011001
011011010010010100111111000101010101001001110000101011110101000111110100100000011111010001111010
100011000111100010010111100110000001100101100010111010000111110110000110100110000100110001111011
010000101010110000101010110010011111011100111110010110010110000001111000001101001101010010000111
000101110001111000001111000110000111000011101100111010101001110111000000000011000111110100100010
110101110010010100111110100000010111100111001100100011110110001001001011110100001011001100110000
001000010010100111110100101001110101011001101101001011010001101000100100111100011111111110100101
011010001100110001000010110101100101101110000000101000010011110001100101000111010001001001001100
111000101110001101000111111001110101001100010101100110001111011001011001110110110100011011100011
000100100010010001110110111010101000101101110001000101010101111110010100010000010001110011111110
101110000000101111010010110101011010101100011010101010100000010001000011001101100011000011100010
101010001111100111000110010001101100011110111101100001001011001011111011010100001010110111001001
001111111010000001011101100011000111110111101011000101010110110011111010011110101100111010111001
001001001110111011010010110110001111000010100101011011110000000100111001001000001101111100011000
101101001111101010011001111100111001010110101011000001110011110011000000110011010101000101111011
101111000111010000000111111101111110000000010111111001111100100101011001001011101000010100011111
111101010101111100011000010111111101110101011000011111101110101000001101111100100010000001011001
101111010011001010010010000100101011001011001011000111000000100011010000000110111011100100110110
101101011110011110010110111000110001001111001111001100011010110001010010000110100010001001101010
010110000110000110110111100001110000001000101000101111011110010100100111001011000011100110110111
000101111001001011110010111010100000100001001101111000011000110001110001110001111000000111011000
001110101100000011110111111011101110001101000001000010101111110101011110101111010100110001010011
010110111001100110100111110000110011110111110000100100100101100001110100011110110010100001001110
101000010010001101100010001111111011011100001001101001101010011001001001101010011011111011111001
000000101100111110010101000111110011111100100110100101011011001001100000011100110101011001010000
001000001100101000001010111000100010110100111000110101100100101010010100111111111000100100000110
110000011101101111001100111101011100000001010101011011100001101110100101000101111100011100110101
100101101010000010101111010101011010010101110110010011101010001001100001011001100010001110100000
001000111000100100001000001000010010111000010011000100001110001011110001010001010111011011100000
011011000101001011010001011111000110101101000001001000111101000001111111101110100100101011111010
110110100111110010111111100011111001111110010101110100110110100111110011100111111100110101101100
111000111010101010000101100001100000101001011001011011101110100110111010001101111001010111110011
111111100010110010100000011010001101100001111101000110111110100001111100111001010010111100011001
101001100011101110100001001000110110110001111000110111100101010010110001100010011101100001011110
001010011001000010110101100111000110000000011010110101111101111011110000100100101010010000001001
111110100100110111110100110010011110110000111011000011010010010100101010100001111011000101011100
001111001110010010010111101010111101111001001110100101110000110001011011100101000000101000010000
101000111111000100100100010010000100011000010100111001000100010110111010010110111111101000011011
000000101001000010100000000001100011010011011010000111010100001011100100011101011111001100100001
001100011000010001001001000110011011001000010001010100111011100010110000010011010101001001101011
010100001011100101000110111000010101111111011000011001101001100100001010001101010011011001100111
001001101000101011100111011011100001011001111110101111100001101011100000000110001111011010101001
010011000111110011010001110011011110000100001111101010011100100001100100001100110000011100010100
010101001000001010001001001110000010101100111111010001111000001001100100101001100010101011110111
110111111101111010000010110000101101011110011001110100001000010101000000100000001010111110101100
001100010010100010001011100111011000011011110100011101101100101111110100101111010110111000000111
010011000110011111101010100111111101101111000101001101111010001001011100111000000110000000010000
100011001111111110000001011110100111010101000110010111101010001100001110100011010000010110010011
001000011100101101111111100010100001010011001111101000111000010011111010011011010001100001000111
000110101001001111100100110000100100100101110111011001010010111000001010000100111101111100110010
101110100001011010001100000010101111001100110001010011101000110010100011011010101100100101110000
101011010010110010010000001000101001100010000101101001101000100111000011111101000111111110010111
101011111010100000000110000011111001100010101101011001111001011110110111000010010101100101001001
101001000111100001001000111010100100100010111100100100001111000001010010111001011010110101010100
100010110111110011011011011001000111111100010000001010101101001000101000110101110110010011001011
001100100011110011000101000001101101110000000011011001111000111000000101000101111111010111011110
010010001010000010010111101100100100001010101101101100100000010100011010110011110100011010100110
110111011011010011101000101011100110110010011010100001110011110001110011001010000001001111010101
111010111010101101011000101101110010100000001001101111100000010001011111001011111110110101001101
001101001001011111101110011010101000011110110110000111011111110110011100001011001000011110011010
001000111011101100001110100110011001100111000111111111101001110001011011110110111010010101011011
111110011100101101100110001100111110101010000101010101011111001001000010111110110111001101001011
000101101100100101111001010101111110111111101000000000111101100111001101010000111010101111101001
100001011011110001010111110010100100100100110101011111100111100010000001111001110001001111110110
000100110000000010011100111100001100110110000011011101000110000001010101011001100000010001001010
000110110010001000110100101110111000011001101000000011000010010010001110011001111101101011100001
100100110001101101100100100010110001011111100111000000010100100010100111101100101011000010001110
001110111110011001010110011101000110101111011101101011011010011100101010010010011010001011011000
111110101010110000101010001000100011100101011011010100000101011101110110000010011001000010110110
101110010010111011001101110100000111010111101111111000111010101010011110000001110011000101110111
111001010111100001100011101101111111000100101111111010001011111101110110110101101100101111000001
000110000001100111101011100011111110011110011100100001110111101101011111110101000001100111000111
111110010000011111100010001101011111010010000111101110000011110010010001011110110111110101100100
100111111000001101010011000111010101000110111000101100000101000010000011001100000111110100001110
100110110111100001011111000000010101011010111100110000011110000110111100000001010001100110010000
101100101100101101001110110111000110101001110011011001111111000101001000000010000010010010100010
001010010010101011010101000100011011000101000010011100111101100110111110101000010010101010100000
010111010111101011110111101100111000110111001110101011000000101111111101111010101101011100111001
010100001001000000100111001001110101000000000101001110101110000010000010011110100111111001000011
001010001000101001101011001100110001110010001001011010100111010011000010101010110001101100001100
001101000011010000011001101011001001011111011111111111001011010001101000010001001001010101111101
001111011010111101101111101010011000011111100111100111000110111101011001001101110110101110011001
110000111011010110100100110011000000010001110000010000001101101100011000010100101111100010010101
001000000101000001001111010100011101010111111000001111010011000101001000001100100100111100111011
001011100110001111101110010111101011011101011000101111110001101001001010111011000111001011000110
100100011110011101000011100000111000001101011101000000100111101001111000100000110000100100101010
101110101011000010101001010001000111001011001101010001110011100110010011011011010010011011111111
101101100001110111100010100000111000110100111011001100100010010011000100010011000001010000001001
011111111001001111101000101001000010011001001111000001011001100111001110011111110101111011011010
100010111101011101000110001101001110111100000010100101111001010011110001100010010111011011001011
111010111001100001000011110001000000111100110011111110011101000100100000011001011110110001111001
110101100111011010100001111100111001110010000000010111101001011011001110001010100101000100011101
010111111010110011011000100001010111101001000001111001011001011000000110000111011110100010100101
111010001000100001100101001000001111110111100101100100110100010110010100111101010000111011000001
010001011111101101010000110110110001000001111111010001001000000110101000011101011001011111110011
111000011000001010001110010101011000111110101000010011100111111001000111110000101010000110110110
001110101101110101101011110011111010000011000011001001101100000101100010010010111111011110001011
010000010011001000101000111001111111001011110000000110111101010111000011111110100011111100101110
101011010000100101011110111111001001110011010011001100111101101001010010000001011001000101001011
110000010111101000000000011011110100110101110100110000110110111100101000000000000001000101000110
111000100001000100110101100000000110100110101011010011011001100001010001010110010001110111110110
001001111000001011111000110110011100101011101011000110101010100100110101110110100000101111001000
111110111010101000101011000110101110011100000010110111110110001101011001110010111000011101011001
100100101001110010011001100100110110000110100101110101010110001111101011010000100010001010110110
011011011100110001101101001001011100100010001110110110101001101010101101011000011000100111011101
100000011101011110111100001001010000001000110111000010010000100110111101011100111010100111101100
111110100010111110101010110111000110001001011000001101011101111101010101000000010101001010101101
001001001001110011000000010000101101000000100000010110111011000100000111010111011010100001100100
000011011100011111100010000000010101001110000101111100011001111101101110001011111001010010010010
001011101010010001100000011111100010011011010111100100110000110110101110000110110000011011000011
000101100011111010101000010011110000110010011010111100100100110111000111000011000111001111111110
110000011100111101000110001111101010000100011111000010000100110001100101011011011110111010000010
000000001000000100010001001000111010101001110101010010110010000011010110000100100100100110010110
011111111000011011111001101111001010101101010011101001010001111101011001101100010111011001101001
011001010110001101101011011000111100110111111110100101011011110101010001110011110111101001110000
100111101100101011101100011111110000101100101101010101110000101101001000110000111100010100101111
101110111001011000010110011011000111110110011001011011000011100011111111010100110111111111111110
010111111001100110001100011100100110000100101010101010110110100110110110100000111110110010100001
