110101011101101100111000010111000110001111101110000111101101011011111011011001001111011110000011
000111011110011100101000111010111111110110000101111101001110010100110001100001000001100011010010
110001111010101101111100001000010100110101010111111110010000011011111011110100011111001111101001
001101111010001001001110100110110100010110111010001001000110100010101000101000111000111000000000
110101101110011101011110100110011110111001101101010010110001100110010101100000010011100101111101
110000000101110001011101111100011110010010111101111110001100100100001000011001110110000101111101
010110010110000101110011110101100001110100110101000011000101011011001011110010100100001111110110
100000101010100011011001001010110110010000111101100111001010110010100101011101001011001110011101
100101100010000001001100001101010000011010100110111010100011101110100101111000000000011100011111
110001100111000110111110101100000010001001001101000000010011100101011100011110001100101010010101
001110000011010100111010011011001111111010110000101001101010110000111000000000101010100001110110
011000100101101100101000100100111010101010000101001110110001110011000010111000111110110001011000
111000000000010111101101110100000011001101010101010101000101001100000110000011110110000011011110
011010000000100111100010110100111110101011100101111010010101111110001100001010001101110110010010
011001000010111111101001001001111010011010011010001001010110100101101110100100110001010001111000
000100011101111001110100101010001100111011010001100000001000000001111001011010001001011001101110
001111110010000110011110000000011100010111111010000011110011010011111000110000010010101100011011
101110001001111110111011110100000111000101100100010010011000111000011001011100100010100001110100
111100111101000000110010001111110110011110000010110110101000111100110110011101100010000010111110
010010001000011100011110110000100111010101101110100110001110111101101101111011101110100100011011
110000111100001111001010010110001010101111001110100100000001100001000001111101011101001110001011
100111011001001110001010100000101001101011011101110001110111010010011101011010100100101111110101
011000000111010100011100110100100110111111011000001101100010100110010011001011000101001011101100
110010001010111011111010110111101101001100110000101010001111000010000110011100000011100110001011
010000011100001011111111001010011010011110101110001100111100101100111101110011101100101111000000
111000010010000010100101101101011110000100001101011111111010110011001110000010000011100010100101
011010111011110110100000001111010111111110010010011000001011101110101101101111011001000111110101
111011010111101110111111011010111001111101100101000010100110010101101111001000001100010110110011
111010110010101110110000110101011100000100101100011110001100111011000111010101101001001101000000
101011011111101100000011101011000111010000110001111101111110000010101010101000110010000110110011
110100011001111000001110011110111100101111011111000111000101000001110101110101001100000100110000
011000100101111110000010000101000110000010100001000101111010011010010101100010101011101010111011
001001101001001111001001101010100101110110110001100101000101001110001001000110100011100000011001
011100111000111100101100001010000001011001001010100101110001000000010011110100110010101011000100
011010010010110110000000101110100111001101000101110010111001110101111001001111011011111101001100
011101101001011110011001000011110101011000101011100010100100011000011001111000010111010100011110
110000111000100101010001011101100001011000010011110010111111100110110110100110001001110101010011
000111110000110011010001101110000000101011111001111101010101001000001101000000100001010100010001
100101110011000100111000110100000010000111100110011000110011011000100011011010111000111000001111
100110111110100100010011101111111001100100101111111000100010111101010111010101000100001110101011
001001101001101001110101000100000111101101110110110000010101100101000010100111110000100000001000
000010111110100110110001011011011101010011111100011101010001101100010110001010001101110110100110
100001001010111011011001010010111011011110000111000011110001010101100111100000011111111111010000
110001100001100001101101011000010110100110101101111010111100011111001101110101000010001111010001
100000001110001100001001000100111101001111111110011011000101010111110111111000010011010111101100
010011011011101000000011101010011010011111100010010010001011000011111100001010111101110010100111
100010110010000100100101010010000110110010101011111011000010110011100110011101111010111011111111
110100110111011000011001101011101010111000001011110010001011010011011100100010101001100001000100
100010100001101110110100001101100101100010000001001100100111100000000100001011111100111110101100
111100001110000000001000010011000011000000001000101100000010111111001001000111000110100110001101
011010011110100100000101010110100000101101101001011010010111000101011000000011011111011111101000
011100010111001010010110010000010111111110100111011011001010000100010011000101110000110100101001
001000110000011001011110001101111101101001100010010101010001010100101001110101000100001001001111
011101010111000101010111100100000101111001101001110001010101111000110010001100010001111000100110
100000011110101100101111011011111010110111111011010100000010101000111111011000000000110111011011
000100010010010000101010010110101111101000011001101110111010100100010001001000110000011110110001
111101101011010110000001111011010110100000111101000110010100101010100000101111111110101001100111
100100101011100001011110101011010101110000110110101111101111010100110111100100100111000010110001
110011111101011010110110011101000000110111011001000000000100011111010010110010101101100001100010
100010010000110101001010000111110111110111010001101100110101000111100000101011000111011110111110
111001001110111110001001100110011001110111001110111110111000101011110010000010000011111010100011
000001100111100100111000110011101001000000010001010001100011111101110010010101100111111010010101
111010011011110001111000010010110011000000101001001010010000001000011000000000111110101101101111
001010110000000100001011000111011110001001010000100110001000111101100010110001001111010000011000
101101101101001110100100111101010101001100111011100011100011000000000100000110110010011110111100
011111000100011010110100110101000111110010001011000101100001000011011011111110111100011011101110
110111011111001000010100110110111101000011111100111110001100101000011111001100000000000010011111
101100100001010111101100001110100000000000110011101000001011111101110010111111111001111110111010
101011111001010000111011101010111010110010111010100100000001000101110101101011101011111010010101
111000110110100100111001110100100000111001001010101110000111000010001110001111000110001101110011
111011001001001110010010011011101100011000100010001111001111111000010101011011000010011010001101
011110011010110011011000010100100001010000011101110000000000001010001001010001111110101101110000
011110111110111101001100001101111111111111000001111100010101100110001110101001100101100111100101
001100111000111010100100110000011011001111101100010100111100000011100010111010001100101110000010
011001000010110001101101011001011010000010101110101010101110000000100010101010010000111101010111
011111101100100111010001111110100110010010100111100101100000111110011100100011001011000011001011
101111110010110001100011101101010101010100111010111110101111011010000110111001010011101100110011
101100111100010110001111110111101111100011111110000101001010100101010011001011110110010000111110
111011010000011110111010111000101111100010101101110100110001100100001101011011110100000110010101
101100010100110110100101111111100110000101010111111110100000101100101000000001111111110100111000
001001010001011011000111000111100101100101011010011101110000110000101110000011110110110011001011
111010100111001001111111100011111111011101000100000001000101100100111100110000100001110100111101
000110010101001110110000110101111100001110011100110000101001011100100101101111101110010001011111
001000101110000101110111010011111001010111010001110000100010100001010001110100011101101111011001
011001000101110101010000011110010000011001100001001110111001101111000101010011001100111100111110
000110010101000100000010000001101110110100110111010101010101100100000110100100011011101101011011
101011011101001110110110000001101001001001110111001010101111010100001011100000000010010000101001
000110100100101000111101100011111001010100010000011000011000111000011100001001111010001011101001
001101101000110000110101001001001011001011011011010100110001100100010011101010010001101000101011
011010010101010100110111110110000001001110001110101010000010100000101101111000000000010000101100
011110010001011101100010000101100011111001111011000100101100000011010110111001010111101011100001
100101110110101010101111100111101000101010011100101000001111101110001011001010010011000100101100
100011111000101010110010001010000000010110010111000110001010110100010000101010101110101111010001
101110101001001011010110101011100000101110111101000110111111011100011101110000100010010000101001
001001100010010011011010000001001011101010000000011010000011011110101011000100010010110101000011
011000111001110010100110101101001101101011100000111111100010010101010001100011101001110100011100
000010000001011100100010000000111111010011010000001011010111011011110000101000100110000010010000
001110101010111100111010001110101111000011000110101010011010011010011010000110010110101111111101
001010100001001011111101010000010111100101011110011100001100110111111101001111100111011100001011
101110001110111011100011110110100111101110100000000000000110001111000000100101110111001100010110
100110011100100010111111101110010100001001001010010011100001110110111000100100101011000111010111
001001011111101110000101010010100100001000011000110110110011000010100011000000000010001001110100
110001010001011111000001110101010001110100100101101100001010100101000011010101011001001101100001
110000000101001100001000001100110101111100010100101111111101000010001001101011001010010010000010
101000111111110111110010011011000111011011101100011101000001000000110001100011100100101110011100
000001111001111000010000101000100101111010101111101100010110001110010111011100001111111101100111
101011011111010001100011100101010100101101110000011001001101010100011100011000011110111110111100
101001111010011011110100011111001010001011000110000110011110101100011001001101101000000000101000
011000100011000010001001101011011100101001010101111110110011000000111010011101110000011001101010
001100010100011110101011000000010110111000000011001001001011001110011111000000011110101000101101
010001001011010110001010001000100001100111010110001111100011101101000101010111000100101010100011
010111011111000110100101111010000010001110011000101000101111011100011101101001100100101101110111
111111101010010001011100010100111011111010010100001111101100110001001111011100001100111110111001
001111010000011100010100000111011000001010000011111100100010001001011101111010011011001101000110
010011000010100101110111011101100010000001110001101001000111000010011011001110110001101111100101
100110001000101010000001111010100000000011000011001110110000101000011101101100011001101100001100
011110000001010101000101001000111110101001001011010011011001100101110010010100110101110111100000
011011010100010100010111001010001100110001111010000111100100110111010111011110111101110001011001
010010111011010010101000000110010110011101001100101101011100111010001111000101110010101110100011
000100100010110010111110110101010010001011001100011001001110001001010010110100001111011100111011
000000001010000100101100110010100011000100110100000101010010010000000101011001101010111010011110
110011110010000010011101100100010001010011110110101000100110110000100110010110111000001101000110
111111111001011001001100110101010010100011100100110101011010111111111010101101110100001111001100
111110011000010110110110000111110110111111100111000101010000111101001001111110100111000111001011
000100110010100101000111010010011100110101001100101110010011111011100101100101111101000111100111
011011101010110010101111011110101111100111011110111101001111100111001111100011001011111010100001
111100100111000000011101001101010011010001011001011110101101111001010001010000100010010000110011
111001101101100100010011101100000010110110111100100100001111010010011000001000101000011010100111
110000100010011011110100110000110011011101001010111000111000111110001100100000111101101101010110
000110110111100011110001000010100000101100111110011010010110000011101111110100010010001000011111
000011000111101100011010000110110000110011000101000111001001000110100001111110001110111100001011
111100001111011111011101101001100010001101101011100010110101111010010011010001101111110000100100
111011011000011111100101101001111100010110001011000100001100111010111000000100001001000011011000
001111100101001000001111010011101110001101000000010000001000001011110111101001000110111001010011
010001000111010000110111000011100001111110110101110100010000111110000101011101010101110000010100
111001111110011001011100000100111101110100100100111100011101110001101111111001101011011010110100
111010001001100110011111000111110111010111011111011100110111111111100111110010001101001111001111
111111000001111000000000010100011101001001000100011111010111111001000001100111100101010000101001
111110001110011010111010101100000010000001000011100110111001110111011101100001101111000110110011
101010010001000101000000011111110011100010111010001001101001101001110100010110111110100001101001
001110111010001111100011001101011010011000001011001101101001001110101011111101100111010101000011
110110011001011010011100001110100001111011011101111011011101011011010111100110101001111111110001
000110001100110001110000110110101001001110111111011100110110110111010011110000010001010101101110
101100011010100001110100111101110001010010111100010110000001000000010101001010110101111101110111
110100000011110010101101101111101011110010111100011111000001001111110111001110000010111000001111
101111111111111110101111100101011110000100111010111111010010010010101100110101010011110010001000
110001110110000101011010011010000001100001010000000110101110001011100000100110101001001001001001
011100001111010111001111001011011111001100100010011000010010111001001111111011111001000000101111
011001111010111100010010010100110011010110100011100110100011000111111110100010010111011100100110
001111010011101111111000000001111101100110000001001000010000101100101111100111100101010110101001
110010011000010001001000101001110110000000000101000010100111110110100100011010100100010001111001
001011001100000101100100001110001101110111011110110000100110011000000100101100111101010100111010
010111011010111111100101100101011111100110011101101000110001111010011100101101100010000101001110
010001111101101111010100111011000100010001011110110110000001100110001001001110111111010010101111
010110111010101010101110001000011110101000001111111010001100100011011001010100010000100010111001
010110100000011000111100001100111110010111001010101010011001111010000110011101000100100110101010
010000101100001011101111001000001111101011101000101101010110110010011011100101100001011001110110
001010101111101010101010011110101111101100001011011000111111010010101000011110111011100011101000
011111101001111001101101000000111101011000000101000111101000000111111000111011101000100111100000
010111111010101011101110010110011100111101000000011001100010110000011010101100100001001101010011
011100101100001101110000010111101011110100111011000110100001000001100000011001111000001001110000
010100010001110111001101011100111011101010100100100010101100011000010101001011000010101110010111
000000001011111100101101010001011100100100110100011010001001010010011100001101111110011001001001
110001100100111001100000001010000011101001110111111011001101110001010001100011101110001011001000
000110101011110101110000111000010100100101101000001111101110010001110111001111011110110000001010
101011100000101110000110101001000001101001101110111010010100000001101010001001101000110010101000
000111111110010111011010101001001111101110110011010001000111111001101110010101000000010001101010
110110001000001101110111001011010000100100000011100101000001011001100010110001001110101101110111
111001010101110011011000100001001000011010010111111111101011011001010100000101110011101001100110
010101111000011101011111010111111111011111101001010001000010110011011101001010000111000010101000
011010001101111000100100111110100100101011001010110110000001011000000011110111110001100111001000
111111100001010100101001111101100000111001100110101100111100000101101101111110100011101100011110
111000110000001001100101011011001010001100001111110100101010100101001111001010010011111101011101
110011111011010010000010111010101110010110000100111101111101000001011111100010110011001100100101
101010100111111001111001110110010010011001111001111110100011010010100011010101010011111100100111
111010100000111011010001100110110001000001001111011111100111100010000101110111111000101101001101
100001001110011101101011001100111100000100101100101100001111110010110111101011001001100011101111
101111001011010111100100100111111011101011100010001111110110111011100100101101001010000101000111
101101010010000001101111111111000010000000100011010111011111010110000010110001001111001100111101
101111111110011010010101000111010001111000000001000000011110000000111000010011100001000111111011
000001011000101011010011000100100011011101110001110001001101010000000111110000000010001011110110
000010100110101010000010111001000001001000001101100000001001101100111010011101011101111001101001
111110111000101001111011110001100101110100100111001111001010000111011001000110001011101111011100
101010001110111111000011100001100111000101111001001011010100010001000100101101110110110010001000
001011000001000010101001110000101010100000100000110110000100111101010100010110111101001100011111
101011011100001010010011011001011001011011000011011101010001010111100110111111011010101111011010
101011110001101010010100010000010100010010110111010001111101000000101101100111110010010110101000
110111000110001010010110110100111000010011001001110011110011111001001010001010110001010101010101
100111010101100001101101000000100011110111010111001011010100110011010000011010111011001100101101
111101010110110010111100011100001110100100100011111101010111010101110011000110011111011001101010
101011001011011110101001101011100011010011110010001000111110011111110011011010001000110110010110
000100000010100010000011011110000101110100100011100001110001100010111010101011001111001100110111
111010111100001000010010100010011010101111111000110111010101100001100011101111010010010011000101
011111101000011000100110111100000010110111011101100011010101101011111010000011010000110001100001
011001011101101000111011100000001111110100011100000001010100110000010001100001011111101111011110
010101000010111111101001110000001110011111101001100100000110010110100101100101010100010110000000
011000101111100101111011101110100000100110011011100110011010111001100010111001111001010101010011
100001100111101001101010001011100000111101011000011000000101100001111110011011111110000000000111
101111111110001111000100011010011111001000110100011110100010111011011100001101011011010110101110
100100011110010011100000110010011111100101001010110101101100011001110110001100000010101100111011
110000001010011001101001010100011101110000001110110111101100100000110010010000000100100100110010
100001100110011101011000000010000011011100000001011001001100111010000110011100000010111111001000
001100010000001100000101000011000110011111110101010100110001011101111110111000111010101010000110
111111010111000011111101100001000000100101001101111000000101110010101100110001110100000001001010
011100010101010011001000000101010000101100001011100000010010010101110010000110111111000011111011
100110101000100001001101000110110100001111101000101001010010100110000111110111111011000011010101
111111100110010010101111011101000001010110101001101110001101001010010001011011110110001101100110
000100100110111100000101011000111100110101000001101101011001000111110100110011111011100100111011
100000000001110010100010011011110100101101011000101110000010110100101010110010011010111000011001
000111101011101101011100011110011110010100111100010000011101100000101110111100010011101000001110
011100101110100011100011111111111101010000011011010101010011111100010011100011111110100111000111
011101100010110011010100100011111011101010001011100110000100011010001011100001110010100100000000
000101100011101010011010000010100111010101101100010110010100000000000110001011111011010110001101
000111111001101111101101000001101000100110010001010000011110010010110111101101000111010100100110
100101011010000110110110011100101001000111100111110011010100110000100101001100011100010000111101
110011101000110101000010000011111100100110001100110000100000111011101011001100011100101110011100
101110110010110001101010110001010010001001100111110100010010111001111011010011000110000011001001
111000100010010101000110111001101100010011000000101101001011011000000110001001100010110000101101
101000100000010000011011011100000011101011000111000101001010001110011100001111011011100100100011
010111101001111010110000100011111100011100110101110111101001101001110110111001111111111110100011
111001000000110010001010001101001000001111010100110010100010000101110011000111110011011111001011
011000010101010110011011110011101100101011010100011010000011001111101100001000101101000011001110
100110000110110000101011110010010000010000010001111000010010010001010101000011111010100110001000
111110101101111110111001001010001001001001010000000011011001010111001010100101111101110110000110
001011111100001100111011010010110000010000110010010010010110001110011011010101001000011000001111
111000000110011000011010110011000011011110011100001111010010001101110111111000101000110101110000
110000100100000110000000000011100110010110111011110000110001111111110100111001111011100100000101
100101110101110001001100110110111111101101011000100001000011111100101110101001000101010001011011
101110000110101110010100101110011001000010100101110010100111110001010110011110001001111011110001
100110000101101111011111101100001110110110110110100101001011100001000001011000010100011111010100
111001101000110000011011110100110100110010111111010111011110001110000101010101101101011100010100
001111011011111000001011010000111001011001110010100010000010100011000000000000001001001000100001
011010011110111101111111011100101101000100110110001010011010110001001011101100010100101010011000
011000010110101000100000110011100100000011100001101101000100101011011101101100110001001110001111
001001111010110101000000100011111001001101000010110010100000011010011000011010011110011100010001
100000001100101000010100011010111111011000101100011111110001100001000010110110011111100000111111
000010011011101011010111000101101000101111000000110011000110111001010101110111111000101111101000
100100000110111011011100111000111110001101001110011110001101011000100111111111101101000011100101
110100000001110011101001010111111101001001101101011110011101100110100011001011001111101100001101
110100111011111001010010001010110000000101000100101010011101010000010001110100110101000011100111
100111111001011000000001111101001001010110111001011011110101110001001101110000000111111101001010
011011010001001000000101110101010001100010011110100010100111000100010101110110010000000110100111
100101100101100101001010110010100001101100001100101010000110111110001110101110100110011101001001
101000100100010011111011011110100000110010110110000001101010101111100110011010100001001111010100
101110010010000100000101001101101101000000010011000111011100110110111110010111100001010101110001
101111110010101111110011111010000111011110000100110011011101010101100000011101010000101010011010
101000000111001100000011110111011110001011111111111010110001000000011101100010011111001001011111
000111010011010111011010100001000001100100100100011100001011000100101010110010111110000111000010
001110011000101110110001000000000001110000000011010001101011000001011100101101100110110011110001
101101111110100110010010101110000010100010010110100111111000110000111110000011011010011100100110
000111011101000001100110010101101000111011001101110111100000010101000011000000001101010111101111
010010101100010011011000000111100100100001011000110110000110101100111110100000101010101010011101
111100101000101000101011011111011001000011110110101001110000011111000100001011111110001011000000
110000000011010001111001000100000010101001010010111000100010001010101001000000110101100110001001
110011010111010010100110001111000100011011001100001011110000011010101001100000011010011100100110
110010111001010001011101101100100100101010010011101101111000101110011011100000100011010011010111
101101111100101001101111110101000111001111011010101101010111000001101111010010101100100000001100
111100000101000011011000001111000001001011100000000011001111000111110010010010101111011110110101
001101100111110011010001010111100001110011000010101100010110011000100110010101010010100001110100
100011100000100011100100001010100111100001111100010010100100001001111010100000000010110011000101
001111010000100111110101011110000100011010110011011111000111110110001101010101111111011010011111
111010110111110000101001000110101000111100101010110001011110000011110100111111001010010110001111
001110111101100010011010010011001000111111110111101111000101111011110011101101001000101111011100
111111101101001110001010111000110001000011010111101010010101011000010000100000001010010001101101
001000111101100110000001100010100101101101101101100100110111011001000111010011010101101000111001
111000111011101101111011110101000111010111000000111001100111111100110011010011011101111101110110
011000000011011001111101000001101000000000011101011001100111100011000001100000000101000101011011
001000111010001110111101111111110000001000001101111010101110111100111100011000010000100000101011
111011101110101011110011101101011110000011110011111111101111101111011100000001011001101110010011
100011100001100111010010010010111000100000001110001110111010111010111101010101011100100011100001
111010000011100001101000101110110101000001101110101001110011111001010001101011001101010110000101
101011110000101100011101101010101110100010101011110010000011010011001110000101101111110110100100
111000011100101000101100001010001010011111000001111011001000111001001100111100010010111001010010
000010011100001000111000000101101010111110000101001011000111100001110010010001000001100110101110
001111011101101110111110110100110010111111011011111001101011001110000110111001001000011100010000
101110100011111110110100011111010001010011100111000100100001110011101000010010001011100111100111
011110001111101100111000111111111111100011001101111000011010000111011101100001011101011001000010
001010000010110000110100110010010110011101011001010100001011000001010110010101011101101000000011
011000000000111110011010001100011011111001100001111011001110101001000010000000000001111000011011
001111001010011110101010011111001100010100101110110110100100100001101011011101110110000100110110
011010001111000110010011001100011001011110101111100111000000111011011011111100110110011110000110
001011010101010111111011010010111011100001100100101010111101110110010101110101011010101011010010
100110100001001110011100101001100101011001001100111101010010011110000101011111010001010011111010
010011001110011111001101110010111010000110101101110100101111101010100001110010101011101010000000
100010000000010011110011000011111011000001100110001100011101011011110010111001110100100000111010
110000111101100011101110111011111111101100011111010100111111101011110011110100101111000010111101
000110001100011111110010100000101111010000010101100010100001001101010010101111101001001011010011
110110001101111010101100100110001010001011111101110101110001110010110100010011110111101111000000
110000001100001110001010011000011001101110100110000001001101010000010101010000101101110111100111
101011110100111111001000101111100010011111011001010011111010010100010101100001010101110111001110
000010001000001100011001001111111101110011011100110010001001100010110010111001001110110100011011
011001001001110011111100101001001110101110011111110011101011110000000110110000010001100101011000
000011101001000011100001110100001001011110000000010001101110001010100110111100000001100111001101
001100000111110110001000111001001011010111010100101010100100100000110101010000001000111010010111
010111110011010000001101110010001011110000101100111111101100111010100101010100001110111110110101
111001100000010001100110001110000100001011011111001000010110110100110001100011000100001111110111
001101110101100101011110111010010100110110100000001100010100011000100101101100001111000010000111
110001010011100000101011100111100010101010101111011000101110111011111100000101111001000101100000
011111101101111000101101001101101111101110101001011111100011110111010001001000111001011111001100
001001001010111111000010110100000010000000110000110010101001010101011000010111111100010001110011
110001001000101000010100110011000010001100100001110001111010001011100010110010110010101010000000
100011000110111001110101110111000011010001010111100010110011110111001110011001110101110100000011
000111100001111110001111001010000110000010101111101110010000110011011010111001000101111000100110
100001101010101101101101011000111101100000000110010100100110111010111110101001001100100000010001
000010100010110101001010001001001011011111111101010010111011100001000010110101001100011111010100
010111110100101001110000011000110001110110110001011000001001100101101010000101100010011001101001
000110111000101000110001010111000110010011000000010001110110111100100110100111011010001101011110
110010100000010101101001101111110011000101010011111001001011111001110111100101011001100000001001
011001011011010110001001000101011001000001110110000001011011111010100111111010011101101011100101
100100001001001100100010000101001001110000111101110001010011100111111100101111100010011101010111
001010100111001100000011111011101010110011100010100011111111100100100011011000011000100000000111
110000001100101110101111100011001010101110010000110011100000100010010011010100101001011101101001
000100111010101101100101101000010010101110010111111001100101101101100000101010011000011100000000
010000111001111001001010101000011110101100101100001000010111010000000011111001000001001110011010
010110000110001000101010111010010010001011010100110011011010011011011101100100001000011101110110
110110011100110100000111010100110111011010000010111110001110010011011011100110100100001111011001
001100010011010000101011110010101101010000110011011000011101010111010011001010110001011101101011
000110111101101111000010000101111000101111000101110011111001001111110101111100011111100001101101
010101010001100011000010100110001010010000010110010101111110010000100111000100100101100010000001
011110011101001011010101011001010101011011110010110011100100100101010001001100001110000110011110
110000000111110011011110101101000101010001100011010101110100011100001000010001101001111101101100
110111101010001010100011010010011101000101101010011011001011100011110000100001000110111101100111
001110101011010011110101000011101010001000011011110111010000101110101100000101110101100100011010
011110010110110001001001101000101011110111010010110000010101010011011000100000011101110011101000
000000011001000010110100100110010001000001111111001011010100010000011011001100110000110010011101
011111011110101110111111100010100011001000001110011010101001011101010011011010100011110110111001
011100000000100110011110101100001010001110011111001011011001111101011000000001001101101100100001
100000001011011100011101100000100011100100000010001011100110011110010111110111111100101001011101
010101101110001100001001000110010101001110101010101111010110100111111110101101111001100011110101
111101000111111011010111110011001001001010111010110010110010111110010001101100111100011101110001
000101111110111011110100011000010010101001011110111001100110111101010010011000011111111010110100
111011010110001000001001110101000001011101011111111001001100100110101001111110000000111011100001
010000100111000010000010011011010010101111000111011101011111101010010101100001111000001100011011
010010110010010100000010011011110000110000011011111010011001011001101111100001110101000011010100
111001011001011111100011011000011000100100100111101100101001010101101110010100011111000100111101
001011100010111001110101000111010001110101101001100100111001010100110101010111000110111000011011
000101100100100100110111011000100001111111111010111011111110000010100111111010110010011101100110
100001011100100111010000011110100000000010100000111000111100011100011111100011000110101011011011
101111100100110110010000010111001111001000001111100010011100101100011010001101101010100001000100
011110111000100010000101110000101010000101011010111000011101110110010111101100011011001110011001
001000000001000011101100011010010110001110001110111100101111101001101100100101110110111110011000
000100000100101010000100010001111010001111001111111101000010010010111010111111100110010110111010
011001010011000110100010100000000001000010111100001110000010000101011100011010010111111011101010
110011111001100101010011011100100011111011101000011101111010000111110010011010010000101101100110
011101000111001110010110111101010000001001101111110110101110000010011010001010001101110101101011
100111001010111110100000011111010101001000110100010100000001101101000010011100011110000110000101
011101110010111111111111011001011011010111011001111110110111101110000111110110100101111100011111
010100010001010110010011101101100111011111110000001011011001001101011001100101000011111010100101
111011101000100110101100100000010111101000010011111011111010111100011111111101011001111111100000
000011010101111000000110011001011111001110000001011100011100011001010001010111011010000101110011
110111101111101111011000111011010000100110101110101111001101101100011101100010110001110110011100
101110011011001111001110110001110111100000101000001101101011110000011110010100110001101100111111
110011101000001011110111010111011101000001010110100010001000100010001001000000001000111010011100
101100011001111000011010111111100001010000000011001111000010101011110011000010000101011000000100
000001111000001000000100000100011111000110001010100110111110010011001100101011110101100001111111
110010101001010101000010001110111110100010000000000101000111110000001010110001001011010110110111
110110010010101110011111101101100010101101001010110111100011011100011001101010010111110101010001
000111100101001111000100111001111101111000101001010011001010111100100100001000010110001101001011
101101110101101101101001000100011010000111111011100001110111010011100110111101001010100101001110
110100111111010101001010111001011111000011110010001011011100000110011110010010001000110010010001
011010000101111110100111010001011101010111010100101000111000011101111111101011101000010000100001
011111011011001101100010001010111000110111011001001000100001011111010010000100110101111001010111
011110100111000111000100100101101010111001100100101101001000010000011011010111011000011001011100
011111101101010001000101110011100001100111000110010011100111001001101111011001010110111100101110
000111010111000110100100101110101011010101010100110101101101000001011011100000110100010101100001
110101011010000010001000001001011001010100111100101111100111010011111000010111110110101001101010
110000101111010101000000100001001101011101111111000011110101100010110010001000111000101110100101
111100101101011110010000001110011111001111101011110100110110100100000011011100000011010110011110
010100011110101100010001110011111110111100111110000101001110011101100001101100000110101101011000
101000010100101000001111011100011010111000100100100101011110011010011101111101111110110101000101
110011100011001100111110000111010100101111101001110001110110011101000010010100100101101000010100
001001011010110000000111111000001101111111010101001101001001001011100110111011110101110111111111
010100001011111111010101011010010001100011101000011011000001110011010110001000101001110111110100
010001100011110010101010000010111111000101011110001011100110110110100010110100010110001000100010
011110011101011111011001010110001011111100011101001111110101100110101111000100011101111000011111
000011111110100110100101101010110100100001010110111011000000100000011000111001100010101101100111
010001010110101010100010011101000010000011101001000101111100011001000000101001000110111001101000
011100111110101010000100000011001100100010111101011001100000100011011111011101001011011001000110
001000111110111100101100010010000001011001011001001001011100111001111101100100111110000010100111
011111111110110110000000000101100111000001100000101010011011110010011001010000100100011010000001
011000100110111111010111001011011000111001110111101001001000011001011010010110011111101110010000
100010110000010111010010111101011100001010110001001000010010010000001000000100110101111011010111
110100110000111111100000110110000111100100111110010011010101010000011110110110001010101101011101
111111000101010001100111001001111101001101001000100010110000010001001101011111101001000001111000
010101011011001011101010111110101010001100000010100010010111010111001100000001101110101001001011
101101011000000110110011001111101111110101101010110001101111001100100001011000101000011010011111
000110111011011011001101101111010001110001111101110110010000011111001000101001011010111000110001
001010110100001001010101000000010110100111001110111111000100110101011100101011011000111010011000
000011110111001101111111010001001101111001000101011011010010100100100000001011000110010000011111
000101100111001000001000110010000110010000110011111110111011111101101111000000101000011111001111
110010011100101010000110101010111110110001101011111101000101110010011100000101010111100001000010
111101111011110100001000001001101011000101011111101000111111010101101000011011101111010101100000
111001011010101101000001111010000101000001010110110111011101001010100011110001001011001000010111
111110100110101111110101001001000001110100111101110100011011110100000000001011001001010110001111
000111110111000110110010111101110100001111001101010001111110001000101101100101100111010001111010
100101110001100011010101110010011000001101001111000000011111101111110110100101100101101101010000
010001110011001100100101000100101011110111001101010111110111100000101111110111001111110001011111
100101001010001101001110110000111000011010000010010110101011100100000010100001101001100111011111
000011101001110011011011010001100011000000101100010000001111101011101101111000111110100111000111
111111001110110110111011011010111100101001000100111110001101100100111110011110001011011111000111
110111101010011111111111100000101011011101011100011101110111100010010001111011101000001100001011
111110100100000110010010001101010110011001101010100010101111111100011010001100011101110101011110
100100001000111010110111101110111111000011011101010001100001110010110101010011001111110010100011
101101000000000100101010010010001101011011110011100100000000001010011111111111000000011001001101
111011000001010011011101001011011110011111111111101001001011001100111110100001110111010011100001
100001111011010100111001111010111100000111000011111111010100000000100110100010001101010110010100
111010000000011100001110100001000001100101111111010111011001001011001001000100001101110111001111
011111110011110000000000101110100101001010010000101001000011011001111000110011000011000011101110
101111000100101001000101101111001101011011010011111010100011011011110011001011000101111110011111
101101100101010010010000111001100010001011010001110000000110000011101111010011100110011111110110
001011000111011100011111011111101110100111010011101010000110011111011100110100011001001000000010
110000010101111011001000100011111101110011000110111101101101100001100001001001010100101101101101
000110001101110000001110111000010010111001010000010110010100111111001101100100001001001100010011
111001011010100101110100101101110001110111101110101101111100011101000111010111000001110100001101
100111001100101010011100001000011110111111010000001010010100101011111101000010110011101000010110
100100110110001001101001100000000000001111001010001001000101101001010111100110101001110110110110
100101000011011010100001100101101010111101011110001101111010111011111111110100000010100101100100
110011100110110000001010111100111001001011101100101111010000111110010111111111110101011101100001
100011001110010011011101001111101011001010010000010101001001101110001100110110000100010010011011
111111011110110100111110010101100001001000111010010110011111101101011100011101101100010010101000
110010111011100101000110101001011010100010101100001110100000110000100110001010100100100011011000
101101000101010010000111011000110010011000111101011110101111010100000111110001101001111001110110
011100100111010100010001010100010100010000111001101010111111011111011101010001101000100010011011
101101100010110100011010011010101011001100010011010011000110110011001110001110111000001001110010
000111110001011111011110111110001100111111010000000011011000110101011110010011110101110101110110
100001110110100111100111000011100100101101001111001010111011011000111100101110110100110000101001
011010011111101111111101110011101110100000011001100001111100011111000000011010011001000110111000
101011110010001000000101000111100010000111010110000101111100100101010010001100100001001110111000
010000111100101011000100011110011100011111011000110001011010011010110101111010100111011001111100
111111010110101011000111110011110100011001000101010011101100011110110100000111111111001001101101
000001100111110000110101100101101100100011001111000101010001011110010001101001111011000011001111
010111100101011101110000000000110000010110011011010001010000100010011110010010010010110011000100
111011010001000011010001000100010111010111111001111101011000110100111110110000001101001001011111
100000100001101011001111111000110111011010010001111100000101001101110010001011100010011110100110
110110110011001010100100010110000101101011100100001101000100100111010010000000100010001100110011
110101000101101000101111110011100100101010100111011011101011011001010101100110011000111110110101
111001000000011101100011011111110110001111100001101101011010111111011101111011111101111010010110
111101001010000110101010010101101001011101001111111010010100010100101001011001011101100101111100
110101101001110111110111111001111101000001010011000000000100100011000011010110111011010100110111
000100111011001001101101110111001111110010111100101111101010110101010111101001111011101100110001
000101010001001100101100100101010010110010001001100000111011110111000000001001101000001110011010
010100110101100011111101111000101110010000100000100011001011111101100101000101100110001001100110
010001000101010100000000110100011101011011001110101011111100010000010110110010100011010011011001
011010100101111100010000111100000101110111010101001000010111101100001011010110000001011111110110
001100001101101011110110110111001111011111000101000111110101010011010001111101001000010010001111
101100001011001001011101001110101010111100000101111001101100101000011111011110011000011110011110
011110001000101100011101011001001110011111100011101000011001000111101101110001011011001011010000
111101110000110101010110010001101010111101111101000010110000111010100110010000010100011000101000
000000001111100011100101011000110000011100101011100000000011010011001011010101010010111101110100
000010111101000011011001001101111111010111110101010000001011101001010101110111100100100010100111
011111110001010101100100000110100011010001010100000101101011111111000100101101000010001011000100
111001101111100001001011111100010110101110111111001100110001110100001000111010110111111100001011
111110100001000101101001110000110110100011100001100001111000110101110001111000000010101000000101
110111000001101000001101010011000010011011110110100111101111100000110101101011011101101110111101
001101100101100101000001001110100011101001101001011101010110100111000001101010110011001110000100
110111100000101100101000000111001001101100001011011101110001101011110010010100010111010001001111
000100001001101010100001011110010010010001011000110110101101010110001100011010011111000111110001
010001010101111100110001000001011101011101111000011101111100001000101011101011111011110010111010
100100111010001010111010010010111101010100100000101101001001111000100100001010100110000010101000
111110110010100101010000000111110010000111010111110100110101001101001100111100011010111101100111
010111011101011001110101110010101111111101001001000101010111101001011010010010000011111001011110
101010100100100001101010011100000001100000001010010100001100111010011111011110010010111100100000
010111100010100111101101101110011001101010011101111111111100000100101110101000000011110010001110
010111011010010101110101011110110110110010010110110000100111000101110110011100001101100011010010
000110111000110010011110001011000011011101000110111101011010001110111001110101100001101000111110
110110001110111111110000110110110000001011010101101101111101100100101001100011000000110001000111
011001111101011000001111001000000111001011111011000111101000011111000101110011010001110010101111
001100100000001110001101010010111101100100100111000110010000111110010001111100100100110111001000
101000110000010100010101111111000011001001100111011000010000111000000110000011111000010001110010
110100100111001100010110110110100110111100110110000010011100111001100110010100000001111101101001
110111000110010001010100001101110110010011101010001000110000010100001011001000111001100101111001
010011011111100010010110111101110101011110110101000011011110100010101110011100011011010101110111
111100100110000101011010111101101111110011100000110110001111100011011000101100011101001000000010
110011110000110100110010101101001010011101101001111101100111101111010001101100011111000011011100
001010110001101100110101001000010111010111000100000011101010011000011011000101110001101100001000
111101100101100101111111110111001011110010011100000111010100001001111001101000101000010001011000
101010001101010100100101000110010100111011100101100101111100110011111000000001010100000001010100
011101111011110100110100100000010110110101110101011100110011000011111100011111110111100110001100
111011010000000010010111011000011111000000001100111010101111011011100011110010111111110000101011
110111110000111011000100100010010001101111100111001110000000110000011111011010011010101001111001
111101010111011101010100001010010100001000110110101011100011000010111001010110011000011011111010
111100111010001000100101101010100110111111110110010011011111110011011101000101011100010011111111
100000010011000001110001101011010000111011110001011111101100101110010100001001011100110101000111
100011101101000000111100101010001111111100101100000111011110111111011010100011001011111110110011
000101011110011100100001111100101111001110001001110110101001100100001100111010011011100010001100
110100010110110001100111001010010000010110100000101010101010100100110111011000000000001110100001
001111101100111001100010100100100110100110011010010001101100101010111011010111110100010011011101
010100111010010001000001101100011001011100110010000110110110001101101010001010111000100110001101
011111110101001010000001111011010011101111100111001000110111000010100001111000011011111101110011
101111101100101101011001110100011110110101110001011101000100111010010010000100011101000100000101
111010101010010001110100111000111110110110010001001111010001000010010110101000101011101000000101
000100011001110100001001101000101101010010100000100100001010110110110100100101010110101110011100
101111001111111101101100000000110000011001011110101110000111111101010100111100110101111100100011
010001111101100001101110011001010101111011000100101000000111010101111001000110100001101011010100
001101010011110110000000100101101111011001111100010000001000100100001010101110101101100110000110
001000010001110001000010010111011010111010010111110010000111001111110000110010100101010011100000
000010001101111011011111000010010001101010001101110111010001100101110100100100000111100110011111
010010111000010111010010010100110111001101111101000011011001101010001100100101001001011100000010
000101100110001001010000001101011011011110111100100010110111100110000001000011100101011101000100
011000011011110011111110001110110001011111010000010111010001010100000001110011111011011110110110
