001110010100000000100101000000100010111001011111111111111010100111110011110101000111100001110111
101100111100011111101111111100000101111010100110010111101101011000011001011001011100000110100101
101010010010001111110101111010001001011010011100101111101100101111111101100000101000011111110000
001000101011110100100010000010110001101000110011001100001110011110000001110001000010100011011110
001111000111101101001110100010111110011011011110010101101010110101100000100011000001000011101110
100110001100011111111100000000001011010101001110101110101000101000101101011111001101111000000000
111001101001011011110110101101101010110001101011010101011110000010001111000100011011010010001110
001000100100000010001101100100110010101111100011010100010001010010111011001011010001011010100000
111010001000110101000000101101110001111010110011110110110011101011010111100110000111010110111100
100101100101001111001010110110111111000101000010101111011000110001010000010010011100110010111110
001111011101100101010010011000110000011101101011111100100000110001110001101111111100011010100100
100111001110101111011000001001000000001111010010100111110101011110100101010101100011100011100101
111011110010011111000100010010100111100110001000011100111001000111000000011111000101110110011100
111111101000111100010000001111010001010001011100010110110001010010110011100101100010011111100010
001011101010000000100000100001000111000110111010100011101011101110011110111111011001001110100001
100110110101110111011011111110110001100110111110111010001010001001100010001011101101111000000001
000010110001100010011110011110001101110110010101011011101101001010001110111110001010100100110001
001100001110110001100001101011000000000100010111001101110110000010001100101101110100111111001100
111000011000110010101010010111100100110100010000010010111101010001010101000001111101011110100011
010111101100110000010101001000010000000011101111001000111100111010100101010011010111010101000110
001111011101101101000000010010011001010010000010001100010100011111010111110001001101111000100110
011101101000011101101100000100010111000100011001011111101000001100101100000101001101011111000000
011010010001011100101100100011000011011111000011011001101010001111101010000001100010001110001011
010100101110010011111010101101000001000111100010001010110110101101101100010001001011001110100000
110100000001110101100011011100001101100110100100100011101011001111001011100100111000111000010010
011110011111111110001100000110010010110011111000111000100001110000110110110111001101101101101000
011100011011010111001000100000011100011100101100111110100101000010001101111011011010110111100010
100111000101111100111100101011101110001111001011001100010100110000111001101101100110011111011011
000101111100000100011100011011001111010000001010101101100101110010110110101000110000011000110100
010110010100000100101101101111110000100011011000100111011111011000110011010101101010001011110111
110000111010001010000010001100100010101000010111100101100000100110011101101110001101011000110011
000110111111010101111111000111010110111100110010011010010001010111101101111101111101100111111100
000010111000011010001100111110010011010011100110110100001010100001100111000011011000001001111110
000111101000111010101011010101110110110110111101111010001110111011010011011001110011010100011011
000000100111100011111010011011011010001110000001000101001111011111110010100101001111001010010100
101010011001101001001010010110101000111000110000001110100110111000011010110110110100111010111001
100101001110001001101000101101001100101010000000011101000011111000110001010010010111111110101100
001011011000110011101000000001000101101010011100100111011010011100101001110001111101001101101001
110100101110011111000111001110011001010011100000101110011110011001101100010101010111110111101110
110001000101010111101111000011100110011110100010110100110000110111111011010000001001001011011001
001011111100100010111011011010101110001111010110100110000011111110101011110001100010101000110000
111111101011011001010101001110101110001011111111000010000010101011100011000000001110111000110110
011101010011101111010011010111001101111000010111001100010001100111001110010010010100101000101001
101100100001100110011001011000101001111100110111101000101001010110000001100000100000001010101100
101110100111001111101111010111111010000000011110101010000101101100100100100110110011011010000111
110111000111111100101101100011010000011010000010001011100110000101100010110111111101111010111110
101110000001100010101001101100111101110001101101011001101010010111111111001111011101100001111010
101001111010011111110010100100101010111101001101101010010000100000100100100101111110010100010001
111011011111011011010100110100111010001100110100111110100110101101100011001010011111111110010000
110011010010011001000010001101100001001111100111101001100111110101011100011001101111001100101000
010011010001101111010101010111101011000000110011100011000101100101100011111000001101111110001010
011101110110100000101000101001110101100101000100100100110100011001110010101010010000010101111101
010101011110100000001110010101001011010100101111111011100011001011010011010001011000011111000101
111110100100011011000100111001001010101000101011101110111100011001100010011011010100000000010000
010110001100101100100010001110100000011001110101110011111011100110001110011100101100101110000011
100011011010011100111101010011110001101010100110001111111101000010110001010001011110101100101110
001110101111101001001001110111000001111111110111001011000110010101110000101110001010001101000001
111101100000101110011101100000100100111001111100011011101110110111000100110010111100010101110100
011010101011000010000110101011001001010110111010011001100100010100011001010111100000001011111010
100010100000010011111111011111011000010011111000111110111010100110001111000001001100011000110001
011011100001001011100011011110111100101100010000011000110100000100110010100110011110011101001111
110001000101000100001111011111001001111010110010001111100011100111110111011000111011111001001011
010010000011001110000000000000101010011110010110110001010110100111101100000100011111111101111100
110101000100100000000001110101000101100100011010001011100110101111000011001011110101101001110100
100100110011000100010001101101101111110110010100010110010100000011001101011111001000100010111011
101001110100101010111101111010010110010101010001100111001111111100111101110011000111000110110111
000000101111001101101000100100110011100001001010101001000010110001111101100011101001110110010101
100000110100111011011101110110101101110011111101011110001011101011000100001010010110101100110000
010010100100011110000000111100001011011100101100001011110101111010010000111110011001000001101011
110010111011111000101100111110100100010010100011011101100111000111110111000001010100010001001000
110010111111110100011100101110101010010001111000011110011111100100101101000101010100101100110111
001100100011101010110000010111100110001000110101110001101000010101101001010101110010000111001101
100111001011011101100101110110001111001111010100010101000010111100101011100010110011100011010101
000001011101000000111110000010010111111010110001001100011101011011001101100100111000010110001111
000000010100000110010110001010101110000110011111001000001001101001101110100111010100101011010010
100001100111111001100011100110010111000010010000110101111001011001000010101010111110000110100000
111011010111110111001000010010100110101010010111100011111000101001000101000011110000001111111011
001101001011011011010000001000001001110001111001101101100101111100101001000001101100001010111001
101000010010011010101001000101101111100010010111010110010011000101011000011000011010001110010101
110111011101100100110111101010010111011111110010010000111010010111000011010101000010100100111110
110001101101101111001001000100100110010011101110010000010101010100011111011110110110011000111011
100110111010101010111110011000010001110110101000010100001000101101010110111010000111101111011001
101000111010100010101010110100010000001111110011011001101100100001000011111100010101000101010011
111100000010110010010110011101101110010110000110111001000000100110000001111100000111000010111100
000011011101100010110100011011100011111011010111100010100010111101111101111100011100100101011110
101111100101110110110001001101110011011101111000001110110010110001000010000100000010100000100101
000001010011010010111110011000001100010011000001010000001111111101010000100011010100100000011011
010101101111000111001110010000101111111011101111100101010101111111001111011100001110000111010100
100001010001111111011000101111100101101110000001010101101011010000001101010001001101110000101101
010011100001110011001111011011111001101011000000001010011110101010101011110111001000010000100111
100011111011101010110111100100001110101011010111010000001111110110000001101100100111111010101101
010011001000001100010110100011011011010010111111110000000100110010111001101000100000001111011100
111000011110111100000100000111100100100101000100100110110010000000100000101101100010111001000111
001111000001100000100110110111011101101010000001111001111110010111010010111111000110001011100110
000001001010100001101110111011111000100100111100000010110100100101010110001000100101110110010001
000001110001001000000011110101001000110110010100001000001110100100000101101010011010000110000011
011001110001001111110101000110010110101110110000000101011000100110111001011010010010101001010000
100001111000101101011110011110110101100011111100010110011101011000111011100111010001010110000001
111001011010001010100010011100101000011000101011111101101000001110111111001001011110010110111110
111011100110101001110000010000110100011010110110001111001110010001110010101000001110001010100011
011110001010111000010101001010010111100100101000001010000011111000100001001100100011101100001011
010111111011111000100000000111101010011000101100100010100100000110000111111000110011011010110011
110011111110111000000110001111111000000100000101101001111101101011111101000110011010110111110100
111010001001010100110101100010110000100010110000100011000010100000000000111001111010000000100010
111101110110110010000011110111110101010101101011111100011110010110000101000100001100001111111000
101000100000111010100010000110001000111011011110000010000101000101101000010110000011000001101011
100111001001000100011011010010011011111101000111110010110000101110111000101011001001101010011101
100000010110100011101010001010100010011101111110000000000000110001011101101001011000000110110001
010100100010011100000011101010011110010101101000000100001001010000100100011001101101010001011111
101100110001000111110100010011101101101011001101000100000001111010011111001011000001010011010000
110000010110011100101100010001110110111111011011100111110100010111001111001111110001110011111110
111010010010110000001110011111010110011011010001001101110111010000011111101000111001010111011101
001100010010101011110100001110100101101000011001111010100101100010111000001110111010010100001111
110010000001001000110011100010011001101101011101001101101000100011111100101110011011010011111011
000100001011011110110000110010000010001100100111000101100100111000100000010001000011100000100010
000001001111101011010001000011100011010111110010101011001010100000011011011101011100000110001111
000001100110111101011011101001001110011000011111111011111000000100100000011110000100111100110011
100100100100010011111111001100100101001100010001101111000001010001111011111010011010001010000011
110010011011111001011100000100101010101100110111000010100000010110000110000101101100000001111101
110000110011110011110100001001101110110110111001101001010010011110101011100110001000001010111010
000011000010101111111000000111000111001010001000000111001100110001010011001000100101101010001110
011010010000101111011011101000100101100010110110100100101100111000001000000101110000011100011100
110101010010100000001100100001100010001000100001010101111000011010001100111100100100000100101110
001001101010011101100011111011111100010101110100110100001111100010100101001110101100001101001111
010100111001001111111010100100010111010111101100001100100011101001010001110111100101000111110100
001011001110010100000011000111110010100101101111010001010110110101010100010011110011001001100001
110010110111101110100011010011011001011000101001111000111111001110010110110010001011101010001101
001010011011000011111001000011010011010111000111001101000010000000001010100010101111000001011000
001111011111010101010111010110110111010100000010111001000111111101010100110100000101100010010000
000111111110010000001100101010110101110001100010011110100110000111110111101110110111001101111011
100010101111101001000001100101110011000011111101101011000101111001111100011010001000010110000001
110001101000011000101011010111011111110111010011001000101110011000011110100101110111000100000010
010010010111011001100111111100000010111101011001111101111100111000011011001111110111011010101110
100101100101001101001110000110101010010011110011011000100001011111110011110001011100110110010010
001000011011111111110100101110011101000011110101000000101001011100011110011011100001011100110100
001101011001100011111101001110101111010000011000011001101000101001010101011101111000011001000000
001100110010001101110100100001000001111011000100110001110011011101110001110001110110001101111111
111000111111110000100011101011011100101001001011110000111010000110100010000111010110101001110101
010010111101110010011101010111001001101000101011100111111010110100100111110100101000100000101011
001111100001010011010101101100110101011010000101010011110101000101001110110101000100001100000001
100101011010111001111010101010000110010011110111010110110011100110011001010101010100111011101000
000011000001001100100110000011010111010001101100100011000111001111100010000101000010100100101001
001111011010000001101010100010100010001000010010100000011110111011100110111110010000110011001111
110110001101000010110011111111010010101010110010001010011011110000010100100010111110101101001011
101101001011001011010101000011010010101001001010011011000110111101011011100100010101100000100011
111101001101010011000010001100101011100110110011110101101100010010011010011000111001110001100111
001111001101010010011010001101111100101000000110101011110011101111010010000111100110011011110111
010101100111001010100010111011011010000110100110011100011101101110000001111010001111010100000100
111111111010011101010011101011000001001101011001100000001011101011100101111110011111000010010110
110111100100110011001000010001010101010101010101000100110110010010001111010101111100001101001100
111101001010000011100001001000100111000011001101111110011011000100010100101100011011010010010110
001100100000011111100010100010101101010100100100010110010011010110000101111101011010011000110101
111000010001101110000100010111010100110100111001110101111101101001111101000000100000000011011000
001011110100000101011111110111010001011010110111111111100100110010100111001010000111010001010101
000000011110001011001111000011100011111110011101000000101000101001100101101110010010000111101111
000100010101101101011101001101000000101000010110110000011100010111110001011001110011000011011110
000101101101100010010010010110011101111100001010010100001001110010000110001010101111111001101110
000010010101111010011000111100110110111110111011110000001011110000000011000111001110001100010101
111101100011011000100110111011101010100001010111110001010010010010001001010111001111110011100100
001000100101000001011100010011110011111100011000000100011111101100111011100001111111010001101110
010110001001011000111001110001110000100111111010000100101000110001011101110100101000001001110101
001000000100101101011101000000101101100001100001001110000111000111100111011101010000010011101010
111110100100101000100100100011111011101111011011001111111011101000101100110101111010101001000110
101100100101010100001111110111100001010110000110111110110000110100100000011110111111010100000110
100101011111110010110100001100011101101101110111110001101011101010000101010101100000000000011110
001100000010110011010111100011101000101100101101111010000010000100010000000110010010001010101110
101100000000001111101110111010000010010010000011011010001111101000011110000111101101110101110010
111000101010011011001001011001111111111010000100101001011001100011001010001110111101110111100100
100011101000101001101101101011010001001111100111100110101000011011000100110000110101000010011110
101111001010010101011101101111101111100111001010101101001001100110110000000000101010000000011111
001001010101110010011010011110101001011101100110011011100011101000011010001110111111111111100100
101110111011000001110010110101001111001010110100101000001101111111110101010100001011011111111010
110001010100010011111001000101100100000101011010010100011101110111001011100011011010011011101001
000010011100010001100100000111011011101110000001000111110111010010010111011011010000000111001100
101100101001000100110011000001001010001111001100111100000010001110101000100101111110101100011111
000110110111101111010010001111110100101111110111100111011000100101001111101110101001101110101011
101110001000010011111011001001011001011110111111100100010110010000011111110001101111011010010010
111010011101010001000001100110101110110100010010001110000100111010001111010101111000001011011111
101101010001101101100110001000110011101101011101010000011100101011101001101100100100010011011001
111110011101111000011011100100011010011001001100111101010010001001111110110001101001110001110101
000101000101111000010110100010001101000001010110100001000010101100111101010110011001101110100101
110001110100101111100111001000100001111010101001010011101011100111111011001010101101110110111111
001111001101100000111110101000110010101000001110110101111100101001111011001100011110011100111011
000001001100100000000110101000100011100111000011011010001000110010001101111000001001000011000110
100011101010110111011101111010100010100111110100001010101111001011010101000010111111110110000100
110110011110000100000010011010011100111101101101001001110001110000101000101011101110100111000101
011100100000010010001001010011010101010001111111000000010011100101110000101000110100010000100111
100001010010111111111001101101100000010010101000101111111000111111100100001011001010001101110110
011010111100101010111100001100011000111110111101000111000110101110000000111101100011100100101111
010011111100110000000111100011010011110111010101000111010111110111111101100011010100100001001100
001100100101111100001010010111110100000110001011010100101110111100111110011100001111000110011010
101000001000001001101110111001000000000001111001101110100010101001110010001000101110101100000011
111000010010011010101101111110000101010100100110010000110011000010100110001001100110101001111001
011000000011101110110001111010011111011110011001001111011110000001111010100111010110001101101001
111011100110000111001001000000010111111101101010000011100000000111111001011101000010100110011000
100011101100111010101000100001111001000100000101011011110011010111101001011001111110001101011100
011101100111000100001100100001111110011100101011101001110101001100101011001011010001001100100000
010011111011100001001011000010101011101000000110011001100000100011101001110011001001011011101011
110110011100111100011001000010010011101000111110001101010100001001010111110101011010110011011101
101011100111110110000110100110111101111001011110001110110010000101101110011000001111001000100111
001100000111000110111110101000110101001001010010100111011100001010100011100000101000010011110110
001000010100101110101110000111111011001010100100101110001110100000010101110111010101010010001100
101010100100001111011011111001100001111101000010110001101111111001111100011101011110011001111011
110011110100111010111100001010111010110110101001001101001101110100100100001110111101010101100000
101101010000111111011101010111011001101000010110110111101001011111001000101000110000001010001100
110110100111010000010000001011111001010100100011100111000001000111011111100010001101001110111101
000110000111010111010011010001011000101111000001101111101011001101111000100011010001100101010100
110001010010101101000111100000101100100101110000010101110110100100110000010000000101010001001000
110001001010100001111000010100010001011101011110011101100000000001011000110000010101011001100110
100110000011101000010110100010001101100101111000101011110000001101001010111100111110001101101101
101001010110011011010000111011111110100111001111100011110100111000001111000100001110101100110010
011011010000011111110100100011111010100110011000011000011001001010100101000111011010000011101000
100101111011010001100011000110001011101111111101101111101010110011100100101100010110100101110111
010011111111001001111000011100111110111110101110010000001001110101000111101010011001010100001110
001111000000001011010110101001000100110101101111110001100001001110111000111001100111000101011011
011100111100110110000001111010011110110110100100001011000100000011010100111100111110001001100101
111001000110110001010100001010100001110010001001000111110011011011000000010000111101011000010010
010110110101110111111000011101010100001001100001101001100110010101101010100000011011110110111110
010100111000101101010011101100100010100100011101011011001101110110010101110001010100011010111010
001001010111001011100000110111111011001111101110011011010010011100001001110010010010111100001111
001010111001100110010010010111111110100111100111100101110101000011110010100001100001111011000110
101001101000000010110001010110011100010111011100110011100110100111010100110110110000000010011110
110110001100100010001010011000001111010101111100101011001010101011111001010110111010110010101010
010101111101110110011000110001111100000110011100111110111101110110110000011100110110001100100010
001010101111101100001100001100010111010101010110011100111001100101000101011111000011011100111000
111001001100000100011001100101000001011001000001111101000110111101011100001100110111011011011011
100000110011000000101000111110010111101000110000111001000110101110011111101001100101000010110110
101111101010000000110100110110100101100000010011100101110101100110110010101001011011000010010111
011010101100111000010000110101111111110000111011001101000001000111000000101011100001110010100111
010111111101111101101011110110001111011110111101111000010001111010111111100000010100001011101000
110111111111101110010000110111000100001100000100110110000111111011111011100000000101111111010100
010101110111110011001100100101110100100111010100110000001111100110111111100100010011010100100110
011100100100101011000010101111101001100100011001000101101101111011100011111010111101111111100100
010001010111010111101011011001101100011111100110111010111010001111011101101010100000011011101110
010100001011101011011100010100110001101011101010111011010001010110011000010100101111000010101001
000110000101010110101000000011010111111010100010100001110011010111100001000010110000000111100110
100100101011111011000001100100110101011100100000101110110011000110000101110101100011111101001011
100010001010000111010101110101011101111110001100111011011101101010111001111010110100000001010001
111011110010001010100011101101010011001010110000101110010110101000010110001100101110110111000110
111001111000101011111000111101101011111011001000011100001111111011100001101010110111010110111101
111010100111100100010110011110100110000110000011100000011110101110100010110011101110001101000101
100110000010111001101101111110011000111110111111111010011001101101010100011001001001101110110010
000111000101100111011101111100110111010101000010001011011111101110000010000010110110110100111011
100011100110001010110001111100010101010000111100010111011111010111011001101011000111010111100000
101011110111100111110000100110110111000001111000001100001100001111101101110101010101110111010100
000100010101110011011011010001011110010011011010110101001101111101101000010110100010110111000001
101000110011001110111000100010101001010111110101001000110110110011011000110111100000100111101010
100011000000010110001010111110010100101110110101100011001111100100101001001010010010011011001111
010001101001110010010110111110110101100010101010111001000011111111000010101001010111011010110110
010100111010001111001111001100000011101110010111010000100101000010001011010000101101100001110110
000111001001010001010110111100110000100100100100101100001001110111100001001101111011110000111001
010001000101100010011010001011000111000001011000001110111001001001100111010101111111011011010010
010101101000001100010010011000111010110000111101000101001000001011100101010001000110110111110000
101100111001011011101100001101000000000100010001100101010111111001011100110001110001001010000101
001101111100010101100101010101000011000101110011010010000100011100001000101011010010001111111101
101100110101001100000010100110110100101010000100000100111000110001001100100111110010001110101011
000000100001001101111001001100101011010000100011000010101110111010101011011110011111110001110100
101010101010001111011110001110111001100101100010000110011101010000110101000100100111001100110000
011011101011101101001010001001001010100101110101101111101000101100011101011000001011011010001011
101100101010001111101111101111000110001110000100111101000011000100111111100111111111111000001111
110110110100011100101011101000010010010110000011100011010010110011110010110000100100100000100111
011010000101000110100101110011111010100011111011110101110100011000100111000100100110110010101101
011000100011001101111110101101001111101111011111110110000001100001101110110000110101011000110110
000111010100101100011101100001110111101100100001111011101100000000001100011110101111100100100111
010101101011011010000011111111011101001011000000000110101011111001010001010100010010111100001110
111000111101010111101011011000001111110010010111100011000001010110010110011011000110000000111110
001010100101010111110111011111000001001000100100011000001100011010011001010101010010111010101100
100000111001110101101011111011011011101010100100111100100011000110101111000111011111101001110010
000000001110000110100110111000000100111110101101010011101101101001100101011000111110101011001010
000011100110100110110010100110001000010110100011000100100010001011101001010111111011101101000001
111101000101110101010100001000111001101100011101010100000111111011010011001110011000110100100111
111000111111100111101110111101000010110111101111011010111001100100011111101111001110001101111111
101110100011000001111000010100111011011110011010100000000010001011111110011000110101010001111000
111101101101110000111110010010101010001110111010101010111111000111100100010100100100010111000001
011000011000011101101111111100011011110011101011011110110000001010111111011111011110010000111011
000011010000010111100011000001011011100010110000110110001010010111001001111111111110111110101111
001010000101100001000011010000001011111011111110001101001101001100111001001010101011010101101101
011011010110101100110101111110000111000010101100110010011100110100000110101101110110000110001010
001110111101110101000010110111000000110011100100010000110100100011000011010110101011101000111110
000100001010111111010111100101101010010000111011010110100011011001011110010111110010001110001110
001011100001110010001011001011101010100010101101011001111101001110110011011101111001010101000101
011011001010010010001110111001111000010001100100111001100111000101010001001010010100110001001001
010101101011100110000110000000110100101111110100010011000000111011000111000011110110110000000101
010000010011111000010001110100001000111110010101101111011111010101010000101000111100001010001000
100010010100011010000110000110101110010001010010101101000111000110000111110101011000011011010101
010101011110000010110111111110011100010010001001110101101001000101101001100101111110010101101011
011111011010101000111010110100000010000000011000101110101010001000100110011010110101111100011001
000100000101101011111011100111100010100001110010111011101011101101100011100100110111000111010110
111011110101001111111001111111111110100100110011011000101011110011100010011111101100010000010011
011100010010101110101010000011110010101000011011000100010001010001111001010111001011001110100101
010000100000100101010101011101111010100100011111010001001011101100111000010001101100001010100010
110110011100101001101001101111011010010010010101010101110000010011011000010110101010100000011100
010010000010010001010111100000101011110001110001100111000111000001010100101001110010001010010111
001111001000011111101001111101011110000111100110010001011101001001110000110001010101110010000011
000100010101100101011001001101100100010100011010110000110101100101000011010101011110001110111110
001001101110100110110000001111000110000011101101011111111000100111110110110010101101100111011100
011100000111111111011000100010011000001111100001001101111101101000110110010001101010000100101000
111011011010010000010100011010110110001110101000110000001101111100001001110101100011001001010000
011011110001110111000110100010101000110100100001101010011101000101100001100110000001110011110000
000010001000110101001111001001100110101101011011011101001100100000001111101111010010001101100101
000010100000100011101010100111010101000110110010111101111101001101111101011101000100001101001000
111010000110101011110010010111001000100010100011001101110000101010011010110001101111010010111010
101000011011100001111111000100111100100101110100100100100111000111111000000011010100101101011101
010101100001000111111110111001100010001111000011001101101010010101010110001110010101000001011011
101100100111111100011010000010101011100001011101100100111111110011000011110111001000100110110111
001111011000110011001101111010101111011100011011001001010110110010110111011110010110110000100010
100111011101100111010010010100100010111110001010100001110001100100110011010100110011010010001101
010100000010111011010001110101000001010011111110010010110011001000011100011110111101111001101011
011101011100110010001111110111111100000001101011110101011001000010100101011110000000110101111110
011001010111010100010100100010110000001011110000110000010011101110110001001100110101111011110101
110110011111010100100110101010101111000011010000011010001011011101111000111111101001111000000101
111010111101010101101011101101000000010110001001111111100011101010100110001111000100011111000100
011011100000100100100110010000011000010000000001111101001000111000000100001011010100110001101000
010100010110110101101010001110000011000000001110010001001100001101100011010101001011001010010110
000011100001011110110001011001001011000100010001100100011100010101000111110000101011111110001100
001101000100010000100000011001010100110111010001001001010010101101001001000011110010000011010001
101011111110000110111100001010000010010100111000111011011001101101010100110111000110011010111010
000111111110010001000101100001111010110001101100111110011110010111101010010110001110100011001111
110010010000111101001100100100101011010000010010000101001010100000000101100101111111000000111011
101100111000110110100011101011100000001011110011010001100010001111000001010011110000110100001000
010101111000001101010000010011001010101011101111001110001001111100000010101110111110110101111010
111100010011110000011010001100101011001011010000110000001001000110110010001100010101100010101111
001111111110100111000100101111100100011010111001101010010000001000100101101101011101000111101100
111000010111011011110010100001111110100001110101001111101110101001010111101001100010000111110101
111011010000001110010111001010111000100101100111001000110110010011111111010100100110110100110001
110001101011000100010110111011001001011000111001010101010001001000000100001110010010110011100000
000000100000011111011011010100000011100010001001110101111001110100111110101100110100101101000001
101101110010010000110101010111011001101011010111111000101111011011001111111000110101000010000111
111101111010011110000111001100110101010101011110000111111110010010100100010100101111111000000110
010011000011110100001110011111110101111000010000010111010010010001110001010011111010100010110110
110000110000010001111101111011110110010100010011000010011011001101110101010101011001000000110111
101000100001101101000101111001000000101001110111110110011010001100111101010001001000100100000010
001100000111111110110101110000111010100011101100100111010110000111010110100100010001000011011100
101101000000111001100000010011101010000000100111101011011010011010101011011111001010100111011010
011101111000110101001100010100011001100100000111011101111101001100100101101001101101111000101010
011110110010001000101101010010000010001110110001100011100001111000011001111001101000010001100101
011100011010110101000100001110010001100100111001101100111000001000100111000111111110111001101011
010010001011100011110101001010011110010111100100100000010101011101111100001110101000000101011101
011110111110111111101111101010000011100001000011100000101110100011101000010101010011101001001010
110111100111110100001110110101011111001001110011101110111001010010101000010101000101010000100111
110100011100011111100000001101001011111001101011101110010000101110101001110010000100110110010011
100000111110110100100101110011011010111011101111001011100000001000010000100000110100011110010001
111010010100101011001000010110000100110011101011101100000010010010001111011101110111101101000100
111010001101100111001110110101110010111001001110000101001011011011111101100111111111100110000110
100011010110110100010111011010111011100000100001010101111101101011101111011011010101101100011110
001111101011100010111001111000101011101001111010010110001010001111101101111010111010111101010110
100111011010011100001010010111100011011000010110010011100101010100101011111001110101100111011001
111110001010110100000101000000101000100110101010101111011010010010110111100010110000010110011100
000110110000110111100100001010010010101101100011001100110110001111100001100011001011011111111011
001010010101111110000001100000110110001100011100011011111001001010110101101010110010011000111001
001011101110101100110100111010110100001110001100111011001001011101010111111011111101111101000010
000001010011011111101110110100100001100110100001100010111001101101000011000001001001001111001110
010000111101000000101101011110111001000110100111111001110100101111010000101010011010100101110110
011011010010111001000100101011011000001100111100100111010111011000110010011011011000001001011111
001101001011101110111101010001110111111101010110101101010110000010011011111011011100001100110011
110011110011101011111100001001001010101000101010101001000011000111110000100111010010100101111010
101000011111000011010011000010111001101111100110000000011110001100101110000110001011100001001111
000100011001000101011101110001101110010101101010000100100101100001010101011001101011001001011100
110111110010110000111100101100111010010010001010000011111010100001111100001111000101001110001001
011100110111001000110001011110101000101101101101000010001000001010001101100101100110011011010000
010100010111111101001110110111011100101000001011110110100111010111001010011110110010101001000110
010011110111111110010000001001000100001011001101011111011101101111001100101110111100010101101010
010011101110111110111011011000100010011100010010011110110001001110011010101100011010111010100100
110110101100100011010011010111101011010010110110001001101001101000010100001011100011101001101100
100110111111000010000101110001001010011011111111001110100011100010000000101100100000011101001100
100001100101111000100011101010000100111111111011111010100111000101000000100111111010010111111001
000000011011001001010100101100101111011110101001111100010101111110000011101000100110110000001101
001110001111110110110110101110000000100111011110010101100001101101010101110111111000001010110111
111010011011000010101010111011000000100110011010110000011000101101000011000110111010100111011000
011000011101001110000111100010001011001010001011100010011110100010010001010110101111111010110001
111010100011111110100010010000100000010001110001010011011010010011000011100010001100011111010000
101010110010100100000010100011010000111000000000010110000000100111100111100111011001110100000001
010111010000000110100100101011100101010010111110111011011110011110111101000111011000111100100100
110011000111110111000110000100000001111101100100101111100111001100110101100100101111001110000001
011001100111001001111100101111100110100010101101000110101100000010111011111011101011101101001101
100011001111011110100000100100100100010110001010000001010001001000100100111001101001100011101110
101111111010000000000001001101110011111100101010101010010010000110000100110001111101101101110101
000100000010100000110111001011001011111100000001001011110101011110110111000010110110111110111110
000101111111101111110000111011110010100110011000010011001111000111010100011000011011110000100010
001010101001101101010000001111010010111110000101011001011000011101000001110101101000110011111100
011101010111000100111100000101110001101001001111111010110111011110010000100000101011100000010101
000011001101011100111000000011001011001111101001010000001100100000000010101010111110000000011000
101010101001001101001111110000011010011011100010111101010011100010011010110111011001001001110011
000110110001110100100010110000101111001011110011111001011011001100011010111101111100000110011000
010110001001110000011111101111100011001001111001000101110110001010101001100111011011111111011010
011000100010010001011001111011101111010111111000010101010101101100101110001100100011001000000010
100010001000010001010000011100010101011010110100111001000001000001000111101000100110101010001011
000000111010100100100000011011010101001101101000111000111100100101010101010110100010110000011111
011110011010101101111110110001011000000011000100101011101011010100100000110101001110101010011100
100110110001000100100000000111111000000110001011010000101010000111110011101011101100100011010101
101001101111111110000101100011001111110110111110110101011000011110110110110011100010001111111101
101110100101011110111001000101100100000010001111100111000001110010100100000111100101000111011010
011100010001001010101010111000110100100111000000010110001111001110011110001101001001010101010001
111010110110001100110101010001111101000110011110100011000100000100011000101101100111011001111110
000110010000111000010001001100011110100011100101111001010111010010110010000110111100100101110110
100010110101110000001111101010010010000101110110010000010110110000011110100100000101011001001001
001000100010111001101000110001000110101110101001100011000000011100101011100110100100010000010100
011011000110011110101000100000001111011100011010110100101011100010101101111110110000011001001100
001100001110000110001001000010101000101101110010110111001101101110011011000101110100100011101010
111001010110010111111011001110010101000011101110111011100000111000000100101010001101011001100001
011100000010001010010011110011111011101101111100011000110100000100100110111011100001100101010110
010001011001010111011101101010111110100010111111110111110111001111000111001111000100011100111111
110010110101101011101111101000001101000111011101110101101101111101101010010100101110001010111011
000101001000011101010111010011011100011110010101100000000101000101110010111000110011000101000110
110111110111100110001100001011100001011010001011001001000110010011001101010010100110111111111000
000110011111101011011110111101000110101111110011101101111001011001011011101011011100101000010100
100001000110100100101100100100111001011101100101101010110011110110110010100100100100100111000101
010011101111111110001000111101010101011000011001110101101110110010110110110010110001111100000110
001111001111110000000101011100110111110001010000101011000100110110111110111100011111101100011110
001100100000110110100010010000100100010110100100101111111010001010111111000100101010101111110110
110111001100100110011110101000001101001110111110111100111110111010001111011000000000011110100010
110101110010100001101100001100010011100101111011101001000000101000111100010001101001001000111110
100111010100100010101010101101101010100001110101110010110001010011110101101111001100000011110100
101110100110010110110001001101110110101001111011000111001101101001100111100100010000011101001000
100111011010100011111111111110010001001101100001101001101101100001110011110110000110010111000000
001100110101111110011000010001010001001000011010011100011001001011000001101110101110010000110001
011010101100101101010110110110111001001101110110110010101010011000001111110101110010111010110010
101111111111100111111010100110011001101100011111011010101101001001010001101001101101011001101001
100110000011011110001110011000101000110100111111100100101100010011110000010101100110100000110010
010000100111110101101100100011011110100000110110110110001110001000100111000100000010100111100001
010011000111000000001000100010001011000110001001000011000001001000100110101011011011101010101011
110101100110000011100011110011011000111110011110101000101111100011101101011111010010001001010110
011010010010111101000011010110101100100110111110001011011101010010111101110001001010101000000111
111100100101110000100001101110001000000011100111101001110001100111101001010110011000100100010000
100110110001101101011101101111101011011111010111111111101001111000111000000010000101010110011110
011101101010011000111101101010011000000110111111000010101111000101111000111110011111010101011101
000100100011110010100011101111010101010010110100010100010101010110100011010100001011101000111011
110011010101110011110011111111100001001000110111011000010110010011011110100100100101100000101101
111000100111100010110010110010000000100101101010001000011110011011111000111011010011001011110101
100100001101000111111001011001111010000011011000100110101100111100001010000010000110110010100011
100100001011100011100001001010000010011111010101001011100000010100000100011101000010000100101000
000011001001111010110011000101000001000111001010001011001011010100011101111000011001001110101111
010011000110100111010001111111001100000111000110000100110000101001011110000110010011011010110111
001010011001101111100100110100110010000010001110011000011100110100001010001100110110100011011010
101111100000101011101110111011110100010111000001000011111111101001110110110100100011111110100110
001101010000101101111111101001110111110000011010111010100011000010001001001001001010100100111000
010010011010110111101011001000101001110010001111100100010001001111001111111011001101111010001001
000011011110001000100100111011100001011111111001111000001111101011010100001110000110111111100110
110110000111110110110010011001110001100001000010011011011000110000000110111100111111001001100100
110101110011011000010011000000111110001001011100101001001000110101111010010000101011000100100101
000010100000010000110000000111101111100110000101001001110010111100001101000000011101001111010000
101011001111011010101000111111100001111111101111000001001110111011101011011001110010001110100010
001101011000111110110101001111110000100100011110001101010101110000001101101001011011111010110001
101111110110110000001010101010011010111100000110001100110101110011111000110111110010011111000110
111010011100000101000011110110000010001100101101110010011010100010000010101010000001010001110110
101110111001101001000000000001101001011011111100110110000000001000001100000010000011111100111111
001001001000011110101000101101110001011000100010011100111101011000101101100000100011010001111011
010010110111100100101111000001100011101000101100110001111001100000100000010100100010000101010010
001001110100110011111000000110110111110011011111111000100011011111001010000101000111111001101100
010110101001111111100001110001011001100011011100110001011111011010001110010000110000010011111010
101000110101011001000011111100101101110100100101111110000110111010000011100100000111011011110101
000010001010011101011101011001000000100101110111011110111001110000001001110001011111101011000010
100101001001110101001100001110110111100110000011000001000000001000000100010010011110010110001011
111101001011111101011010011110010011101100000110010101110111010011011001101110101011110101010110
010111101111001101001110100101010000011111110001100100011001100101101101100111110110000000111101
100100111000100000101010000010000110100011010010011110101101011011110011100001111111100110111101
000001110100010011011101111111100101010100010001111011111000000001110000100110010100101111110000
010010010010110110111001011010100100110111101010001010010010001000110010011001000001100110110111
100111011010101000010110100111111000100001001000000010011001001111100111111001011011101101011100
000011011010101000111110010010111001000000010110110001111100010111000001111000101001010100111111
010100000010011101010110010110010110101100010010000100001100010010100010110110100110001110110111
010010010110001111000011010000100111001101110111000110111000110011010000101010010001010011011000
110001001100101000111100110011000000011111010000011001000010010001011001010001000010110110000010
001001000010101110001010000011001110011111101111101001011000110001011001001010000011111001101100
000101011101000111011011110000000001010110010000100010111101110000001010110101001101011110000100
111111101010110111011000100000111111011110001010111100100001001100100111110100000100101100100110
001100011111011001111111101000001101111110101110101001001101100010010101100000101101000011011011
010011100101110001111111110101110000101110101110111001111100100001111000100101101110001011110110
100110010101110010001100101101111100000010010110000101110101101110011111010010001011101000001010
010011011000110001010100100001101010100101101000010011001100101110001110111111000111010011100110
001101100001011010110100000110000001100100100010010010001011010000110010110100011011100010010001
011101101001000110010111011000010000010011011010100011010000101010111100000100110001100100111010
111011000010110011000100001111110011000111100001100101010110110110110001001110001100001000011001
001111010101001001110011101100100101010101011101101110101100111001101111111100001010011001110011
011111101100001100010011011101111111011001011011110010110011001101000001001010110011010001010111
111011000101000110100011011100010110011010000101000011110110101000001110010010000000111001000010
100000101011011100001101001010000011100111011111000101011001001001101101110101010010111110010011
110010011000010110011011101010000010110010001101101000001010010011011100000010110101100001000111
101110000101001101111011011110010000010001011011101010111001000000000100101110001111010111100110
010001101011010100000100001101011010011100110010010100100110111100011001100001111001001011110111
010110100101111011010110100011011001111100000111011100110011001110010000100011000001010101100101
000111100010101101001010101010001010101000011010100000010010010101001110010001111101011100011111
000111000010100010010000010110000101111001110010000000010111101110100010001010011000001111001110
010000100000011010000010001111001111011001100011101000010100100011000101000001111100001011101000
111001101011011100110111010000101000011111011101001101101010010011100110011101000010111100110000
111001011110110000110111000100101110100101100110011111001110100100110011001100010111011110110101
111010111000010011000111010010011001011001010000010001100111000110011110000010011010000101010011
011001111111011101011010110000101111011000101010101101101110101011111001011101111010110000110111
000010010000110011011010111101001011111110001011101101011001011111011010011010110001001110010111
111110001101001000000000100001100011011011010101110110011100000101100000010110100000110010001110
100010010011001001101111101001101110100111111101010011001001010111010000010101100110000011001000
111110111011110010011010101100000101011101001101000001001101000001111010110010100101011001011110
110101101001110111110011010001001111101001100110100111010111111001001001001100011000101110010001
110111111001110111010100110010001111111010001000010111110110100111111111001101110011010001000111
100000101011100011011010000000011011100011000110100101110010110101111010100100001010100110001110
110010010010001100001011001001011100101001001110111101011010011101111101100010010100001011000011
001011101111010011110011100101110110110110111000011001011101011000110110111000001100011100101111
001010001010100101111110100011000000000110010100000110101110001110100101000101111111010101000101
111110100101101100111110011111111010110001010101010110111000000101100110010001100010101111011001
000011010101010001111101000100110011100011110100111110011100110110000110110010101100010001110110
