001001001101110011111100101010010101101000010011001101101100011100110110010110001100001000001100
001110111010101110100011000000101101001000001000100000110100011110001110000101111010100101100011
011001101011010100101010011000110100111101000000110011010111010011011011110100010100011101111001
101000010010010111111000111110100100111100100011001100010000111011101111011000100110001001101010
111110110101010101010101001110111111000011111011001010001010011001011001111100101010101001110010
111110101100000001011011001100110100110001101100111011100001111000010000010001001101001111100111
010101100000010000011101000100011111001000100100001010100111000011001001101000001001110100111110
111111011010001100011100010000101110000110110101001110101101010100010011000010110110010111110011
111000100010111110001111100110110001010101100100100111110111101010011010010111101010000010100101
011001011001101010001101001001111010101111100000010010101101011111101100100011111011001111010001
010001001100111111011100000000100000110111100001100110000110011000101001011001101011001000111110
010000111100010011111100000110000110011010001011010010111110110011000111111000111101100110101111
111000100110100001000100111001111110100100010001110110111001101011011111011000110101011000001010
101101001000110011110001110100001110100100011100001101101110000111111110010111111010101010001000
000101100010001011101101101001101100100111010001000111111110101111011011011001101001000011000100
100101011101110010101111100010000011100001001111000101011000001011111010011000110111100111110100
100101111110100111101101011101010111010100100110000110110000101010110011011110110010000000001110
000111000101101110110010111001000111100111011101010000011000011001111011101110001001101110010011
110001000110001110110100000111000110001111101100111000011101111001010010001110000001001000000101
110111110011011011101011000100111010110010110010010001000010111000011110111011110010001110111001
000011101011111100101111100011101001111010110100100011011001010101100011101010011011011001001111
110101110001111111100101000110000101111101000100101111010110001110001101111101100111000000110101
000010001001110000111110010101011011011101101010101000111100001000011101001100010100011000100111
100111010010000101011000011110101000111001010100110100110001000010001101110011000110000010001000
110001001010011101011101000010111011010001110011011100000001011010001011101101010100000001111100
000011101000001000111011100111111100101010100010010010101001100010011100100001110101010000111011
000011100010101010100011101001000100011011101101100100011110001011100111000111111000001100101001
011100000011101001110101110001000100110100110110100101000100111000111000011101001100100111000101
111001001010111100100111100101101101101010001110101110011010001001011100000101101110000100110101
101101010010101000001110111000010000110000010000010101111000101100001001011000010001011000011110
110011111001101000010001000001001011111101100010000011011110000011111101111111101101011001000000
011100001101010100100100011011110110100100110011011000011001101111110000001010000100111110000011
101001111011111111011111000111001011111000011101000110011001101110100001010110011100100101011001
010110010110011101101111100000010111100100111110010001110000000101110101101011011110001011011010
100100101001011110100110010001111010101110100101010110001101100001001110010010010001010101110101
011110101011011010001000011100000100000010011111011000001001100011101010110011110010110001001001
011101101011101011101001100000110000101100111001001100000111101010110001000011111001010101001100
100110010001011100000111010100011000111010010100011110000100110100000101011001000111001101010001
010100000000111001111011110010011011000010100001111101101011110010101101111010000101100101110011
011001010000110101000000110000001000100000000110001110001010011110001000000100110011100100110001
000010100110111001010010000000010011111011001111000010111101110011001111010100110001100111011010
011010010001001100011001111100010111111011100101000111101100000011000101011010010000111111101110
110001011101111011000000110110111000110010101100011100010000010101110100111001010100100000001011
000011011000001010110110101001100100001111011001011101010111110001010110010100000000010110001010
110101110011011001101001001101110001000111010011001011010100110110110010110001001110111100011010
101001111101100000011000110101110000011000111101010010110110001000010000100101010111101000010101
100001101100000110110001000001111011101010100010100010110010100010010110100010010010010001110100
001110100101111000101101011100110001001011000000001011111010001000010011111000111100110000011110
100111110101110100101110001110101011110100100000000011000011011010010001011110111100101000000111
111101011011100101111111010010011100000111101000001110100001100011110001001101111010000010001100
110001100001010001100010000010111001111100101110010100001011100001000101011110110101011010101110
010010000100001100010111011011110111010010100000101011101010001111111100111011010011011101000111
001001001010111111001111011010011010100110111001101001101011010001101010101100101001000010010110
100100000111111010011101111001100100111001100010000010100001111111101010011010001011011111111010
010111010100101011110000000110011010101101101000111010100100110010000011100000110100000100111010
100001010001011100111111101010011010101001110101001010111010111111001001011111100010011011100001
001000010000101001001100101010010100001101100111111001001010110010100101011110001011111001010011
110010100000101100010110110101011000010011101111001100001011000011101100100000111100001111011111
000101000110111100101000100100000011010000001100010101011000100010111101111101001010011010001110
001101111011100000011100110010000001000010010001100111000011101000000010101101010101100111000101
101101000101101111110100001101100000110111001011110111100101000011000000001001010111000110010111
010010101111101100001100111101110101010100001000000111110101111000110111111001100101010111010011
011000011101101011000000000101111101001001100111110010110101010101010000111011110101111001000110
001011110011011011111101000011111110010010100101000001101101101110111000010110111111100011010011
100001100111001110110011010000110000101011111101010001110010110101000011100111000110101010110001
000111010100101111000101100101011111101110001111010100001110100100101001100100011000001110101011
110110111111100100000011001001010101010011111111001001111000111011100001011111101111011011111111
110101101010011001100101011101000110100110111011100001010010010110010101000011011111101010001000
011111010011111110110011010110111000101001010001110000001111000101001010011000100110001110010101
111111011000000001000010111001111000000101000011110111110101100001101001001111000001110101000000
001111111100100011010010101100001000011101110111000100100101010011101000110001000111001111010101
111010101011010000010010101101111001000000100111111100110000011111101001110110100011100000010011
010110100001001011000001101100101101100100001111111001101110111100111111101000011101011010011001
011110110000110111101100110011110111100000000011001011101101001010010111111001001001000101100110
101111111011001000000111111000010110010000101111101100010001110001011100111101110011110110001011
111100111110110111010000000000101000010101011010011000101001111110110000111100010110011100000000
101001110101011101011001101101110111101011010111110011101011001010001011000110111001000011011111
010111101110110000000101000001111100101001010101110000101110000110100010010100111000100001000110
100111111101000010001111001000000111101110011111100100011010010111000001001111000011010110111001
111001010001101100011100101011010101101110010010001111100001010100100110001101110001000000100000
110000100110000110100000000000011001011010101000110010111001001111101101101000100010111010101110
001101001110101001101111111101000110101111100010100110101001001011001011001111110111010011110101
111010000100000100101010011010010001010101100010000100001111010001000010000010100000101011101111
101001101101001100001001101001100001010111100011011110010111111000101011011111001010001101110110
000100101111110101001101011001100110110010010111000001111001111010011101100110111110101011001100
111011011000100100110110100110000100111101010101110001000100100100111101101111101001010011110101
100111111100111010001001001011100010101001111010111001110111101111100011010101011101001001000010
000010001000111010101111000100101001011111000110111000010010100001011111100000100100000001001001
110011010101000001000101111101000111110001010000111110111111100001110110000101100110000101010101
110100100111000110000011100010000101101101011010110011010001111001110101110000100100001010001110
011111001111001001101101100011100100110101010110000100000001001101000101101000100010110100100111
100110111110110101010101001000100000010100111110100001000110000111010101101101110101010011101001
100100010100110011011001100110011111110101110001001011001111001111011110000001100111010101111001
010110000111010100001100010111100001011011101000001000010000101001110100011100010000010001010100
100111000110111000000100100100101111010101100000110001001100111110101110011011100010000101101100
000010011111010001100000101010111110100001001010110101001100101000011000000001001101000011010000
000011000110101011110000000110100101000111011010010001000110100101100111111100001100010011111010
110010101000110101011110011001001110000110110101111101100010010010101000110111110111001001000100
010101001110010011001111011000011111001101111001001011010001110101001010011010101100110001011111
010010011000101101100000000010101000001000111001111000110000110000100111011000110110111001000111
110101010100111001000011000000001111001111010000100011110000110111001100111010111100111100000010
110011111101110111111100101011010001001000110110011010110000100100110010110001010001001001110101
011000001000110110101101001100101011111000100011101011100100101101000000101110010000000010001000
111011100000101101100111000001101010010000101101101000011000001100101010010011001000101101011011
101010000111101010111100010110111000001101001010111010010110100111110110101011001101000101000110
110001101000011100001111111101101111001000111111011110000101110001001010111000100110111000101000
111010011111001111000000100100111000010111100110101010100111110011110000011100001100110011101001
010101101100110001000110101100011111110101110011101001100010101100000010011001000000101010111110
000100000001110000111101011101000011100110000010001000101000000111011100001110000011100011100010
011010110000010011101100111100110010111000101010110001000101100110010110000101001010111001111101
100000010110011010110111000001011110101110011110100111101011001000001101011001100001010001001111
110111011111110111110110000000110101101101100101000111000110111001001001100010010011100000010000
000001000000100001000100001011100011101111010110011100010101011001011110101001101111010101011001
110111011001000011100111110100111111110001011011110001011001001100000000000011010100001000000100
001000010111110010011110000100001101010110110101100100000001010010001001010101011100111010010111
000010111101100110011111101010111110001111110101110010001101000011101001010000110000101001101010
100001000110011001100111001001001100101101110011111011101100100111101010101101110100100001000001
001111011111100101110100011011011010111000110000110110111010010001111000100100111010010111110010
000001100100101101110010000101000100100000111011010000110000001010100111100011010000001100001101
010101011101110101101110001110100111110000000100000011110100001110110011111010111011100101100101
101000110101100010010010101010100110111111100110100101100000111010101001001110101101111001011000
110101010011011111001010001011010101011010100001000111101010100101110111011101001001010111011000
011011100101111000111001101111001010111111101110010000110000001101101000101101010100011110100110
111010001110110000100101010000000000001111110011000010101101011111111100111010101001000101101000
011101000000000101111001101110101100110100111101000111111000110111011011101011000110110011011110
111111101010101000100011100010110000110010110010111010100000111000111000011111100001011010011101
010111100100100010101000010100011100010100100001101111111000110000100011001101010011010111110100
010000101001010000011110000110011010010010100010000100001011000011100101101001000011100100111010
000000011000000011110111110101011010110111100110110000001111000001111010011100100111110000010111
011010000011101010101110010110011100001100110000110011100001101010100111001000001110000001101010
111100101001011010100011001010010010110100100010101011000100011000101001110011001001011011000000
011000011100001000000010111000111001111011001110000101011000101100001001101110011101001101100101
011100100010110111110111010011010010010111111100101011100101000010011110110001101101101101100000
111110110111110001000010000000010011011010110001100100000100011001010001001011111100100100111010
000000101001111000001110111000110011010011000101110010000001011101110001001111000101100100110000
010100110001100110010001110000111011000110101101000001100001000111110000000110001001111011010011
111011010010101000110000100010110101011111100101110000101011011010111001000000111000001111010000
111111110001000010111000001001011001101001101100001100011111100100100100011011100010100010011101
001110101001010111100110110001001001111000101111000111110110001110011100001011000000110101111000
110101111001011000100000101101001000010000100010100110011010110110011111011111100100111001001111
111010111011111001111100001000111101110101101101101101011100011111001001100010111101001101011110
000111111010011110010101001101101011101011010100110011000111010001100011011001101001101010110111
001001011010110100010010010001101101011100011110011100110001000110001000101101000010011100111001
001010111010111100110010011101100010101100100011000111101100101111011011111000010101011111000010
110010111101110111101001101000011110000001000000011111001010111100100111000011000010111111101000
011000000011001001001010001100110110101111011110101011010011001001111001010010110101010101000011
100101101101010110001000110011010101011100100011100001011101101111110001101010001010000011100100
111101110110111000011101011101111010011001111011110100010100000111110010111110001100000011111111
101010111001110110100011011011101011110101100011101100011010100101101001000111111010001111100010
001101001111100101110010011111001011001110100101001111101000111101101110100100011110101000101001
110010001110001101010010110110110010110010011100100100101111011000110000010110010010101011011000
100100000100010000001111100000101101111000011001010000111011000001110111110110001010101001011110
111110100011010001010000001011010000111001111100001011001011011110001110011011001101110011000111
011001000011111010010100000101101001101100010001011000011000000010100000001101011111110100100010
000001000111001010111000010101100111000001000101010111101001100010010010001011111000010100000011
110001000001111101000011100011010011101100010000100101100001011101010001101110001110101100111100
010001011000001011000010100000101010101111001100010001110010101100010000001010101011001011101011
111100010111011010001110111000010101010100011011111001111110100001100100010101111111011111100010
000000101000011000011000011010101001010111100000000000010011100010001010001100001011110101101001
100011111000000110111000000000000010000010010100100100111010000110111001001111100111100100000001
110011000101100001000000010111010111011101011000111100010000110000001111001111010000001101010101
110101101101001111110101011011110110001111001000001101100100101100000000100000101110000011111000
001111010001110011000110100101000011110100110110100010011110101100010000100100101011111101001111
111001011101000001011110111100110110100110110101100110001100100011101100011101101110011100010000
010010000110111001100000110001100010110100110001000011110100011101001110101100011101101101111101
010110000110110111000100000010100100010101011100001111101101001001110000001111001010110111011011
110001001001011001000100111110111011000100110110100001000111010111110100110011100111111011000001
010101010100111111110101111110011101111110101101000000110111011100011011001001001000000000001101
001001000011111001111101000011110101111110100010111010001111101110101110100011111111101111110100
000000110110001011110110011010100011100101111000110001100010100010111001110001011110100011011101
001100011110000111100101101000110110111000011111100001100010111111010001001011111111001010000000
111111110010110100001110001110000101110111001000100000100100011011000011001100100110101101001111
111101010010010000101101100000011000110101011111101010111010011110001001110111100011000011011101
110001101011110101101101001010000001001100111110110100001011110000110010100100000101110001100111
111100001000011010000011000011111110010101010000101101101011010101001000111111110001010110101101
000111111101010001000000000001111100100001010111001111001111111010010001011001101000111110011100
000011101000001101110001001110010000011000110111100101011100010011010100001111011100011110111011
100101001111111101000100101000101010111000000000110111100101010001000111010011010101100111100001
101100110010110001000010101101110101101000011011000011111001111101111011111010010010111110101010
110100111011111001101001010100111010011100100000111010001011111011011110100011000011100111100100
101001010100001011001011001110101110101000000010101111110101011010010001110100000111100110010100
111001111011101110010101000100111111111010101000010011101100001100111011000101001101110010100111
001010010011101001011100110000011110100101001111010100111100111100010110110010111000001010111001
101111101100011010100111001100000100111000010001110001110111100101110011010011001000001110100010
001101010011111110100010000101010000011111110001001111110000000010100010001101100011011000100000
001100011011011100110101101011110000010100111110101110101100010100010000100100001001001110101111
101101111111000000001011010110100010001110110110111010000001001100000001000001000111001100011111
000101010100010001111001000100101011111100100101111010010111001100100000101011010111110000101111
101111101000000110001101111111000110100000001110101001000101000010000010001011101100100000111111
100100100110011100110111101101001000010000110110010100000000001001110111011101010101110111111110
110010101101110000101110100000000111100010110101100011101011010011110110101001001101110000000000
000011010000110110100110100110001011010111011101101111110010001010010001011001001100101001101011
000101000011110000100000100011010010000001101001101101111111100010101110011010010111001101111001
000000111111110100100111100101010111110110000001011000001000101110010111101111001000101110111110
111111110101000100001010010011001100111001100101111111011011101011111100100101111110110011010110
101101010100001100110101011000000001001011110001100001010111001110000001001111111111001110110010
010101110110011100010001001110001111011010000010100110011101011110111011000110110011010000111101
011001111110010000100101010000111111001101010011000000001100011011001111110100000100011000110010
010001111100110101100000111101000010100101000100111101000101000001101011000000111000100111011111
111000111000000100001010001101100100000001101011101110000100101110110111110110011110111000011001
110011001010001001011000100010001110100010001101011100100111110010111110010101001011110011010110
000111001101110111111100110010001001101000100001101101100110001101110000111110100101100100101100
111100101101011000001100110111001100001110101100100110010101000110010011110100100000100000100111
110100101000100000111100110101110011111100100101111101101000100110010110000111100100000011110001
001000010101010000110010101000001101001001000010001110010110011011011001100100001001000111000111
011101010001111000011011101101100100110100011110111111110001111100000010101100000010010000101101
001101001001010100001001000000001001110111110000111011001110011111001101101011011010100111010100
100010100100101000000100111010101101011100010010001110000010000010011010000100100010101111100010
011001110110001111010110101010000000000101010001001001011001000111001000011100101100011000001111
010100101000100101001000111001000001100001010011000100111001000100011000111000000010111001000101
011110011101110110111100011101101001000001010111111000110110100100101011111001000010010110010001
010001110100100001100101100001000001101101100010110001010100010010101011011101000111111001110011
101000010010111011000010001010101001010110010010011011101001100011001010000011110110110101011011
000000101000000110010101101101000000011100000101111001010111010000000011010100011011011010010000
000000010010101010001110111111111110100100100111101110110110101000100111100001101101010000011100
010100001011001000111011011001000110110000111010100100011010000001000110100011001000111010010001
010010100110101111101111011111001010000111011111100100110110011000110010010011000011011010010011
010100011001001010101001000010110110100001101011101000010101000110111001000000011100010100101010
100101000010001101111110010100100011011111001001000110000100010001100000011010111011110001111010
100011010001101011110111011000001000000111111001011110010111110001111110011011001000100101111011
011001000001110011100111011111000100100110100010011001000011101010011101011001010100000010110010
000011010011000101001110100000011011111000001111110101000010111101111101000010111110011011000100
100000110011011001000111111010010101010111111011011101010100101000110000100011101101100000001001
010011011110011111111111011001110000100100010110100011101011000011100110101101010001011001010001
000110101000001001101000000000001000100011001110101010101110010101111110011111011101101011010111
001001011100111001101010110001001100100110100001111000000101000110110010001010111100111110111010
010101000101001001101010011101010011100100011100011000010111011001000100110111001101100100001011
011000010101010010100110101101100001000110100010111111001100110110101111110100111101110011011100
101100010011101101011010001110000011111101110101000110001111101110111111110111001111011001001101
101001000100001011000101101101001011000001010111000000011010100100101001001100010010010111110011
000001101010100011000101011101011010111001010110111110110001101001010111100000000101010011000011
010010110101111100010001101101100100100100010010110001101001110110100101110100001011000001100110
100110011010010110001011101101100100100011110010111011101000001000101110010001111000011000010000
101001010011000000001111100011011111011101010101000000010100011101111111100011010101001111001011
110001101111100110111000011011001000001111110111010001100000100111100110100010111111001101011010
111010000100100000010100001010010101100111001111001001100110001001100000100100100011000110110010
101010000100111110100100110110000001001000011100110111001101110111110011010000100110010010001010
111110010000000000101010001011100101000000011111010010110010011010110101100101001101010001100010
001110111010111111100110010111001110100101001011001101110001000001011110111000011111100000000100
010000011001101111111011011000000001001110010111010111101011111110110111100010100011100100000101
010101100100100111110111101010000100010111111100000110110101001001111001001110100001111110111000
001001110010110000010011011100110101110011000001000011110111011111011100100110010010110111000010
011111100010110110101111101011110010010010111111010100101101101110101000011101100010001101000011
010010000100101110111111100001000100010010111011001100100100101010110001011000101010111011110100
001101100011000111010101001010101110101110111010011001110110001110011000001100111110011010010101
010110010010100110101100001011010010001100110010100100110010111101010110010111101101100100111110
000011010010010010001000111110110000010111011001000000111010110100100001100110010011111011110000
110001010101100000001100001111011101011000001001110011111010100110011100001011110011011111110110
011011010101011111110001110001011011111000100000101101110111001001110100001000001100011111111101
011110011111110011111011100101000101101011011010101100001101110101010011010000000101111100100101
010001110110101000111111001101101001110011110000110010010000000011101000111100100000111011000001
111010101000001000000001110010000110111001010000010000111110001001011110000111110110100011110101
001101101001100001111111000001000100110011011001000100110000100011111111111110100101101110100101
010010010010010111111100100110011110000010111010101001010111111011110110010110010000100101010110
011001010011110000010101101011100000101101010111111101100010100000001100000111111011010100001011
000100010111101110010110001101110100001001000010100000000000000110110100111111000101100011101001
100101100100100111001111110000011101010100101101110000110111101110100001111011101101001111000011
011111000111011100001111100111010111100110101100011110100111010010111111011101111110100111011010
000011010010001000001110011111001110001001000001010001011000000010010111000011101101010011111001
010011011010110011110010001101000110110000000100010111111101001001010011001110111000100101000101
011101100100011101001110100111110100111100111100000010010010100001001101011010011101000011011001
101100010100100001010100011101100111011000000011010101001000100010101101001110010110100001010101
100001101110001001100011111101101000110100100000001011101001000111111001101000010100000000111011
101110101100101111001000111001111000011111011001001001100010000001011110100011111100110101111010
110011111110101111010110100000101011001011101001011011111100000111111001110010011111100111001110
011111111011111001100011101000101000010011101100000000000110000100110100010011100111100010000111
111110111111110000110010100000101001000001000101001111010110010100101000110000101001010111001001
100000011100111100011100000110100110111100111100000100011010100000011110110000011001110101100010
001011011100110111011101000101111010001011010011011010010001101011010000110000010001000110100011
111001000010110000110001000111011110000101001001000010111100111101110101100100100100011100100100
100111100001010100000110001000010010010011000110011001111100100000011000111101011100111101110001
111101010011011100100011101101101011001110111100010001010101011001011101110100100000101101111100
000011001001110000101111111101000111000111011010100000010000010110011111010101010011010010010000
010101010101101101001100111001001010100100011011110100100111010100110100010000001100010101111110
111111101011101101100011100100010000010011010100111110101110010100101001001010110111111011100110
110010000111010011000010000000110100110110100011000001001110101001000110101001101101011001001100
111010011110010100110111100000001010111011001001010111001101100001001100010010110011110010110000
101111110010010111111001011010100001001110011110010010110101111001000000111000100010000100010001
000000100100010100101111111011100101000011110101110001110101100001000111111111101011101000101010
001011001111100001011001111011011111010010110101001001100111010101101110000010101101001001000011
111011001000011101011000001111010000001010001111000010101001100111010010110111010100011101000000
010101100100101111001101001001011110111000110000010000000010001101011100111011001100101001000011
010100000111110010110111011110010010000001000110011101011111101110011100000100110010001001001000
100111101010010110100001010110100110100010100111000111101010100100000101010011001111111000101010
111010000011100011101101110011100100101111111000001011101010000001101001010100100101000000001011
111011010011011011011010000010101111111000111110110101101011001101100011110000010110000111110110
101101110101011111100110111110100101100110111010100101001101000010001111010010110111111011001100
101111010010010001010110110101101011110111000000010011100001001000011011110010011110100000000111
000000000010110100001110000000101001111111000100100100011101000100011101001100000010110101011110
011011000110010111111100101101011010111010101010011010101101100000001110011101001011000110101010
000101000100001110101000010111110011101010011100111110111010110100111010011100110000111000001010
010000111001111011111111111100111110100011100011010000001100001001001010001101111110100101011011
011010111001101101100110011100100101100000111101000010110010110010000110100000001110010110110100
000001011001110001100001001011101010111101011101001110111010111011010110110000000111001111001010
100000010100110000110011110010110111100100111011010010011101110011001100001001000110001000011100
000101110110011100110010001011100100001010011010110110100101010011010100110101101001001100000000
100110010101100001000111101010010010000000110100011011101101111111011101000011100001100100111111
011010001110010001010101011010011110100011111111011100000010100100011100000101111110011000110000
111111000011010101110110100010010101101111110001011101000100010010010000101110010000110010010110
101100110101000101011100100111111111111001000100110010100100010111011010010111000101110010010111
100010001000000001111010110110100111000000011000001111001001001000011100011101101100001100101111
010110111110101101111111010111101110101110001100100100010011100111101101100010010001011100000111
011100111011001001011100011010111001110011010001010110000100101010010001000011011010001011111001
100011110001100110011111110111011010011111000001111101111010001001101111001110000101010111001011
001001111000111000110011001101111100011110110011010100001000010110100001011000100001001101110111
000011000101000101110111100000000001111110010011110001111110101010000101111011001100000111010110
110011010000011101100010010011000110110111010100100001000000110110011001111101010011001010110001
010100011100110000111010101101000111011000111000101101111000001111111101101011001000111011101101
110000110011100100110100110111101110111100110100110010100101100010100111110001101111110011111010
101010010110111110100110000011110100101100000000000100111010000100110111110011110011111100001101
001110000101100010111101110010011000011101110100010000111111011000000111100010111110001000001110
111100010101110000001011111101010000001011110101101000100100101100000110101011100001110100100010
000001101111100111011110100100110111011010100110000010101101110011010110011011010001100100111111
011110011001110100001110010001110000100110001000101101110110011100111101010110000010011111100011
101111110011001100011111110111011101110010010010000000111101111000111101011001100110010011010011
010001010100100111110110000100000010010101011100000101011110100000001000010010011010101111110011
000100011011001101101110110101010100001111001110010100001111111000010000010110101101010000111011
100111110110100110111010011101110011100010111000111111001010111110101110110001010101110101110001
101110100010011011000100101111000001100001011101000101111010111111001001010011111100011100000011
111101001100000111001111100010011001100111000110111010000110011101001110011000000011111001011101
011001000101101011011000011111010001010111001011000000111011011111100011010010010000101111001010
000000011110101010010101001110001111010111010001100100001000000011010101111000010000000010010101
111110101001111011000110111101010111100000110101101110111000011011010001000000011111001010010010
010010001011001101101111011001011110001100110110011110101111000111110011011100101011101100010011
101111001011011100111010011110011101001011100101000011000100010010111011011101010010111001101000
100100000011001101101100010010101000110100000010111000000101001111011011101111110111110111010010
000101100000011100010110011111100110010111011110011000101111011010110110001111010010110101101101
100010011000010100100000110110001000101100000011100011000011000110110011101011100001111010001100
100101100011011011000010100101001100111000111001001010110100001100101011101110001100000100000101
000101000111011001111111010010000011100111011101101110100110000000111111110010101000000001001011
100010101110000011111110101100101011000010000010110011101011001000110110000001111000011101111110
101101010111110010011110010111110111001011110101101010011000000111101001110100011101111101101110
001001111110110110111010101110000001000011111000101010001110001111101110000000000101111001010000
001101011011011100111110110101110100001011001001110001101100101100001111100010001101111010100010
111001010001011000011101110011001101000110010110110100110100010011011111110110010111011110000111
011100110011101011000001111101111001111010100100011101100110011101110110011100111001100100111101
010010100111101100000101110111101010001011111101010101110100001110010001110110110011001001011100
110000001000001111100100110110010111010101100110100001010011010001010011010010001011011001011011
101101101011010100011111001001110010101110100000100010100111011111101111101101110100101011000010
011011011110001010100110001101001000000110111011001110011010101101101001000000101001011111011000
010010000100111101101110101000010011111110000010101101101100111110011110110111101101010001011110
110010010110000000100000111001010101011001001111101000100101001110001011111100000001101000010111
001111111010110111110001011001000101111110110100010101001111001110100000100000111101100111110110
100001001000110000101101010011000101001111110100000111100110000100100110011001001111000100011101
010110000010000100001011101100101101110000001110011100110101111010101110101011010000011010010001
111110000000011110000000100110100010010100100111101100011101010100101100001000110000001100110010
001010100110011110011110010011001101001010111001010100111010101010000110110001011011010001000101
101100011001010011101100110111111010000000110101000001111010110010001111010100101010000100110011
101010001100000111101101101001011011001110010001001010011011000000000010011111110100111100010101
001011100001010101000111111111100011011101000001110111110110011011101111101011101000011100111101
110101111000010101011000111011101100011110010010111100100000100101001000010100101001000101011000
111001010001100110111111111110001101001001000101100001000001110110111110000111001110011001110001
100011011001001111111001110000101111001101101100101101110101000000001110010101000110011001000101
011011101101110000001011011011000010011111101110111000100101101101101100010000111110001010101101
101010001010000111110111110011100101101000110111000110101111011010110110110111000000111100010110
011001110000110001011100010000011011111100111011110010110010010010100101111001101000100010110010
000110110100110101001100111000001111010100001101000101010100000001010101101001000010010100010000
001110111111011010011011000101110011101111111011010111010001101010100001000000101001001001110000
001101000011101000101111010110111010011010101101101010111101100011011100010010110001010111000101
011011110011010010101100001111001100110101000101100100111101101111001110000000100100000111111101
011010110111110010111111011100010110011100001110100001010001011110000101011010101101111101100011
001100001011101100010000110110001010111010111111111111011100001011101100101010111000000010101101
101111001001110000111110101001001100011110011110001110001010110101101110011101001110001111001010
010110010100101000010101000001101111001000100000011111101100001100100000110010101010011101101111
111110110000001010001000110000110010110011101010110100010101001111001110000000010111110101101100
111000110101111111011011101111010001011111000001101000100011001001001010011110100110010111111000
000111001100000101001011111101101000001100010110101000000001111011010010011101101100100011100110
101110111010011110110011000111000011011100001001000001001101000010100110111101100010011100000111
001101010001111111101101100101101011001010000001100100011100110100001000001010100000011011110011
110011100010110010011101111011111111001101110101000000111010000101110101101010101010011101000001
000001111001010000010011010110000110001011101110101001000101110111111111010100111001101111001011
100001110001110001101011110101111101101001111001110000110000111111001100111101110100100011111001
110101001010010000100110001010110100000010010100010011000010011110011100110000001111001001010111
100000110000111011110100100010010011100000000111100001001010101011101101110110101101100010101011
111011000000101111000101100000010001010001111011001010101001110101110100110111110001010001010100
101011100100101001110010110111111100101011110100111000100100111011010110101001101011010101011010
001000001001001111001111001101000111110000101110100100100101110010101010101011000110100111011100
001011011011110100100100000010011001001110101010001010010101100110110111100100011010110001000000
010101000111110110000001101000010010101000001101001111111010001111010110011001111110000101100110
010110110110011000101011010100010011111001000100000010010011001100100100011010010100001010110000
011101110111110001110110101010010001011011000000010101011100001000111011101110011011001110110001
010000100000011011001111011110101111010011111111110011110101000101001101000100100101011101100110
101000011001000110101110001001110110110100010100101111011110000011111100101111001000000101001011
011011110011000000100001111000001110001101001111111100001001001100110000000111100010001100100101
001100000110010010110010000111001110000110110110011011110000001011011110101100000101111001100001
111100010100011000010000010011000100100111100001101110110101111101101100110010011000100110011010
101100110110100000111100101111000111010010111010111110010011110101011100010001001101100100110110
111111111100000111001100010111001000010110110011101000000101001010000110110101011111111110000110
011011111010110100000101011101101101111111011100000100001110010000100111000010011000111011001101
000010011011011110011110110100100100000001110011000101011010010110111101101001110101011110010010
111110001011100010001101111110001001110100010111000101001111010111110101010010001100010011001100
110001111111101100111111000100100000010111000000000000000001000100010000101100110000000100011111
101100100011000100001110011000100111000110001000100011000011101110110110001111111011111010110111
100110001000010111110101111000101011101001001101110100101000101100100110001110111010100111111111
101010110000011110110011100110111100001011110010101000111000010101011111000011010111001001101111
011111011010110110110011100100100101101001000011100100110000000110000010100011101011110001101100
100100111101011011101111111101100110111110101111100000001111101011111101010110111101110000101111
010001000000110001001101100111001100000010000111001001110110110110110010111110100010111100101001
100100110011001100010001100001111001111011101000010010010011001011001011110101011100101000010110
101001010100110011110011110111100110100010010110111110000100001011101000001011111101010111010011
010111000110010110111110010111110000000001010000000110110100101011100100000100110010000001101111
101111001100101001100111001000001100010111110001110111001000001000001110101110101100100000001011
011010111011101000111001011000111100110101111101000101111011011101111100111000100000001011100011
100000011010011111101111011010010011111000101010111011111001100001001011111110001011001011010101
101101001111001101000011010101010101100101110010011110000110001101000000000111010111101011110110
001001110001011011111100000011110110010100110101011101011000010001010000011111101011011110111001
100110100100110001000010000011001010110110011011101001100100101011100111100100100001110100010000
011111101010011110100000011011001110100110001010011000111010110001100000110001000101110101110111
000110011011010111110011001100010000111100010010001010111011011001010011101000101110110100011010
010110100100010000101000100101110000011110100000111001001100101110110001011101101110011011111111
011111010011100000111110100111101110111101100111001111111000101111000001110111100000001101110011
001010101001010011010000001101110101001100001101010000000100110110001001000011000110101000110100
101010110011000110110000111010110111000111001010011111111010100010010001111001010001001011001010
110000000110010011101000001000001110111000001001000111010100110111010100100011111011111011101110
100111111011001010010100101100010011001100111010000111010101111110101000101011001111001000000101
010010101100101011100010000111111011111001000100100000010110100010011001000011111001010111100001
100001001101100101011000111100111001110100100010101011110110100100001001010001110101110110100111
000000000001010011011000000010001111110101001111000011100011001101101101010100100100110110100110
011000101011010000000100001111110001100110100000110111101000101110000000001010100010010011001011
000110001110011001111110100100101110110001011110001001010010000011001010101010010011011100111111
000100111000000110111101001011011110111101000100010111001010111001100010101110010010110011011010
100110110001001101010101000100110010111111111110101011101110010011101001101101100001001111111010
110111110101111011000000100011010111010110101001000111111100111110111111101010000100101111000100
100010100100110111011011101111000101011000011110111000001001000011001101101000110101110110001101
110110010001100001000001001100101011010000111001101000110111010001101110001110110001111110110100
110100110010010101000100001001001001010000101011001010011111110101011010100101110011010010100101
001000111011011011011011000100011010110111101101111010101100011111101000000100011000001110100110
110010111000100111101100011110000001011011101010011000011100011111100010101101011110000010000101
111000000001000101100010101111100001101101001101110111001010001011011000011111101111101011010111
111010100001100010001111011011111001000111010110101001100110111110011110010110000111110001011001
100000110000011110111011010101011010100011000110000011100000101110110000010000100111100101000111
000000010010110110101001111000101111001001011110111100011101010110110001101001110000001101011001
111101010111110011000011011110101111011001100101001000110110111110011101100011111111100100100011
111101010010011110011000110110110011111001110101010001100010001011110010110101010110101111111110
001001111111010110000000000111011111111000100000110001100111101001010010000001110111011000000100
000111100110100000001111000111001110101001011101010001110001011100000001110111101001001100001111
100100101101010111100111100110010111011101011001001100111111001101000100001010100111111000010011
111000101010101001010110001110000010101011001100100000111000101001000100001111010011110000010001
001110101010100011101101001111100011010000111010011011011100000010100101111001111110010111111110
010111011110101110011010110110001100110110111001101010011101111101111111001000011010000010001010
100110001011101000011010101101001101101111001001100111110011000010100001001110011101100111110111
010101001101100111100111101011011011000011001011101010000100100010001100111100111100111000010011
010101000001100010010010101010111100110010010001011110000010011010010100101111001011000101011011
010100001000101001101111110001011010011111010011011011111111100001101000111111000010010001000100
100011001011111010010100010110101111001011101101000000011110000101010111101100101001000101100100
010111101110010111001011001001110110100001101111001011100110110001001100000000000000001101000101
110010001110100110111001010001111111111100101101101011111100100001110100000111010001000011110101
110010111011000000001101101110111001010101110111110001101001001110101101010100001101110101110010
100110011001110010101011110011111101110000110010001100000101000001010011110101011001011100100100
001001101101010001111001101100111101100000111010010000101101100111101000000101010001110010001101
000101000111100011101001001101010101101000010010110110011110101000011110010111101010111101110100
000011101011101111111110100100100110101011000100011100010101111100100010001001111010011110111111
101010000010111101110000010001000110101000101000010010001010100011010100011000110110100100000111
010000000011000100111100110111100011010011111010100010100011010100010000011010101111100000110110
100011110010101101001110111111001010001010000000000000010010001110101101100100111101000110101110
011010000010101000001100101101011111001011101110110010010001001110100100111101011101011010000000
101101000011001111100000110111010000111000101011100100001111000110001000001100101001101111010000
100111101101111000100000001010000000110001000011101100110010010110010110100000101101110101101101
011110001100101010001000100101001000100110100100011100111011000010011001111010110011000110111010
011101100100000000110000101010011111011011000010101001001101011101011100000100110101100101010001
110111001110001010110111000100111110101001101110100100101100101111111101010011111000011000010000
000010011010010110110001100011010100100100101100011100011011011110101101111010011110011000111011
111101010111010001011010100001001111011000101110111100110000000000001000101101010000111111100011
011111101110111001000110100111100010011100110000011100111111110001011110011101100111000000110001
011011000011001110100010010111001001000101110001011101000011001000101001000101101111111001100101
110001111110100111110001000011010011000001111111011000001110100111110110011101000101000010110010
110111100101000010011001101010001011111000011101010101101100111010010100010110011110000001000100
101010100001000101011101111010011011100001010101100111101100001100000101011100100011000111010111
001011010100011111101001001000011100110000000101110100111010010110111101011001100101100001001001
000100111101000111110011010110100101111100001100111101101100011001011110111101100111101110010100
101010110001001000001111011000110011011000111010111110001100010010011001010000000110011010110010
111110101010000001101010000001111000000011010100000000111000010111100000110100111110000000110010
111111101000001011001110011110010011010000010000001100000100000011111000000010001010000011011000
101101100101111001110011011001111110100000110001010101111101101000011011001000001110111001101101
110011001111101010100100011100100111101011101001110101111010101010001000000111101111011010110111
111100101000011110010101001100000001011101110101001001000010110010110011010111010101010101111010
101000000100100000011110111111011001011001110110100100111111010101011111011101000111010100011100
000101111100011010101100010101001111000011001010101101100000010100001110110100111010110010011110
101110000110111110001001111101101000111101011100110111110001011000101111111000001100001111010111
001111011010000001011010111110010010010110110111010010011101000110110000000001110111101000110010
010011100101100001011101011101110001001101010010010000111011001111010010111010111011110110110001
010110001000000100001011000111000100111011110011101010101000101011011010000000101101001010010000
001011011000011110011100000011111001111111111010100001101100000011100000010010101011011111011111
000010000111100110111111111000101110011010011001101110111011101100100010001100100000100011110010
010010010011011010110000011111110111000011110111001001110111011101101000100101011000111110111111
011001010111111000010111001011010101001111010010101000101110100101000010011000111000011101110101
110110110001000100100010101100001111011101111100111001010100000111010110100111110110011110001111
010010000100101010110010111010101001111111011001000100000010110011101011100110011001001010111101
010100100010111100111010110100101100101011101111011110010110101111010011111100111110000111111010
001000001010011110001101011011101001010001001100101011001110000000010101111110000100101011000000
011011000010100001001000111101101010011111101101110011100001010011111010010100110100101011110110
000100110000111100001100010001100111001000110011111110000110100110100000000011100101111100111101
001111010110011101111111000001001011011011001101110101011000110100111011000101100001101011100100
010101101110011100000111101101010111001110011100101000110110110101011101110001101100000111111101
100011101010111001110000001101000110001101000011011110001100100100001110001011010100101100100101
111101110100011001111000101110001100101001010000111000010100000110111000011000011110101001100001
110100100110000111111100110100100101101011010101000110001010011010110110010010010011111111100010
011001111101010010011100110000100110011100010011100111001100110101110000010000111011001000001011
100000100111100100011001110100001111110010010101100000010011111110101100001010110101000101010110
010111010100011110000100110001110011101011110111101111010100001100100001001101001001101001001000
