110110001001110000011010100100100110000101011011111100001100110011010101001001101111101011010101
111001111101111000111100101110001010110110010001001101100001010111101101110011110001111101100001
100001111111110101110111101100110011010000100000000011111110011111101111010111000010110111000100
111111100011101001000000111101101010010101010011110011001010001000000100110100010111101011001000
000000101101101100101001100001111111010000101001011111010101000100101011111110010010010010001111
110000010000010110110100111000000000111011010010001000000101011110001001001010011101000100001110
010100111110110100111100011000111111111000101110000101010011010100001111000111111011100110001100
011011101110111011000000001001100000001010100011111011010000000111101100101001110000111111000010
001011001011011111010111111101100011011001011100001101001111111001101111010101010100111111001001
010011000110000010111000000110000001111010101011111110010011110001111100001001001001001010100010
011111000110110001000010110011011001101101110011101110111101101000011010110011001100111001100100
101001010100111000100100111100001000111110001101111111000100110011100010110101100111101111010011
011111011101110011100011110001101111111011111111000101100000001010101110010110011001001101111111
000101011111001101001000000001101000000010000001000110011101011110110100100101001000011001111000
100100100111100100010001111111010111001001100101111011000000100101011111110110001111000011001110
000001110111110001100100000111010000110000110101000110100010101011011011110111000100010101001000
111111101001010101010100100011010010010001000111011011000100101000111111011110110101000111110110
011110011001100010111110101111110011011100000110000000101110010111101111000010010110001110110011
010100101000101100011010000000100110101010010011010001000011100111100111001000000001001110100101
111001101010001101010001011110111011000111101000000101011111010101111100110001100011101001101010
010100000100010001110100011111100000100110001000000000011000101110100110001111011001100011010001
011101100000000001001111101001100111011111111110100110111100010100010001000111100100111111110010
101110100010100010111001000001100000001100010011101010000011001101101110001100111100000010101001
111011001111101101100001101101101111010111011001000100111000000100110010001000010000010101010000
010101011101110111000000100110010010001100010001111001000101011111000011101101111110000010011111
010010101001111101000010110100101111100000100110010000001011100111010100111110100110111100000010
101100101110110110001111000000000110010000010011000001110011010111111110000011110101101100101100
110110110101000110111101100101010011001101111100011110000000101111010011100011111010100110011011
010111010110010000011110011010111000100111111011000011100100001101011011000010011001100110110100
100110010101111011100011000101011001110011101111010000100110110010111100101100010100010111101011
100001110011101011000000110001010100001010100111101100111110000110010001010101011100001000000111
001001110101001100101010101011001101111110011110010001111101111010000000111100100110111110100010
110001110100000001011011001010000000000110011100110100001101100011100010001010101111101001111110
000011000000001110011100110101011011100110101010100001011000001010111011100110010101010010110000
101110100000011111101000001011111100011000101101110100010010011100001011101000010101110100110000
100001011110110000111000011000110001111101100000010000001000001010010110011001111101100001011001
110001011010110101010110101111110100110110110101001000111111101001110001111101001100100001111100
100100010001110101110000000010010011100110010100100101100000010010110100101001011101011100001110
110000111101000001101100100000001001011010110100110000010010110110011110111110101100001010001101
000000000000101100001000100110101100100111101101100101000111111001010011010100000110010111010010
001101101011100001011111001100000101110001110000110101111010110010111100101010100100010101010111
100001101010100111111110011001000011110011000010011111001111011111110110110110111010100100010110
011010111110001011110010101101111010011000011100100010101100011101100100101001010101111111011111
001011010111010000000000011010001011011101100111101001110100101110001011111011011001110011001011
011010001111001000000110011000110100110010001100001100100101111100010100010011011000010101000110
011000000011010111111001010001001101010001110101110100100001100011001011010111111010000000110110
111110010000001111111010101001000110111001101101010011010101110100001010100001001000110011101000
100101111011101101000000000001111100011111100110111011000111010101110010101111101110101000110101
001101100001001100100001000100011100001111111111110010000101000011011010101111011111011011011110
110010111101100100010011011000110100110000111001100010000100011001010101100011001100000101100000
001001101011010101000010111110101001001000111011010111110110100000111010001110100111110101101010
011100110001010011111001100010011110110101011011110111011100110100100111101100101101010101011111
111101010000010101111010010010101011000110100000001010100100011001100011000110101000010001000000
111101100000111111011101100010110111010010111010000111011010110100001100111110100001010111000011
101110110010100000101000110100001111101100010000010111010101110000010100010010011000000101101100
100111100111010010101100010001010111010001100101100001000010001110110010001101000010000010110111
101011111101110011010111000110011111101100011111011100011101001111110101111011101000111011010000
110001010110011111011000001110111011010111000001100101100110011100110100101111011111011011001011
110111011011111000010100111010110111010001010101011100111110011010100100111001110110001101000000
111110111110101011001011111000100000010101111100100110010011000011110010001001001110001000000011
101100101110000010111000111111000110001111001100011010010011111111101100011010110111101101110011
110100101011000110110010000011110110110110100100011000110110100101010100101111110110101010001110
101010101010100000001101011101011111100000101011010010010101001100000010101100110111010001110000
111000100000001010000001011111101001110011010110111111010001000000111110110000100110011100011001
000101010011111100101011101100101010001000110000001110011101110010001110011101010101001001111001
111101011010000001111101010011001110010011000101111000111110000000110101101000000111101000000100
011011000100010000001011100010010000101011111111010010100110000110001000010000101100000100011101
101010001011011100101001011100011100001001010110111101001011110000000001110001111111001111100110
001011101100100001011001000111010100111011111001100001001101110111011100000101010111101010001011
101101001011100110111010001100011001111000100101010010010010010111011000011011000001111101110110
110101010100001111010001110000100100111110111000011100001011111111000101001011001001000011100000
001100010101111111110011001111111100111001100100111001010110000001010010100101110110111110001110
010011100101001001010111111011010100111101110001010101101000101000111100110100010001100101101000
001000001100011111011000101001001100001001010000111010110111001000100110100000001000101101010101
000010000001111011000010010011001101101011000010011000101001010100101111010000001100111110010100
110011000010001111101001101100100000011011111010110100011000010111100101000001101111011101100110
001101001110101011000000010001001111000011101110101000001011110011001110010101011000011111010110
101101101011100101000111001011010001110101000110111110110111000101100011010110001011101010101100
101011110111110000000110011011010100001100011000101111010010111011101111110001110100000010011001
101001111001000100110000000001000111001001001010010111000001111001000000111000011001101110111111
111001110000011011100101101111000111010001010100000110001000011110001000001101100000111010110011
001000101101011001111100001110010100111011010001010000011110110000110101100010111110010011111111
001001001101000100000111001101100001100101011111001111011011100010000101011010000010011000110011
110111011101011111011001111001100110100100110111110100000110111110010010100111010000100011011101
010101111010101011111011101001000111010111001011000101111101001111111011101001100010100101101110
111010011010100100011001100101101110110111100101110110101010000111011100100111110101000000010111
110000011001000110001101010010011101000100010110110110010111001010110000111110111011101111000011
011111111010010111011100001110100001010000010101001001011100011010110000110101001110000001011000
010111101101101000010010001011010001100010011101100011111010110001110011101000000001100000001010
100101110101110100110101110100100010010101101010101010011010100000110011101110001100001100100011
100110001101001100000011000101001010010111001110101010001001100101100001101110010001001000111110
000000000101010001010110011010000011000011010001001111001000111111010001100101011111110101010111
010011010001001101000000101011100110111011100000111111000001010011101001001000001100110101001001
010011101010110101101101010001110110110011100110110100100101111111010001101001100010111110100101
000010101001111001000101010111001110000100101111000110001100010101000000010010011001110111001111
001011111111101101001000001000110110101001001010010111101010001001100101110110111011010011100110
100110011010100010011000101010101100010110110100011111000111001000100100010011010101110110101111
011011100110011010001110111101000010000110101001101000001111010000010100110100000011000111100001
100011110110010110011100010110110111011101110110111101101011100010111011011111011010101000111100
100001110101010010101010000001011111011110011010000000011100000010001101010110101010000101001100
101011110101000100111000011101001110011011000010010101011111001110111000010001001011110001001011
111101100101010100010010111100011110100000111100001101011110111111000000011001101111100110110000
000000110101011100001010001001101100000001011001010011111000010111010111011100001110001001111100
011001010111001011011101001101010101111110101011110001000000010001000011000001001011000010000101
101000111101111110100100101000001011011010001000011101101101000000110110011111100000011010110000
001011010000101011001100000111011110101011000110110011110010100101011010101100010000101011011001
111100001000011010101000000111011100100110011011000110100001100001100011111000000010000111110111
011001111101001100010110100100010101001001000000110100010110110101001000010100101101111101010101
011010010010101010111100110101101110010010111000000101001100011101010011001101001000101010011101
110110000110111010100000101111110101111000110110110001110011111101011111111010011110010011000000
100011111101011101010101000110100011100011011110111001110101111010010010100001000011011011001011
101100110111000111010110001011101001001011000000011101010000000100001101000110000101100010101110
001010011111110011010111001011110011011100101111101110011011101111010011111110010101000100010111
011101110001101111001101111100001001110010111110011000010011001001111011010010100111000100010110
000000100010110111000001010111001000010001110010010010110100011100000000111000011001110100101111
110001010010100010011111010100111110101001100010101011110101001111001000111100111011000010101100
010101110000010011001100111110010001100000000110000111010100110000010100000000000100100101100100
110001110000110100001101101001000001010011111101110100000000111100010100110100011011011100110111
010101000100010100110100110001010110001111101101010111010110111100000000111100110100111001001001
000100000010000001000001000101000000101001101010011010100011100001000011010011011101101010000010
100001000110001110000010111111000101000011000001100010101011001110011101011111010000100010011110
000111001111010001100111001011010101101101000010101111111000100111100011011011100110001110011111
100100100010101111111111010100001011000110011100110111010100110110010010000001000000111010000001
001010101101101001000101110100100110111111010111110011000010000010010110000011010001001101001110
100010011111010111111001010001011101001011111000011011111001110011111011011100111100110001101100
101011011110011011001100100110100010100001010101111000001111111011010111011101010110000010010101
000001000100100010000100010010011101010000100111111001001001110101111000000000100010001001001100
101000011000001100110110011001010011001010000111011101010001100100111110101101011100001110010111
001110011000010000010001010011111110100101011010101100011000001010010100110101110111110100110010
010110101011111010111100001101000001110101011010011101010111110110101100001000110000100101000100
110001000010011111011101100110111101010010111001100001100101000011111001110000110111100000111101
011001100101011111101111110000010100111010011010100000010100000111010011011111111100101101011111
000110100101010100011110001110010000000101001001011000101100011011100110010100001110110001000101
010100110000101101100101110010011010111100100100011001001100000001000000010000000100000001000101
001100011001010010010001010010010001111101000000000001010001110011110011001011110011000111010111
011110111001101111011000011110100110101010000000001000010010110001011010011110100111111111100101
110111110001111010101101101001010011010011011100101001101011110110011000110111100000111110011011
001001100001101101101110111001011011101000000111010101000010011110000000001011001100110100111011
110100101100011110111001101100010000101001001001000010011001011001101011011101001001111110100100
001110110110111110000111100101110011101111010011001001010100000110001011000111100111011011000011
010110100111100110010101101010000010010101001111100111010111000111000001101011001110010000110111
000100011011110100000101011101110001010001010011111010011000001010001011101110000001010100100100
100000100110100001101000011000110001110110010110110100100000001010001000100100000010100011011111
110010011001101101110101111110100011101101111110110000101011100110000001001011001001001111111000
011010001111001101100010100000000100111100010101010001001100101011001111001110001011100111100011
010110110001011011111111101011110001011110010100110111011100000010101110111011101111110100101010
000011000110001001001011111110100001111111100010000101010111011100101111111000100101111000011001
000101000110100001011110000111101100001110011001101101011000100000111111010001100010101111010000
100010111011100101001111111101110000110011110000100100010101100010011101001100000101000100110110
010101001011000001010100100000010100111001111001100110001100000111001000000100101101111000000011
101000111100110010000100001111011100000111001010011010010001001110000011011000111010000000101010
110000001000100111101110101010011001011101111000001110001110010011101011011001110000011100111011
000000000101001001001001111101101110100000100101110011000100110000110010010110011100111110111110
011101000011011101100010001110100101001010000001001011000111111001001000100100011001011001010001
110010101110001101101100111110010010001100101010000011100100111111010101110110010010100110000101
110100011011010010111110011110001001010100100010100101000100101100001111100010110100111010100101
000101111000011110000100000110100000000000110011101011011110011000110001000110011001100111111000
101111000001101001010111000001110110101100011010001101000100001001010110100000001000110110000111
001010101100001000111010100000000001000110110000111111111100001010111000001101110010100010101000
001100000001101100110110111110101111010010110101001101111010011010101110100110100011000100100111
001010010000001100001100011111101111100000111110000000000000011110000111100100101111110110110111
011000001100011010110001001000000010101001111111100100101001111100010110011000000001100100100111
110111111110001111001110111011000011110111001110100001110010100110100001010101010111100110110000
001100111000001101110110000100000111100011010011001001110011011000010010010101110111100010010010
000100110101010001000100101010010101001100000000110110100001000100000010110010000001101111110010
110101111111001001001100101111000001010111001111011111101011000001011000100010010111001101110111
111010000011100010001111110110100001011111011011101100010100010110101011001101110000001011101000
100111101001010110111001101000100001110001111001010101110000111010101010101000111011000111000111
101011110011110000000000110011010010001111010110100000010010010110101101100000011001111111010010
001011010111011010111100011010101110101001000110110001111000001101100101110100001000100101110111
111110000101001011011000001101000001000111001000111110010011001000111111011011100101000001111010
001100100001010111000100110010100011001000011101110011010011001001110110100100111011100000011001
010111011011110010111010110001001010111011110101110001000101001111100111110101001110000011011011
001101010100110111001100100000101100111000000000011100101101111100110000110100100001010000011011
010010110111000100111010101110000000010111001110001101001000010101010011110000011100110110110100
001010010000011101100011001111000111110011010100011000010000111010110011100011000101010010010001
100110100010101011001111000010101110010001011010011100101010001011110000110011101001000111110000
111001000111001011011110100100101101011001101001111010111011001011110001100110000001101110011000
110000010100010001011110111000111011100111111010100111001110000100000001101001100110100010110110
000100011000111011101011111111110111100000111101011011000010001000010000011010101011010101011011
010010010000110010110111001110100111101111001111101000010111101011110000000111100100100101110111
100001100010001001010101000001110100010110011110100011010100101110011000100001000010000001000010
010001101110011101100011100111111001001000010000011111111100001000111100000000001110110101000110
101010010110000110001001110101011100001000110011110101100111011110111001011000001101101111010110
000010000111101100101001111010110000011100011010110000001010000111001101001110101001110000111000
011001111110000001100100010100000100010010010101011011011100100001000100011100010010101000110001
010110110110000011000100010111101000100000111011111110011100101000001010000101110101111011010000
101100000110111110110001110001100010000001011101000010101111111110011010011011010111110111010011
100010011001000000011010100010110000110001010010010000100101011010001100010100000001101100110001
010110010011101100100001000101101001101000000100101110010000101010010000110101011011000010010100
111111000110011010010111000101101111111101111000101000010100000011010110001000011000100011010100
101010111011000101110111000100000100011010111110011010111010100100110010100111100000001110010000
011011100011110111001111001111111110000101011111011111100110000010000110101000110110010010111101
010101110000000001001010100100101000010001010011000000001001110000100010000011011111000110111110
001101001111111111100101011111110111001101111100110100001010110100010010110110011100101100101000
011101011111001110100000101101110101111010000110001101101111000111100000011001100110010011100101
101001101101000001101100011100010101101000011110000111111010100011111001100110011101010111111101
001111011000110111010001101001101111001110110011011100010011110000011011010111010110110111110111
110001000010110011000001011011010011000100100110100011000101011001010000110101000100100001100110
101111011000111110000010001010101011001010110111001001111111111110111101000111011101101110010101
010100111101101100000111100101111000001011111111101100111100000001000010100010100001000110111111
010001010010101101101100011001001000010010011101000111111000001000010010100001101111001100001100
111111100001000101111000011010000000101110100001011101000011110101100011001100110110001101001111
010100011100111000111010010011110101111100101000100011101011101101100001111011100010111010101011
101101100110101011001011101000111000110100100001111100111001100111100100111001011110110010101000
111001010100000001111000100001000100101001000011110100010110111001011101001111000111000000110101
001100000010011001001011101010111110010110111000000000011110010111000111100100011100101001101000
001001000100001101101011001001110111100100000010001111001001010101111010111000011010000111000010
111111111010001011100011000101111111010100000100000111100100000100101100101110010001110101011001
110010000011110001000011100100101101100010100000011000100101111100000011101110110100101100101101
010110100001110111111101010000001001100101110001100000110000001010011101111010000110001010101011
010100010000001001110100000111101010010111001000001100011111010000101010000101100111101111110000
001100111011111001011110110100000001000000011111110111010110001010000011000101101101001100001110
010010010101100101110010110111100111111100000011111111100010100001110011101001100111010100011011
010001010011000100010000000100111010100010111111111110011110011110010111101101011101110001011110
001101110011111101001111100001100001011101101001011111001001110111111110111011000101100100110101
111011011001100110011010000000100110001110000010101001110111000000000011101110100011011111100000
000101010111101111001000000011011111001110111010100110000011111100001010111111101110110011111010
101010111001011010000100101111111000011101111000100101101011010001011001111011101001100100011001
010010010001010011010110110100101011111100110011011011111000101001100110000011111010100101011010
110010001000110011111111100010001011110100011111011100001100001110011110010111101100010011100100
001100111111111010111100100101000000110010000011001010011000100111111100100101110111001111010100
101010000101111111000101010011001000000010000000110011100101101110101110110101011111110001101101
100100111011011010111011011111111101110011110011011101011000011001001101010110111001111010100000
011011000011111000101110110110110110000010100110011011011101011110010011001101101111000111110101
101010010111101101110111011000110011001000001100011000111000110111001011011100111101000110010001
010010110100010110111000100101110000100111010000000111101010100001000011110000010100111100110000
010100011100001111100110001101100100010100100010010000001100100101011110001001110110001010111001
000011100011110110100000111011110111010100010111110110100111000101111001110011010011110011010000
010001001011010010001010111010110111101101101111110010001110110110011111010000011010001100000000
001101000001010001001111001010001111000000000110001110110001010010000010101110001011001100111110
011110100111110100001101101001000111110010100100100100010111011100001110100010111100111010001001
111010101001101000000011010000010101111110010011010001010111101010110101001000000111101110001011
000010111110100100100111001001110011000010101001011001010010011110010001101010011111010111110111
010011011000111000100101011001000101110011111111010000001001110111110001111010001010100000111010
100010010101001111011100111010111010100100010111110010110110000101011101101001100100001000111111
111100101001011010100100000100111001101100010001000011111000001001101111000101111001010110010100
000100100111011111111111101011010000110110110001000110010011111000110010010100011101100111001110
011001100001011100111011111011000101111001110101111101011110001110000001000100010100101010010111
010001000101011110100010111000011011000111110000101011110010101011101101100010101000011110001000
101111110001111000100100000010100110110100010111000010001100100001100010100101111010011010001110
100111010010010000011101111110110111011001000011000001000100001100000111010111110100101100111101
111100100010100110101101100001010010011001111110101101001011000000001100000110100100000001100101
100000101100111000100011110010101000110001001000101110001010001101001011100001100100110010100110
010001110101000111111010100011000001000101000101000100111110111011111010111000001101110110000010
011011001101111010000101001101110100101110110110000110010110010111110010111100010111000110101101
111000111110100101110000000000110001001010011010100001100111001010001110011110001100111110111100
111001110000111010101011010111011011101011111100111011101000110100111100111001011000010010110100
101100111011011001111100000101011011110110101011110100100101101111001110001011110110000110111110
001001110111111001101001000111100001101010101010010001000100111000101101000101010110011010100111
101010011000010111011011010001110100011110001101001011011011111111101111011000110110100101011001
100111110011111000001111111100000111011100011010101000010011010010000001100010101000101101100100
111010110110100101000100011010000011010001010011001101011100101100001110100001001010001011010110
101001111000111001110100000111001011011100100000111101010001011010100111100001010100100010100001
010101000011111111100011001100100100010001100001100010001010000111010000110111111100011110111001
101000111100110010110101101111010011101110010010100110001011101110110110110110011010101001000111
101010111101010011110001001000100100000011101010011110111011110000110111010011101110010010111100
001000111110000000110111111001100110000011110011011110001100110101101001110101101100111111101011
010010101010111111001001100100100101101001100001001001111001000111100111010011101100100011011101
010101000001111001010000111101110001000100101000111001111100100010011010110111100101101110110110
110110011010110000111000101110010111101101001010000010110100101001100100010000101010110000000000
001110001001101010011010100111100011010101010110000000110010101000010100110100100001111010000001
110001000100010000001011110101001110110011011011110110110010101000001000101100000010000001001011
010110001110101111011110010111110010110000100010100111100111111101001110110001101011001100010100
100001011001101101011100101111000111110010111010000100101010010111110111001100101101100011000001
010100010110011001110000110000110111100010011101101001000111101110001000000010110110100100100101
001001100101001001000100100110010111111001100010011001000011111100011110010010010110010000110100
110111110000101011110110011111000101000100110111001011010011010001110010110101101011000100000000
000111110101000011011010000010100010110010010110001010010100011011011001111000000010001011101100
100001101001010010111110101011010011110001101011000101110111111011111100000110110011101101011000
011010110000101011001110101101110001010111011111001000111110110110001110011010010001011111000001
011011000111011101011111001100010111110110000110010000101100011010101111001011100111111010001111
011111010000001010000100001100010001111101001000100101001010100111001001101001001111100111110011
010111001001001011100000101010111110000100000000101010100011100110000010011100101010010010001110
011001100010100101011101000100110000111101101100101101110011010111111100111010001111000100011100
000001110100110111100101100100001010010110110000101011001001010011111001111111110001010111000110
010100000110000000110001010111010001101010100001111110001010010101110011011111011000101101000110
001010001111010000010001100011111010110011011110100000010110101101001000101110010010101011011010
000011100110010001000000100010001101010111001001111111001101000101110100000000001111110100010100
010100101011111110100101100000010000000001110111001110101011101100010010100001111001100100110010
010000001011110110101101100000101001100100111100110010010100000111100001001100010101011011110000
101010101110111100100111100110101101110010100011101111101011001110111000000101000111001111101011
111100010101101100011011000110100101111101001101000101100011001001010111111010000001110010100000
110110101000111101101011001100100100000000000001011010001010100110000011110110110010011010000110
000110011101011110000110010101100100001110010101110111001011100100011001011100110010111011000100
000011101001111010010111001111011001111111001101101011011111010011111110101001110100111100010000
011101000100111101111101010001001101000101011110110010001011001010101011101000101100001110010101
101010000001011011100011101011101100101010111000111100000011010011110000111011100010011000100011
110111111001110110000000001001110100010000001000011111100000100000000101010111010110000000001110
011011110100000001001001111010000000000001001101000111101000100010111010110010110011100010101101
000101111010100110010011001100000010100011011010001100010110101111011110110000011110101000111000
111000000010001011111100001001100010100000110100011010010001100111101011010100101001101000000111
111101001101101011101100101001111010100110100101111111011000001110110000110000011100100110110000
110001110111011001011011110011111100101110001011100110110001001110100001001100100010001100000101
100010000010111011100010110101101100100100100010011010100001101010100101110110110111011110010110
110101110010011100101001001011011001100010100111001110101111011010111100010000000000101011000111
100000111110101111111101111101000110010010110001001010000011110110100101000110000110100000000110
000001000101000010000000011100000110100111001010110101101110111000100101110010001001110010100110
000110100101110001000101101111010011011111101000111011000100111011111010000000000000101110011000
111100101101110010010101001001000000101100001010000111011110000111111010010010001000011011100100
111101111011110110100000011101000011011110011000001011101001111101111101100010000011001111010000
111110001010001100111101001000001100111010010010100110110001111100010001010011000100010110010011
011100000101010101000011101011010011001000100001010110100010000100010011110000100111101000010101
010100101010100000000101110111001011001001101101001000001000000110100100000010101000010010101001
100101011110100101000110110000110011011101111111101000110000010010111000100011100001111000100011
010101011000100010011110010000101110100100011100011010111110010100010111111010101111011001101011
000111110110100111110110100001001001001000101110011110010101001000000001100011111101101100001011
011100000001001110010111000011011111111011101100010110100100111010100111010011101101100000110001
011110001100100001000111000001001010110101010000001111101110000111010101101011101111010110110110
010010101110101010111000100000000010000110110011110011011010000010101100100011111100111100100100
000000000111001111010011000100100010000111011001100011010101110111010000000101001011100100111000
110100100011001100000110110101100100001101010000001110110101110000010010111001110101010111101100
001010100011000000111000001010101101000100101000010001000111110000001001000110100101100010100111
011000010111001010011010110111010011111011010110010001111111110010111010110010010011100010101001
000011100100100001111111100111100110110101101110110000110110010100011111011000000010100110010110
000110000110101011100010111011101110011010100010111001101110001011110110011100000000101111111101
001010111010001010000111110101100010000110000111010000001010011001101000101010010101101110111001
010001000001010010110101101110011101011000100100100111110101110001101101111111011011000110111101
000010100110111100100000110101110101111010110100111111100101101111001111001000100010101000111010
110001011110100111000110000101110000110101110101010001110000000100100100100101001011100001100001
001110000001000000110011100110101000110110000000011011101001000011110011011100010110111010111000
000101000011011010001001010000101101001010101100000001010111111011111011100011011100000010101110
001000111110101011111011010110011111000100000011111011011001001111011001000001000110100111100110
011010000101000001001001000100101011111010000111000001000101000000001110110110101100111111011001
011100111001000111000101011000011101110000101001110011111110110101100100101110010111001010010111
110100010110111111000001011100011001110011000001010111111010101101110010101101010001000111001111
000100001100011000011001010000100101110100011011011100110001111101101110001111001000011101100101
110001000010101010001111111001000010001001011110001011000010001000010010000010100001111001110001
001111111001001111011111010110111111010011010110011001010001111101010011111001000011110000001111
101101000010110111110001011110101100101001100011001000011110100100101011011101111011101011111100
110110010001001100111011010101000011111001101000111101011001101000001001111010111111100010001111
010110001001001100010110110011001110001001011111011101001110011101000011100000001111000000111011
001100110101111100111010001001101011101011010111000110110101110100010011000111010111100110111101
111001010001001111001000100111110000001110111001111001010101000001011001000010011001111101000000
111010011001001001101000001001100101010000001110100100111010011010101111001101011000100100111011
111110011110001010100110000010101011001111100110111100110111011110100111110111101101011000111001
100110110100001011010001000100100001100001001110111111000011011100001011101001111110011011101110
010011111101010100101100101111111001101011010100110010001000011011111101000110110000100001000011
101111100111010100101111110010000001111001111011101100110101010011000101000011100001001110110000
011101011001001010101101100001011000101101010011010011110111000000110111001111100100100011111100
111010111011001101001001001010111101001110011101001101110111101100100001010101000110010111100001
000101010011000011000100001101101101000110101100010001111001010100111000010010000100001110001110
101000011010101010100010100111111110111000111111111101100000101101000111100001000101001010011110
110110101100010110111000011101101111001101010001111001010111000111100110000111110101000010000111
110010111110111011001101011110110110011000101011001111110100100110001101100101010110101111011101
100010000001001111111101000000011101010100110100001010101101000100101100011011100101001100101010
100111011111000100101000101110011011110111010101100101001110111010001111100101010100101011011111
000110001101100001100110110001100010110110010100000100101101100100010001110010000110001011000000
000101001001010110110100100001100011000110001000000011010101101011010001111001110010001010011100
011011111000001110001110101011101011011101111101011011111000110110111010110000111110100011001101
110000001000001000010111111111101001101010101000011110101110001111010101110110000010111010000110
011001011010001001100010101101011010101111111101110001111111001101111011010110100010010011101011
101001101110001001011001101001000010110010001001100001000101011000000001100010111101001011111001
111001101101001000010000100011000110001110101001110110111100001000010000010010110100110000101100
011001101100111010010010111001110010111010111001110110010101001010100001111101011111001100110111
100001000101001000000011010111001110010110111100011010111101110010010111101001101100111111010011
111101100010101101000101010010000100110111000010101011001001111000100001110000111101000101010110
011101010100010000110100001000101101001100100011010100101000100101111111101101011111101011100100
100110001001010110001111101010111101001011010010100111110010000111110001111000000110101111111010
110011110111100000100011110010100100100110100101111101000111111111010010101000100010110011101001
011011001001001101111110110001101000101011101001010011011001010001000010000011100001110000001011
000001101110100000111001100101110111001100001010000110100011101111001101001100101001011001010100
100111010011011001111110000011100000001100010101110000001111101111101001100110010000111100101100
101101111011011100101010110011011100100101100100100011010111010111111101101101110010100001001100
100101011101010000011100110000011100010111010111111010010111011111101110001101100010100001111111
010001011010110000011010001100001001010010110000010010100000010110011010110011001010010101100100
110011011000011111110010010011010101010001001011000010100110100000011010100011110011010011001111
100001110010000010000011001110010101001101111011000010110100111001111100011101000000100001100001
110110101100110100110011000000010010111000000001010010011110110100011010111100100101001111100101
000101101111110111111001110000110001010101001010011101000111100011100010011100010101101110011011
111000111110110010101100101000000110011000001110011011110110000010010001110111101110010000101010
111101011101100100110101111110101100100000001100000100010011110110001101010000100110110011010111
111100011010000101011011100001001001001110111000100011111111110010111010001000100111111011100001
010001010011000110100101110100110100101101110111011000111001101101110111000111001101010110101001
000101111011100010001001011010100100101010101001011111010110011000000000110010110010011001001001
110011101000110110110000001110100101111010000000010111000010101101001100110110000110111110111001
000011111111111011111110011100010100111101110100101101011011111001000010110101111100111101100010
100101110110111101011111100101100011010010000100111001101101011110101111100101011010000001110101
110001100001001110001001010100010111100101010101111000100110010101011000010010001111001110010110
110000101000100011011110111111000011110010010111111000111101101110100111101111011001101100001101
001001111010010100011110100000001010011001111100110100101010001011110100000011010100001100100100
010000110001110010010001101110101111001010011101011110000101100110100000100001011101101010011101
100000110001011111001110110101111101110000100011011000110001110000011001011001110010000010000100
000100001110010010111101111101001101011111111111111001101011010001101001010110111001100001010011
010000111000001110101010101111010001001110000001010010111000101110111101111100110000111011111111
010010101010110010101100011100100010101010000000100110010001011110110100110101011101101101101000
000010110010110100010011011011001011101010111100101100101111000100110100101001100111011110011101
100000000011110011111101001001001111000101011100101110011000011010101101111010100010000001001001
110101100000000011010100110100110100101011011010011000100000101000010011100000100010010010011000
010011110000101001001101110011001000010101010000011001111110000010000010011001110101101010100010
011000100010101100010110110101000000000110101011100100111111100101000100001101011100011001001000
100010110100101100011111011000011110110101010000100011010011011011101000011000110110010101110010
000011100100000011111001010111001100100000000101000111011110100100001010101101111010011100110101
111011001011010001001101000011100010110001011011111110011110111001110011010111000001111011010111
110110001000001101000011110111011111000001100111011000010010101101011010100101110111110111011011
100001010011011111100100010000011000000110000100100111111111010011101001000011010111000001100001
011100100100000101111110000101101111010100011100001111001110001000011111001000001101010111000101
100001111001101000111110110111100100001110100101111011101101111110110000111110101011000101100100
101000110011011110101111000111101001001101100010010000100111111001000111011100101000000100101001
000000110010111111100100001001011010011110100100111000101001010100101100011001011110011101101000
001011011101010100110010000100100010110101100111000110110100010011111100010011101111101000101110
001110101101010111110111000101011111111001111001001001000100011010001110001100001101000010100000
000100110111001100101000101111110100111001110111100100111110001110010101100001010100000110111000
000001010111100000111101011110111011101100011000010111010000010011001100010001101111001100101110
101011011111100001100001000010100111010111100000010100110110100100000101111101111101010010000101
100001111100000000111110001011011100101110001111100010111000111001101100001101100010011111000110
111011111010001001011001111101111010000010101000000101111101001011000110101001100000011110101001
111110001110000110101010111111110001101010110110100110101011101000010100010000101101010101000110
000100011001000111100010010001111011100000111000100000101010100001000011101111000110110011000110
111011010111010010001010010110110100101111111110000000101110100000011100000110011000100111101110
111111000001011111010010011011110100000011000011010000111000100010101011101100001100001100001010
001000100000101001110111110000100000111000001100100100000101001110000110110001000111111110000110
011010101000100101000110011001000110100000101100111101011101000000000010001001011010010011011010
110011100000110100011101100000111001000110110110100000100011011111101001111100111000011110110001
111101000100011001011101110111010100011011101100111100111000100001010110101110101100101000011011
000000100001001101000010101101101011010011100001110011111010101110011011100000001010101110100011
011000101111100010001110001000101000101100000010010110010101001011110110011010101000010001111000
111100101100000010101110001001101110011001110100010111111011010111011101101000110000100100101101
011110010101101001110110100100000110001111111100100111110000000111110011111101111011110110111100
010010000000011101001100000000101010110000111111011101011001110101010011100100100100111111100011
111000011110100000100011010001000001000101000011101101001011001100000101110110110010010111011001
101110011011011100011100101101010011000001100000000110100000000010011111101000101111111000101011
110011011110100111000011010010011001101000000110111010111111011111101110100001000101001000111011
010100101111100001001110100011000011111010111100010011011011000011010011000001110010111000010011
101100010000100011000011010011000010111001010011100010011100111101010011110011111001010000011001
000100011100000111111010001000011000001100010100011110101000011001000100110101111000011001111100
100011000111111011101001000101110000101000100010110011101010110110100110001101101010101101011100
100000000111111111101111111011110110110110100111100110001110100110001010010010100101011010000101
001011010101010100011111001011110001001010000110011100001111101000011111110001100010100011000111
100000101111111100010110001100000101001000001000011110000011111110010100111111011010011101010111
000100111010110111101000000100000010110110110000110110011101110100110100110111010001111011100001
001000100011111110111101000111100011111011101011111010001001111011010110011010110001001001111100
110010010000101111001001000001010101101110101011101111000001101001010110100011000000001010000110
011101010111001000011010000001110111110000000110001101000010111001000001100010011111101100001010
010001001010111000100000010001111100010111000000011100110100000000110110110110111100111110111110
011000010000001100110011010110001011000101111101100100110111100110001001110010011100000110111001
101110010000011000000110110110000001110110101001110011001010001001001110011111000110100011001100
001101000010110011101110101100000111101110111011000110011001000000010101010100101110110110000010
100010101111100001110010110011001000010000101011010101011000010011110111001001011111001000001001
011100101110001011101101011111010110100111001001100001010011100011011111001011101101110010000100
001000110111000100100000000110001001110100011001101110011000110110010010000011010101011110111010
110110000100101001010100101111100001001011001010011001101011110001010100010101001110110101100000
110101000010101011100001000101000011100100011101010011000001001000010011110010010101111010111100
010101111001101100111100010110001011001101010111100101000111101110101101111100000001110011000000
111101011111010001111111001000011111111101001001011010010101000110010011001101110100000000001101
000000001000001100110100101001111100000111101111001100000100001010101101100000001111101100110111
100010011011000011000010001100011000111010010000010011110011001100011111100101010100101011111010
110000100000110110101110110011000111100011101001010011001001110110111100001000001100011101100001
100110111010010100101010010000100100111100000010011100001101001010000111011111010111110011001011
001010001110001110100100010110011011011100000110111001000111000111000011011110000100011110111110
101011110110010100001100010111110100101100110101110101001011100010011001101010000001111110000011
010110000100110100110110111100101111100101110100111100100000101110000110101111011100011110111001
101001001101101110111001011000010110000001101010001000111101111010000101101100111000011101001100
100011001111001011111010110101111011001100100001001100010100110001001011111110011101110010101110
100110110010011001101000011001001100101101001011100011101100000010001111011110011111001101100101
101000010100011001010000001101111100001100000110101111010000100101111000001010010100110111000000
110100011000101010100010101011000010111001110000111110100100001011001010001110000001001100000001
110001111101100110110001111100010100101100110010101010100000110110101001101010111110000111000111
011011111101010110010010111010001100111100011111010101000110101010101000101101100111001110011010
011000011100101001001010110011010011011001010000110110000011101100001000100000100101001000010001
010011011100000111010000001010100011011100010110011110001011111111110000010001000110001000110000
110010011001100011101110000000001000011001110100011100100000101101100011000011011000111101001010
100100101010001100111010000111101100001101110000100101110101001010000111111000010101100110110110
001101001101100110000010101101111000011011011001010010001000101001010001100000010100100111000010
001000100011101001110101000110010111001010100011111101110011010001100001101011111100010011011011
110110010001111000001100101101011001110010110111101001101101111101101000100000111000010101010110
111101111101110110010111010010100000010110001110111100101110111100000110100100010001001111111110
011110011011011001011001101001011101100001011110101011101011010101110010000011001011010100111100
110111011101001011001000010010000001100000000010011010010000100101110111110101101010110101001110
100100010010010101110111011000011110001001000100101100001011101110000010010000000001010000000011
101011110100010000100000010101100011111000000101110111101101011000000000101101010100000011011010
110010101000110001011011111001001011111111001100101110010100100011010110001110111100110000001100
010011011101000110110011101101111110001000100111100111100101001010111110110000111001110011000010
110110010010011000101011110010110000110100000100011000000001110100000100100011001000101000100101
100100010111001111000111010101101111100101001000101110000110001100011100001010001110000110111010
000010011110001000100010001101010111001111011110000110111000110110001110000101010101101110111111
110101000000100110100110111100001010101100010001111101111101101001100101011001001001111110111001
100001110100011101111001010111101111111111101010000110001000001001010000011101110010001011000011
111100000001001110011101101001000101100110010010111010000100111101011111000010100111100110100001
011111000100100110010110011110110000000010011110101011111101011110010110101111010001111000011100
001100000001000011000000111010010000010010011011110110010010101101110101001111001111000001011011
001101001111001010001110011000100101111110101111111110000001001001011111010100010000010100110011
100000110110011101011110101001111001101110001100010100011011011011010101010110001100011000100101
110111001100000010010010100101101110011111111111100111110001000111100110010100000000010101011110
001110001011011000111111010010011010001011001010101000101100101011010001001110110100101101110000
100011110010011010101100011011000000111110110001100001101010110011100110001101100000001011101101
011110010110101100111100110010101110001100010100011110101101000000111111000100101000101111111011
111110001000001100111100100100100100010110001101100101011001000110001011111000001011100110100010
011011010101111011100110010110011011000101101101111010100000101100111110100011110010111110100101
111000010000011100110000111011010010101110010001110010010010100001000000010110011000101100010011
001011110100110010110111110001000000111011010101111110110000111001101110100011111101011100100111
000000000011010000010011110101110010011101110100101111100010110001101101111101001100011100010000
110011011001101010101000101000100001110000111000000110001011011001111010000101011100111010100001
111110000000110010000100000110010100101011010110011011101010100010110010001111000000001011100100
010111001001110111111111101011001001101001110111001010000011110100000110101111101011100100111011
011100101001101111011000010100010110101110001100010110110100100110111110111001101010011001101101
110010000000010011010101110101100001001000001111110111110011100010111001110000000110010100110011
101011001111000111110111101011000101111110011111110101100100100000010001010100000101000010011011
100011100100000111100000001111000010100000001000001011000011001000001111100000100111100010000100
001010011110111010111000011100000011011110101111001110001111011000011000111111110111010111111010
