000010010010111111100111011110101011100011101010010101111111010010110100101101001001111101101100
110010110100001111100010010010101101110110101000011001110111001011111111000101101100001001100101
111101111000011001000111110100100001001110001111101000010000100100000101111011101101010011011100
001000001000010111011101011101000100000111001100011110011010001101011001000111010011110001001010
010100011111001111000100001011010111000011100101000110011101001111011111110101001100100001111101
100010011110001111011011001000110000001001111101111100011101010111101110100110110110001100100110
111011010000111011000000100010101101011111001001001001010110110111000110001100101111100111111100
000100010111111010100010101010111111100111001101101000000011110001111010000111010001010001111001
111010110000111101000111101011001101011011110011101001000100000011000000011001001111001111000110
000010111111101010100011011110110010111000010101001011100111010100000010000001011001001101010110
001110011010010000111000011111011101000100000000110010001101110000100110110011001111101111000100
000111010111001111001100100111111100010011100000110110001010010000110001001010110001000101101110
110001110000011001011000110001010000110110111111000100110000110010111110111001011101111011001100
000111110111010100100110100000110110110101011011101101001111100100101001011111010000011000100101
010011100011100000001001000001000100010011011011001100000001001100101010000111110010010101010101
111001100101101110110101110101001111101101011001110001101100111111000001110000011010010100000000
000010101001010010110001001000001100010001000110010000011111111101010111111100000101000110100100
100000001011011101001110110011101100010100111101010001010010001010101111101001100011100110101110
101010110011101101010100110010000000011000100110110001100101001100001010111111110100111011110010
010000111001111000111000011000111010100001111111100011111001110001010001010110001000001100001000
010010010000110101010101111001000011010001010011000010111001101100000001001010001110110100001010
011100101100111110010101011111000111010110010101000011001100000010100101110100101000011110101000
000001001100011000010100000000010100111110000110011101101101100100001001001101110100011111010000
110010110000100011010110100110011111011101100111111111000010001000011110101011000111001000101111
001000111001101111011110001001000100110001101110001000101001111011110101000000110000000001100111
010101101010110011110011010011111011110111011100011010000010011001111001101111100100010001111011
001010111101001001000011110110100011101101010100010000010010000000111111000110011111001111001101
110000101011100111101011101010110010001111110111101100110110110011111111001110010010010010101111
100011001010001011111011000111110010000110100011001111101100101101101001001101111101011011001011
010101111010001001100110101001001010001101010110001000000010000100111000101101010100001110000100
000100001101111010010100011110101110100110001100010100101100111100101000111110110110110101110011
000011011001110110000101011010111110011010011010010100101111000111010010001010101001100100111101
011000111000010010000101110010010010110011011001010011110110111101111111010100011001001010011101
010011010000110100010111001011000110011001000101100101011101111100000010100010011001100010110001
000100111011111010000000101010011100010101011111100100100010011001001001000000101010101100011010
000010101010110100011011011100111100100111110010001110010110101011010101111111101001001010000111
001001100010011011111000111011000011110000001010000000011110001111010100010110011010111010010001
111000011110101111001010010110010011000000010011011000001010111010001100010011010001000000101001
100101100000010010101010001110001110101011000001000111110010100011010000010000011101100111011001
011010110110011000100110000110100110110010011000011110101001111111000100001001001000000111010100
100011110111100110010110111000000000011101101110110111000101010010001000110010101001011010100111
110011001101110110001100100101101001111000110001000111001100110101111111110000001011100010101000
010101110101100110001100110011110111000000100010110010000110100001011110100000010010001100101001
110101100100100100101001010111110100111110101100001101101010111000000101100000010001111011011100
010110110001010110100000111010011010011100111101110110011101110110100100001001111001110110110010
111010011001001110000110010110011001010101101111100111000110000001001110110001111001011111100011
000100100001000111110010001010010000110100000101110100000000110110000100100111000100100010001011
100101011101101011111010010101100111111110010111111101011101110101111111101110100001110101010111
111100001100011010011111000110111110111001101111110110000001111101100000000110101111101010111001
101010110100100011011100010000011001001111100011111011001100110011001000011101110011111000100011
010101110110100010010011001100001001100100010100000001011101001111111110110010101111001110100111
010010111010111010110101010110111110000100111010111111000101111111011101100110010101100011010001
111111010101110100101100110100001001110111000001111101100100000000110001100010101101100011000000
101000000011101010111111011100000010100111101111101000000101111111110111000001000001110010100110
111000000111001010001011100111111100101100011100000100111101001101101111001010101011110111111011
000100100001010001000001100011000000101111110010011101101010001110111110000011111111100100110011
101011011001100110010001001010011111001110011100101110010101110001100011100101011101101010000010
001101000011011001101001111101001011011111100101000010000011001100011110101001001101111111101001
000101110111101000010111011011101101011100001000111110101111011000000111101101110010000101111111
011111010001100001000000010100000011111000011000111111011000001000101100011101000111101001001011
010001000010001001011101011001110011000101000110100001101110001010110110100100011110011101000011
000101001010010000111110110010011000011011010100100100001111011111000011000111000100101001100101
010111011001011111101001100100100001010110011010111000011111010010000100100101110001000010011011
000100110010111000000010100110010111111100011100010000110101000101111000111011100101000001000000
110110000010101000100010010101101010101111011100100100101101100010110100000011011011000110010100
000010110110011110101111010001001110011100000010110110101100010111110011111010000111100001101010
110110001111110000111110110110111101001111000110100111101000010000110001101100000010011001000000
011100110001110101111111101110001111100100101111100110101010111111000100011100010110110001100111
001111010011011000001110110110000110101011010111110001000111000011010011010110001000010110001110
111001010101011011111001001110000000101010001010111110101111111101101001110110011001001000111000
100111100010101110110010111111000001010111110100110000111001101100100011111110111111111111111010
100001101100000111101011001101001011000011111000011011110011000110010000111101100010111111001100
111110011111110000101000110010010010110101101111000101100110101010111110111100001000010001010100
101011010100101110010000101101001011000001100001010101111010111001101010001110101101000010111111
101100010000100011011101101010110110101101100101100100111010011010101001101101010010011000110110
000000101011011011001001000101001100001110000000011101101000101001001010000110001011010000011000
000111000010110110100001110000001101001111100111100110010010011111111110000011111010011100001011
111010100011000110011010001100110011000101010100111000111000000010110011000100010101101010111101
000111101010101100111110100001101011100000010010001010101011000110000111010011010010101000111001
001010010001000111010100011000011010100111110100001110000110101111000001100100010000010101111100
001000001011101111001010100111100001011111010000101110000111001011001111101110000010111011000101
101111110110011001110001000011011111000010010101011111100011001111001000111110001000111001111110
000101001101010111001011000111010000101000000111011010110111101011111100111010010010001111100000
110010110001001110010001111110010111111110100111000100111101000100110001101010100000101000110100
001110000111010111100000111110110101101011001111000001010110001111110011010100111011111000001001
000001101011010011010011001110111111110000110111110110100101010001111010011100100010010100001110
100110100110001110001111010000111001011011100111011111000111000100101101100101110110111001111001
011110000111010000101111100101110010011110110101110100110000011100101010000100110111011100101110
111110001101001001010111110011110001000100100101111101001011111111001100000111001101111100100001
000101110100010110011001010011100100011011001101000001011010100111111100110011101101011110000000
011100101010110001111011110001101010101100010010110100110110011001000110001100101110101100011000
110111000110110011110010100111001001000000011101001100111000001110001000101011101011010011110010
111001000111000011010111000011111011111110001111101110011000100010000001000001000001101011101001
111101001111011000001111111111101011000000111100100000101000000101011000001010000001110011001001
011000001101001010111110100110011010100100001101001011000010100100011000000011011001110111001111
111011111101101101100100010011001011100001001111111100101100000011100010001011100110010100110001
111101010100110110010100111000001101100100001100100110110010101001011011100111011001110000111110
011100110001110011001110000110100110000111011110011100011010110101001000111001110010010000100101
001101000011110100111110111011101010111100111111000100011011111111111001010000000010101010100111
010101101001110111001110001111000000000110101000100010100010001100111001000001001001101010000001
111001111010111111000111011010001110100010001000000100011010110001000101000110111100011010111100
111001000000000101000111101100010110111000110110010100110101001010111111100101101110101010001100
111110101111000001010111001000100011100111100011001110110100010100010001110110101111101100000011
111101011000110100000001011100010000111001101100110111011001000101000100111001101010100111101010
010100100101010111111011000000001010110000111011011111010011010000001011100100000101000000010100
001010101010110101100111110101101001111001110010110011110010101110000100001001100000101000111000
000110010010110101000000000001001011001000001111001110110010110110100111101110011010111100100101
110011111010110000010101011010000101001100101011000000110011110000100000100101001111110010110010
111100110001001101001000001110001110000010010110001001111000110011001000001001110100111000010100
111010011000111000111000100000110101001101011000110110010110101101011101101000010100100100100001
111001010001111100010000011011111110100101101010001101110100011011011001000100011010011110111000
100011011000000001001001110001110010000100010101001010001011100100000100001100110010110101110001
100111110100001000011100101010000010111100010000011000011110001100011011111011111001011010001011
010101100010100101100011100010011010100100000101111100110001101000000001000010111111011011011000
000110011011100110000111010001111010101101111000001001100001001101101100000011010000010000011011
000010001010100000011000101100111110101110011001110001010101010101011100101101100011000001110000
101101111010101001010110010001010110000000110101101111110000001000111101010011001001101111110110
100110010101100101110111001000100010010001001101110101011001101000110010011001111011111101010111
100000110111100001000010011001100010101110010001100111100010100110010100001000101100101000011001
110111101111011011111011111110100010000110000000101101000010000100101101100100110010111110110011
110010000111101100001011010011101000101111101101001110101001110111111111101000111011010011111101
000010111000101100000110001101110000100111101110011100110101111000111111101000110100101101101011
000010101001000101001110001011100010010101101110000110110000000100001011011010011110111011100111
010011111100111100101110110101100110001010111101111101001001011000110010101010011111111110100101
100110000001111010011111111101111001001000111110100011001010110100011001110111110111100111110110
110011100001100001011010111010110101110100011110000111001011100110011100100001011000110001111111
111000010000110111011000100100111111111010111010011101011001110011110100100100100100100000010110
010100001100111010100001110000001100111111000100011110011000010110110101010111100000100011101011
101000110001001111100011010011011001011001011110111100000010100100001001100100011010000100010101
101000111111010100110101101010110110001100001000111100110111011110111000011110110101111111010101
001011100111111100000011011010101100111111110110000011011010101100010110100100001110101100110000
011111001110011010001100100110011000011100000011001000000010110100001100001010010010001110000110
010000100100111111011011111011100101001000100010000000011010001000100101111100011110100110011110
110010101011100100011000110110000011011111100011001110111111010010010001010100110110010001111110
011110111001000000100010110011101110101010110111100111100011000001101111100010110001001001100011
111100011111111101001111110001011001100010011011100110011011011100010101011100011001111111111101
100011001001011101110010010111100000001010001111101010000001001001011011100111100000000100111000
110000011101010110001110011110110111001000000111000001011101001001010101101111000100110110010101
111010101101001010111010000001111101100100001001000111111101010110101101000011110011110011011110
000100011110101000011001110110100110111110100010000010010001011000011100110111110111100100111000
010101110110000100110100100000010010001010001101010001110010100100101111011011111000101000011100
100000111001101100010011110111010011000000101110110011000110000100010001100000110101101101000000
110000101010101110101110100110000100000111111100001111011111111110111010101000000110011001110110
110111000101001100011011011000010001011001011101100110001010001111010011001001001100110101100101
010100110000110000110011101001000000011010010010101001000001101101110011110000001111001000110111
100110111110010001110010010111011110011110101100000100110101000001101101101100111110000111100100
010101001101010001111010001011100011000000011001110100010111001011111101011010011101011100101010
001110100011000000110100001100001110100101111001110101000001001011010110010101000101011000111001
101010001001010000110101001010001001100001111101100010111111100100000011110011111000001100111110
101101000010100011011101011010101001010000010110001101100110001001101100011001111010000110100100
001000111001011111101100101111110001000100101101110110001010001010111110100100000111011100001101
011110110011000000110010010111001001101001111101110000100011101101101101111001010001001000111110
001011000000100100101011100001010001100111011011001001000010011000101001011101100110010100001100
111010000101011111001111100100011001011101111001110111101110001100000010100011010100110001110011
101001000001100010100101000001001011010011100101010111100100011000010001101001100111111011010111
000111111110010101011000101111101101011011110011011101010111100110100110011100001101010000111100
101011101011111100000111101111111000101011101100110001011001000110000001001011011011001011111010
100011001110011101110111100001011111100011100110001011001100100110110110110000010110101100111110
111110111101111011010100000000101110111110101110101110001110110000010110011100011001010000100101
101101110001010100010100100010001100010111111000100000111111101010001010011011101111010000100101
100100001010010010011011011111010011000110011000101101011111111110011111100011110000111101100000
000010000111010000100101010110010011111001101010001110111111100011111111100110001100011011011101
101001001000010100100110111101000110000011101100010001110010011101001111011100101100011110001000
010010001011011000111001010110001001110110100100001011111011110101010011111101101101111110001111
110110100010111001100011100010100011011010011111011010111001100010110100101110111110101110100000
010010110100101111000110111011100100000100110010000011111001000111001101000110011101001011011110
000110001111011101111011001111110110111100100010101101100100100011010000101110001111000000101000
100110001100011110010010110110001000000100000000101010010100001000101111110111101010110101011011
000011011000100110101100011100111111100011110011111100010011100101100000100010001100010010001001
100011010010110001101101000011000010110001111010111000000001010111001110110100000101100101100010
111001011100000101100100001110010011110101000001111101101010111110111110010100001110100101001010
010010011000110001101000111011000000111111101010011111000000010111001001011001111011000111010101
110101001110000001111001011101101111001010110101010101010110001111001100111111101110000000011111
111011111111110101110110000100010110101111000101000110010000011011010111101100011100110000110001
001010010000101111000100101010011101010010111011010100100110011100101011001110000010101001001011
101011000011000101111011100110101101011101100111100101001010101000000010010000101000000010110011
001010010001101011010110100101000000111111100110001101001011101101110010100110010100111001111100
111001011110100010010111111110011011110011111111011110111011001000000011010111001101011100101100
000110111111101110010110000110001111000110011011111011110000111001011110000111010100000110100111
101111001000000101110001110111101011111100011111000110000110101111000100011111001111101001010000
111011100100001101000001000101010100100001001111110001100100111111100011111011000010100111010101
010001000111011101100011101100010111110000011000000101111001001000011010100100111100110111010011
100000000101000000001011110111010001110001010110010101100010010000000100000111101111010101101100
011000100111110110101100111010000101111100101110100110101000010111011010100101000001000011100110
001110110111001101101000001011101110111000110010011101110001001000111111000101001001101101111100
100000110011100000000100010001111010101100010111000101111101101101010000111000000111000001110001
100000010010011101110111001011111100011100000001011111110010111001110101101101000111010010110001
011011100101001101001101000011111001001001110011110000010011010111011010101101010101001011111001
110001101001010011101010011111100010011100101100101011100100000101000111001111101000001110011101
101011101111011111000100101100101100000011001111011111101110110111110110111001001100010011101111
000100110011110110100010000100110111000000100011110000000001001001111011010011001111111010111011
100100100111110000000111011111101100111101001011100000111001110101110010101011000100101111001111
001010101111000111100100101101101011101011110100001001101111101000101010101010001100101000001100
011101100110010000000101011100010011000010111101101011011000010010111010001110111110100101110010
111101001000011100010011011010110000001111011100011110100111101110001111010111111011111110000111
110011001000011110111001001100101111010011111101011011011101000000111111100011000000010111111111
001001000011001101011101001000001100011101000100110000011111011100010001010000001101101011101110
110100100001101110000000001010101100100000111100001011101011001000101101000010000110101101010000
011101100011111010100010011110000000101100100100100110110010001001001110000010001101111010001101
110000010111101110011001011001101010110010101001110110011100111001101110001011011010111110110011
001001000000000110101110011111111000011000000100101001010100110001001001011110011100011100011010
011111001110100101011000100010100111111101000011110000110110010100000010011111011000000010011111
001011000001011001001101011101010010011001010110011010100111111010110101101010010100011111101000
000111100101011000000000011100011011101110010000110110111000110110110111000111110001000100001100
110010001001111011101001101001010010001100101000011001010110101110010000110111000111101011111000
110001010010010110101010011110111111000011001101101011110000100011100100001101111001010111001100
110101000111111000000111100111101000010101001101011001110111110101111001001110000110110010010000
110111001000100011110010010110011001001010000001111101100000111111001000011111110111000111110110
000100001001010011001101110101000010000111010011000101111000110110100110101101001111001011100010
000100111100101011001001100011101111101000111000011011101011001100001101101110110111100010110010
001110101101001001101001011111110001001000010001110101111011001011110001110101010011110010100101
010111010110101000101110010000011100010111111010111010110011000010011101001011101111101010010011
011010000011111001101101100001011000110110000000101000110100010010010010001110111111011000100011
100101100011100101100010001000001110101111011011000100111011000101110011100111100001100100100000
000010000010111001101100011111011000001101110101111000100000010110110111111100001111101000101011
000001011010001100001010000111010111101011010010101010110001100001001101011000111100100000010110
110000001101011110010110010101100101010001100000100101101111111100111011001000101010111011111011
110000111001011000111101000001110010101110001110100111100101000000100010011101110010100111010100
100101011011011001110000000101111010011111101011101101111100100110111111010010111000011001100101
100000111100001001010111110110111110010101101001011101001000011100001110010000110010011010110001
101101011100110001011110011101100001100101001101110111100110100110001110000010111010011001110100
010011010011110011100001001000000111101101001111011000110111011111111100010000011110111000101111
001001000001101011001010011111100111101111010001001101001001111001000000011001010001110011011110
111110010011100110000110110001101100011100000011000101010010011100011010000101011000001011011100
010111101001101100110100100000110011011001010000011010111000011101000100100011010111010000100100
101101011101001100010110111100000111010101100001000110101101011010000111001111111011110100100011
010011110001000101010110010110011111000111001110101010111100010000010100010000101000100000000101
100101011010111011000110111111011001010001000000000101010001011100000001000001000100000000011010
000100000110000011001111010101010000010100001001110100010111101111100101001100010001000001011001
000000111100010010110011111101001000001010011101000000010110110000111110110101101110000011000011
101110001011101001000010000111111101001011010111111100001010001111010100110001000110101111000101
001001111011000000111001101000010111111001000011100001000011011101100001110100010011011000011001
110111001010101101010001000110010100101001111010000001001101010101111011010101111011011001001110
101001001100000000100111011100011100100100001000101101110100110111111101110001110100110100000111
111100101000101011010110010000101111110111110000101010101000011110001100110111110011010010111100
101101111110110000001010001000101111111001001000110011000110001000001101100110001100011111000101
010101101001011111100010001101101010101000000011001111111111010011010100000110110010001010100111
110011110110110100111111011100000010001001110110111011111011000110010100100011100000101001001100
100011000111000001001000011011000100100101001111100011111111011010001001001000010101101110101110
011000001011010010001001010001010110011100000001110010011001101111001111101111001000101100011000
000010110011011100101100101000001011011001111110000001000101001101000001011111111011110011110011
100011101100010111010111010010110100011010000101111100101100111111110111000000000000000000111010
100101011111110011111000100010010001011001100001010110000001010110100010111011001010111101011101
101001110010110100011101001111001101110100011111010010111100111010101001110000110010010100110101
010011000001111001011101101010011101001111000011101100010010011100101100000110111101110100011011
010010001100001101101111001101001000111011001010101000111010000001011111011000011000111101111001
001000110010101110010100111110100010111011001011111100010001100010001100000011010000110100011001
100010110111111001100011100110001101111000000111100000110000110001111000011101101001000111001101
110001010000111100110011100110011111111110000101110001000010101110100011011001000111011100111000
011010101011010100010101010101101000000110100101110110001001100000000011001101000001110100101010
011010110010001011001111001011001011110110001010110100011111101010001101110010111010001000011110
011001100000000111100110101000100000101011101110100100111010100010101000100101010101011001100010
101100010010110010010001111110010100010110100010101001101111000111100011101110111010101101100000
100111111101000111011101000101111011000100100010010010000101111101110110110100001111110111100111
100011000110000010100100011000111000101101001101011111110010011110100100111010000111100001101010
000100011111011100001100010110111100001100111111010110111011001001101101110111111010011000101010
011111110101101110010100001000000011110110111111001001111100100001000100011110110100001000111010
001100000000101101100111101110110000101110110100000000000111110000100101010001000101101000110001
011111110001110000101110011101110111001000110001010011010000111001001000101110010111000000001000
010110110101101010100010011101100011111101111110001101100000011111101000011000001110011010111111
001001000110110001001110010001100000101010101000111111010100000001111010100101011010100111010011
010001010010000100000001101110110000110110110010011100111000001001001000101001100000110110000100
011011010110000011001011110111101001001111111010100111010011010111110111111010011000000001001110
001000010111100000110110000111111001110010001010101000110100110111011100011101010001101111101111
110011111100111011110001110110110011011001001001000110001100111100000100010110100110011000011010
110010010101111010000111011000000100110100100110001000011000011110000110010100101110111011010101
110010010011011100001010100100010010110001111011100111001000101111010100101110101010011010111010
111011110001011110001000010111111111010001110111010010011000100000010101011111011100001011110001
000000010010000001001011100000010001001111011000001001000110001111111111011110101111010110100010
111111110001100111100111010100110010101110101100101000000111001001011001110001010000110010100001
010110101000100111010010101001001010111000100110100101101101101000100101001000011010011011101101
010111101000101110001000110000010001011111011011000010101010011010000110001011101001000001001010
101001100101011010010101010001000001001011000100101110111000011110101010000001111000001000000010
101010100111000001110101101000010001011010111111101010010111010000100000111100101110100001010111
000011011110111111101000111111111000011101011110110111001111000101101000101100001111110001111110
110001111000000101010111010000100111110111111010011101101000001001100110111111001001101000100011
110111001001100001001000110001110001111011000001101010101111010100100110010011110111010100101111
110100011101100100010000111010011110111010010110101011000101111001010100000000011010111011000001
100001001110000101110011110001011101010101111111010110100101110011011100011010000111111010100010
011000111011101111100110101011111101001011100010110110101101001111010110011001001100100010101000
110010011100101001110000111111111110101111111110001111001001000001100110111110001110101011111110
011000010111011110110110110010110010101101111101101001001111100001011110001001101011101111101010
000101001100110100100001000110110101001111011010110100111000001010001011001001100111011110000010
100110011011010000000100010011000010111011011011111011000011101001111110101100011110011001010101
000111110100110000000001011110111110000000101001010011111001100111001000001001111011011010011101
111011110101101011001101010110000101001110001010110101111111111101001001100111011110100010000000
110001000100110101000001101011101101001111001110010011110100111011110010000000110101110001111110
111010111001010110101101100010001111100111110001101011110111110001010101100100100010111000100011
001100101011110111101011011001010100000110001110111111000100101011010110101000010100111111100110
100111000100100000101011100000110101000101110101000011101101011011111010101010111110100101001100
111100010010010111100011000010100110011111011010101011010111001000011101000000101001000111101011
101100000000101111110001101101111010000001110011000110101001110110110010111011100101010001110111
100000101101110001001010011000110010001010011011011000110010000101110101100011000101101101000001
111110010111001011000000101011010111111011010100111001100111010110100011110000111100010011100111
110011010101110001000001001100101100110100010000110101100001000101111100100110100100001001001000
110010110110010100101110010011100011100010001010110000111010000110110001001101101000100011011100
110111010110011101101010001000001000011101000110111101100010100111111111001001001001001111111000
011001110010001010111111000000101101111100000111011101010111101001101111100000101111110000111111
010010101111010011110001110101010110010110000100100011111111100100111011011110100101000010011001
101001011101101111111010001101010100100111010101011000010111011000000001010110111010110111101100
010011110100011111011000111011010001000100011110010011110011000001111001000110000000110010111001
101011011111000110101100100011101001001100001011001010011011010000100100101110010111001001101010
110111111000001111100101110010100101010100100101010010001101011000001001000101101100110101111000
000100101011100110100111100011110001110000100100001011110001101011111110101000111100101000001001
001000011110100100011111100010110010110100001001111001001001011110000100001111001110001111000010
111000111101000110101011111111110011100011110011001000111101010101111110000101110110100011001100
111010100110000111011000001011010111000000100000000100111111000010010001101011010001101111110101
001000011100011000101001101100001001010101100010011101001100111100100001110001000111101100001001
001001010101011010000011101100011011010110011110111000000111111000110011011001011010110100110110
010001001100111010000100101111000101101001011111001110010101110110101101011100100110110000111000
000111001000011011110111011100000101001100101010101110101000010010011000110101100011100110001011
010000110001001011111111101011111110011101011101101001001000110111000010101010010001111101001110
101101001110010011111001100011101000000100010010101101100100010000100101001111000100011111001010
111001001000001110110010001110110110011011010011101011000110111001011101010001110111011101111011
000001010000100101101010111011010001111100111000001101000001101101001000101001100100011111011001
000111010011110010111010010101110100100010011100011000111001000010001100001011011111001101000110
100100111001011100011101100110010000101100110111100010010111011101000100111001001011110001101000
011001111110111011111101011111001100001101011101100111011110111100000101101101111100011111000000
100011101110101110111000011000100110000011100111110001101101111011110010000100010000101110100000
010010111000011010110010010010111100100110100011110110111001011001000001010000000000011010111010
010110111001001010110100010001011001101111100010011001101111001000101001000111011101111100101010
100111110000101101000111000000000111111100111011100100010011010111101000001001101000100000111011
101000100110000111110000111100000111010100011111100001001110101100011001110000110011011000000110
001011010011110101000101101011110001111111110000001010000111011110000010100010000100010011010110
001000010110000100011001101111011101000011001001110111000011001001110101100111011110101110001010
011111110011101111111000101111111101011101010100010110011110100111000111111100000100101010100100
001100100000010001011010110010111000110111101000111010101000100101111010101010001011001101001110
101000110000100011100001111100100010100001111011000110101100111101111011101000110110101111111110
101100111010110110110010100000100010000010110110101101111001111010010000001001100110010111110010
011011111101111100100110000011101001111101000011011111011100000100110101010101111101100001000001
101100100001101100110100100010011010000001001110101010011110010011010000101001111100111100010011
000011111110001101011001010011101110011100001100101100011000101100100100111001101101111111010010
010001001111100101101100101010110001000010011110101111010010110010001110111000000001010000011101
100100010011100010011000010110011011111011110100011100100010111000100111101011011111011101000011
001100001000010010100111100111010100100001011010111011010101101000100100000000000001000010101101
110111101101000100011011000010101011100111000001000001011100100010000100010100100000111101101101
101101011001100101010100101101100111011011000101111001101110000110101011011001111001110011010010
000100010100010011101101000110001100000110110000111101000011100111011111101011100111000000000110
001111001100010100101111001101010101110011101100000110101111110000111100111101001101111111010011
110010110011100000101011101100001000101011100011000111011111010100011110001010001011001100010111
101111111011000010000110101111011110001111001001110000110111010001100101100100101100111010001010
100101101110101101110011100001011010110010110111100010100011011000001001110110011001011100000110
101001011000101001001001111111111010010001101111001101001000110101101010000011110101001110000001
100100101110001010011000001111110111011111100000110001000010011001110011110000001100111000010001
110010110011010010000001011110111100110001011110101111110001111000011111100011111010110101011110
010001110010011001100010010000011100010111000110111110001110001110000111001010000011011101100001
101000111000111010111111110010110000010100010001010101110110011110000001111101100110111000100101
110011000000100100100010010010111110011100001110000001110001000101011111000011000101011100111101
111101111010011100110110010001110010100101110001010101011110100011000001011101011110001111001010
000110011000001101001000100011101111111101001001011010111101110011111110111001101010000010111110
011111101110011001010101000010111010010100000010110110110001101110100100101010110011110000101001
110110101001101110000010110101101111010010000011110101100010011101111100011000100001000110101111
001101110110101110000110100000011111111010110111110000000100101101001000010110100110110000111101
011100101010111100100000111111000101100000111110110101011011011010010111001100100010010101001110
111001100011011101100001101111001101101010100111111110000011010010011101000011111000010111000001
000010000000111110011001011100101110110010110101111010100001111010010000100000110100011000011000
000101110010001010001011100101001110111110001011100101110111101101001011111101110110101100001011
011001000010101111101001110000110011001110111010101001010100111000110011011101111111110100110110
101001110100100001010010001111111101100000100101001110010100011001011110100010000000101001101110
001100110110100101010010010101111010100011110001000101011110010000111111000010101010011001101110
111011000111010010001100111001110001100001100100011011111001110001110010001110111011011111110001
101011011111101000010000010100110100000000011101101101000111111001110011100010000100110010001000
110111001100001011001011100000000110010010011101110100010111101001110010110011011110110111001011
000110100010100100100100010110011100000000110011010101111001101011011100011111101001110111111000
110001110001111000001001001101011100001001101111000101011001100100101110101010010001010011111101
111110111111001000110000101010000000100111001100001001111001111001000110000101101011101110001011
100100100001000000100001101111111101110111101010000000000000110000101010100011011100001111111110
101111010001101101000101000001011010010100010001010110010111011001000111011000100000111000101101
001111100010000011000011000100010110010101011100101110001000101100100010001010101100010000110001
111011001010011010000101010010000100000111000110000011001000010111110111001010100110001110001111
001011100011110101011011100100110011001111011001101111101000001000000101100100101111001011111101
010000110111000001111110010001110110000101100001101011011110110110100011001000110001101001111100
011100001000011010000101000100101010001101000111111110111100001110011001011111011001110011000111
010001110100100011000111111110011011000100010010010100111111100011010011000101111110110000100010
001010111100101101100101100010001110000110010110001110100010100110001110111010001001110000100101
101000111000001011010010001011101101100011100000101101100000111011010001000111101001000100011011
000110111101001111110110101110001101000000101000011000101010001011010111001011100011111110110100
111111100101101010110100001001001110000000111100011010001010100001010011110110000010111111010001
100101111111110000101111001001101011100110011101001011011000100001011110000100111110100100110000
100000010111000110101001111101101010010100101011100111011110000001011010111011011101001001100000
101011001000011011010111110011011101001111111011001100000010100100001000110101101111001101110010
100010010111111001101000001111001110000101010001001100101111110111000000010000111111101100001000
100000111011000101010101111010010101100000101010001010101010000110011000010001110101010001011001
111011100001010011110010101000000100110101010000000001111110000001000101101000100110010101001000
100011101011000111111101011011111111110001100100001100000100100001010110101000000111010010000101
011100001001010001101010100111101110101110011101100000001010001011110100101010100000001111100110
010111111001000110111101011110110010010011001110001111010111010011010100100111110000000011101111
111110001111010101100100010110010101111110101001011000001101110100101101011010110000011101001110
010001111010100010000111101001101010001111010000011011010110000110001010010101111100001110110111
110001000011101101001100101000010001100000100110011111011111110010101011100111110110000001111001
000111100011100100011110001000001000010010110110100110001000100001010111011110011101000011011000
110101000010001101011111100111000101011111110000001011001000001001111110110110111101110110100111
100101111111110010110111110110101100010000100000111100100110101010011010100101101110100011000111
110111001011101001011101101110100110110101101001010100111110101101001011110101101011111010100000
001001100001110101000010100010110011010000101010100000010101100000010001100010111010001111011101
111111100000010101000100101100110001111100111111011000001001111010100000111110101110001111011101
001100111110110000110100001010000010101101100101001110011000010100000011110010100111101101010001
011000011000001101100110011000110000011000110100010100011100101101011110101111000010111101100100
111101110011001001111000010111010101001111111100000101011011000101111010111110101011000001010111
000111110000001110110111001100011110100100001011011000110100111010110110111110011010101111010000
110001101000111001001100001111001000111000010111001001110111101101111010111011010110011110111111
100100100011010011100000011000100101011000011000111101100000001011010100010011101110111011000010
110110010111101100111000101100110000001101000101011011011110110010000111101100110111110110101011
111110000101001000110101000100001000110111111110000110110100011011100110000110100101100101000110
000100000111000010011011010000000100010000110101000011010000010101011000001010010000110100100010
001111010111101011000111001010111101000000100000101110001000010010010011101110011010000111111001
010100011110101110000011010010001000110100110001000000101010010111010010101010100010010110000001
111001011110110101011110101111110000000000110000001111011001001000011010011000100011101111110011
010100010010011101000000111011000010101110011011101100010010100001011101100011111110101101001001
111001110000100101111001011110010000101110100011010010111111010010000011101011000110110001100101
100110111011001000110110110001000101001101011100101001000010010011001110101101111100001100000110
101101101101001001101101000100111000000111110111101101110011100011110110010011100000100000010000
001011110101001011011100110011011001101000100100111010001011010101111101010101101000100100001011
011100001000011000111000110001000011101011011001000101111100001100011101101011100000100101111111
110100001010000000101010100101110110000000111111010110100001110110000000001010101000000110101000
010010001110111101000010000110111011110110010000110010000001101101101011101111111011111000010110
100000111101001100010110100110001011100101111001111011111100011010011110001000100010101000110101
011000100000101111000110110101010010111010011001110011110100110011010111101100101001101001001001
101000000101101101010100101001010001100011011000110100100110100111010011000001101010010110100010
010101011001000010100001110100011110000001011000001100000011111010101000110010010110111111100100
110101001001111111101011110011111101110100010000111111000110110011111011111110011101000001001101
000000000001100111001000110000001011100010101110001110100100000111110101001010100000100000000010
101101101100111100110100111111111100100110111101011101111100101011101011110001101010101010001101
100001011001100100110010010110111000110000111011001010111001111011010010010011000010000111011100
110100101000010111100000100100100100000101110111111010100100110001000111000110001010000111001100
001001001011100000101000111011010010001101010101111001111001110101101101000100010100011011110110
010001000101100010101011011000010000010001000110100110011111001011100000010110010101111110111111
011000100010101110111101100010110110111010011001010011000010110100011010000101100101110001000110
001010011011101011000100010111001100000100111001100010011110000111111101001011100001011010001111
000001011110001000100001110111000111101101111101111100001010001111011101111011010110100000101011
110111100000001110001111010111010011000000011011011110000011100110000111000111111000001100110101
110000000011010001000111101011010011101101000000000100110101011011110001110101111110111010111000
110110010001101011010000111001011100001101110111111100011001110001001111001100111111111011000001
111100111101011011001101111001100100011101111111111011010100110111100101000101100101100111110000
101011000100101010110110100110111010000110000100010110010000100000111110110010110101110111000000
001110000011101111010110000100001001110010111111110111000010101110000011111001111100111010010011
110001111001010011000101011111011111100000100011001011011000001011110110010110111000001011100110
101010100000010110010001010111100110111100100101011100001001111111000111111011001100010100110001
000101101000100100101111110010100000010110010110010010100101001101001010101111101110101010101011
101101110010111010111101100110001110100000001100111101111011001100111000100111101001000101011111
011111111110000111110000100001111001001110110100110101010010100000100010001000100100010010100111
010010101000011010000010011101010001110110010111011011011100001010011011011100001001000010001011
001011010001011111001111000101111000010100000011000001010010100010101111100000011000011001111000
011000011110000100011101011110100110010010001011001100001111010010100101111001100000001110110101
100111110011100101111111101100100000001111010100011111100000010001001100001111111010100001010110
001101100110001100110111010000011101111110111001011000011101100101111110111010000010101100110101
110000010101001001001101111000001001111000010010011101001010010001110110011101111110010111101011
001000111101011101111110110010000010110101000000011011110101110100111001100011110011111001010101
101011001001101001101011010100001111001010011111000100101011000010001000000111000111110110010101
011110110111010010111101011000101001101010011111001100000011001000111001111111001100011111100111
110011011110110101100001111000101101000111100000010011111010100000010110111110110000010011110111
100001000010110101100111000001011110110001110111011010011110110010110011010001100010010100011100
100000000010000000001001100001000111010110110010100111101010000101010001010000001000100000001111
010111110100111110000001011001000010000111011110011110101010000000001000011100111111000111101110
001100101000100001111011000010011010111110000001111110000110111111110000111111011000001110101010
110101011010110000110000011011001100000100000110110101000101101100010110000011111001001100010011
001011101011101101100100111111001100101011100010000101111110101111010001100000010011101100001110
010100010101011101011001111100001001001001011001100111011100010100110000111000111000010000000000
110101011010100100100001011001100111010111000010111101101111111010001001011111111101101110101111
000010111000110101100111101111010100100100011101111000100111011110110100101110000000101100000110
110011000100101110011001011010011101101101010000000001000111010000111110011011001011001001100001
101111111111001100001000011010001000010011110100010101110011000011111001010011000001110001100101
011110001001100110000011011000110000011100111001101110011011101000101001000110101010110111100000
111010010000001101000111110011110110111010001001100011101111001101001000111101111100101110101010
011001010011100000010000101000001101100101011000001001111010101011101010101110110101110001000111
110001010100111000110010101101111001001111101010011101001111110101111001101011010000001001010010
010101001100111001001110100000010000110101110010010110010111111010100110011101101000001001100000
101011101001100101001111100100111100100010100011000101100110101101010101100100011001011001011111
010111010011100011011110010101100110000010011101110100001010110011101111001101001101010011110010
111011101000011010100100010010000110011111001110001111110101011110011001011111001100000010011010
110100111110100010010100000000100010010110100001101100011010001000011000011101001111100011110100
010011010010100101111110011011011011011000111101001000110001010011000110011011010000110100111010
100111111111000011100001011111110101001010011100100000111110101111110110110101100001010010010100
111000000000010111100011000011000100111001100100110010000000111101000011000111010000010111000111
000110111110111001011000010001111010101110001111000111101011100011111111100110111001111011111010
010000110000001010000011000001011011110010000110011010100010101001111111011000010110000000000011
001001000010001011100111010111010010001110110010111101000010101101000011010011101010010001011011
010111001000111100101100000100110100100101011001001101101100111100101110111010010111110101001000
100101111001001101101111011111001001001010000011111101110100010101110110000001010100101010001000
111101000010111000101011010001010101110000010101001011101010101011110001100100011101100101010001
010011011011110000111110001011111111101110000010110010110010111010101001101001110110001011110110
110011011111010111100001010001010111001010000110110000101111010011001100000100100111000100001001
001100001011100010100001101111011010000001100010111010000001100110011111110011000100110101110110
000010111110010000001001000110000100110100001100111110001010011010101011000001000011001101000111
000000010001110011101110110011001011111100010011111010001111000000011110100000000110110110000101
001110000011010001100010001001111111100101011001000100101110000000101111101010011111100110010101
101110000110000101001001000110010111110011000011010000101011011111000100001010111111100110100111
011100011011011011101101111101000101011101111010110010110011000000110001100111101001111010010100
010100010110011000011001001101111110111000000100100001010000001110110101110010011111010010110010
110101001100100110100011100001110101010111111101000000000010000101100001110110110110000011010001
101011111001100100011111110000100010010101111101001100001010101000001100011110101011110010001001
001101100110010000011111010101010101000000100100011010011010110110100101010111001110011101011100
100001011100001011111100110011010010010100001100101010101010001000110100010000011011100101100111
111001100111001010000111111000001101000010110110110110100011111110000110000101000000011011000001
110001001010011100111101100110111000011011111011100111010010110111110010001001110101110010011000
000010101000000111101001111110010101101001001100001010000001110001011101001010001000001101011001
001001011010110010001110010000101001010001001000111011101001111111111110010100011110010100100001
101101011111101110000011000001111100000011110100111100101111101100111110110101001001000010010011
010100011100010001110010101010100000011000100101111000100011011001011110011110000101010111100011
011000011000000100110011000000110111100111001010010111110001110100100111000010110100001100001111
