110011111110101011101000001100100110101111101110000110000111101111010010111001011110001110001000
010110011001001101000011111100001000101001101111111110010101110111110111001100100100001111011111
000111010111110000110001010110001111111010001100100111001011000001011101011101100010001011110101
000001101010000101111000011100010101110001010101110101110010111110111000000110010110001100110100
101111111010111100010011010011111101100010110010100000111110110101001010101100111110001100111001
101110011011000111011111000011111001101011010011010010000101110000101110100010000100001011110010
011100110110110000101011101111001110010111010000101110010001010110001011000011011010010000001011
110001110000010101101101001000110100111110011110001110110000110111111010101000100111111110110001
011101101110110111000011001100100001100000000100110011101111110011000000000001110010101110000111
110011101010110011011101111010110111010001111011100111010001011001110111001111111010000110100110
110100110111111111010000110011010111001111000001101101110010101010101111011011101001101100010101
110100101010111011111110001001110100010101000111011010010000010110000010000000001010010100010011
111010010011010000001001010100101110110111010100001111101111010001111101101101110010000000100101
101011111110001000000001100101010110100010011001110001111010100111110010111100111010101100010110
111100011111100110000000111111111000100111101110110100001010011011100101010010100011111011010100
010100110110001010111010000011100101111111111001110100110001010111101010101000010101100011011001
010011011010001100101011001010010101110000010101001100011011110010011110100101110010101001000101
110010110000110001101101100011111001000100000001100110000000111101101100000001001011111100000101
010111110111100111011101001101111111100011100010101110010000111110000011110101101000001101100100
101111001011001000101000010000101111011100101010110010001011001000000010101000011001011111110010
010011001001110010111010110000001100011110000010101000001100001100101011100001110110100010100001
010111001111101000110100111000101100111100010000101101010111001001000110000010100011000010100010
110011110101001001001001000000101000110010111110010111101111000000000100100110100001111110101101
111011110111000001000010000110100000001111000110100000000011010101101110111000010110001010011101
010011101011110101010010110000010101110000011101001000011010111000011000100110000010101101001001
111101001111011101101111011101000101111011010000001101101000000110111001111010011000110011111111
100000110011100000111101100111011011100010110011111110010100010110011011000011010011000100010001
011110010001010111010010101101101000011101101001110001111110010101010111101100100000111000110010
101000011101010101110110010100000010010111010010110011000010101100100001101101000101011010000100
011000100011111110001011000001001110011011001101011011111100110010111001101011111100110111100100
101010111101010010001101001100011001101111110001110111011000001000011101011010101100000011001110
001100010101100111001000011011000100010111011110100010101010011100111011111000101001010011001100
110110001000100111110111110101010111100100100101110111001011011111100000001100111111101011101010
010110001010110101111011011001000011001001010100001011100011000000101110100000100110001111010101
111000101101100101011100100101101111100010001110110101110011000101000111000011110000101000000100
011111111011100001000000011010001001110101001101000110111000111100100001011001010011010000001110
101111100111011100010110111000100101111111100101010101010010111111100001100000000001110100011111
101100111010001000101010010011111100101101001101100000001000111001010000010111111110101110101101
100110100100000100000100111101100100011011011011101010111000000110011001110010010100110101100010
000110000001111100000100110010010101000111110010111111110010011010000010010011001001000100100010
111001010101000110101000110010001111011001010110111001011011011101100000100000010000111010000000
110101010000010101001101100000101011101111111011100110001000110111001100110010111110000101010011
001000101110111110111010000110100111101110000111011111101011100010001100101010011110100011110100
000110101101010000010011101110100001010100110011110110110110110000100111011101101101111110110100
101111100011110010010011111010000011010001000011101010111010111110011010100000101001011101010101
000111101001100100111111010011010010100010101000111110010000100000111010110000100000000101101111
110011001111100101000011101000101000101101100101110010110111011010111000101101001010010100110110
101000000011010110011001100101111010010000110000110110110011101000101000011100110111101100110100
110011100011110110101000110001110110010110010111110001000010110110000101101110000011001000011000
011011010100101000111000000100101101110011011000100100001011001100111111001000000011010010010111
000101110010101010010100111001000001000010010111011110100100011001011111111110010001110110011101
100001000010101010010100000000011000110110000010111100101101100011110110010110101001001001111010
111101001010011111101001101111100100101100100010010110011101101010010100110111110011101001000000
111101100011101101000111101100100110001111110101011100001101111011101001000101011110000010011101
111111101011101110001101010001000000110110010001101001110011011100111010010101011100011110011100
101111111111011111111001110100011000011011110110011110100011100110101101110100100110101001001011
000001101011100100101010101011001111101101111010010101101101101001011101001100011101111100100011
000100111000101010110011011101000111001101111111110000001110100001100001100001110111100000100001
010111010011001110111111000100010100111110010011110100001101100100101001100011100101101110111010
000011000111010000001000001011110100010101110001100100110001100100000110110100101010011000001000
000010001010001100101100011101110101011111111111001111011001110101101100011010000110100101111001
011010111101011001011111101010111011111001000111011111111111010111101101000111010100010100010011
001110101100011000101110000100110100011010111000110000000100110010001001100010000100010011011010
110110101100001011011101000011001111110011010010000110011110100101101110101110011011111111110010
101110010101101111101010100011100111010101100100011101011000010101101011101010000010011100010010
111100010001010101111000110100000001001010001011101100101000010111100011000000100100010100101011
011110101111001101010100111100010101111101001010111011011000000101111101111110101111001111111010
000100001110000111101101000111010100111110100001011000110001010011110010110001001010010010100110
010101111100110000100001010100111110111100000100001101111011001101001011111111100001010000001100
101001101101111100000011100100000111011101100110011110110100110001011111000001011101111001101111
001111000101100100101011110111011110000100010001111011010001101100001111011101011000011011011101
010111111000011100000111110110000100111011011001001101010110010010111001011101011001110111000011
010100001011110100100101010101000001100100100111110101001000001011010000010111110011000111011001
000110010111111100010111100110000111001110000101011001010101111011011001110100011101110110111100
011100011001110010000110011101001101101011111100011000100111011000100101110010100001011111100110
100110001111110011111110101110110111010100111001000101010100001100010001001100101010110001110011
010111001101111100001100110001111001011100011111010100101111111101001010010000000110001011001110
011100100000110100001000010010101101110101010010110100111100000101111010111001000000001101011101
100110010000101100100011110011110100010100000010100110001011011001010110111011011010001001101110
101101100100011111111101110011010010011110011010101000111110011100010110110001001011101110101001
000000111011111101011111101011001100100100111101101000110001101100001001110101011100000111111110
000001000000101100111110100100100001110101100100000100011110000111001010111111011011010100101100
100010001011010010011001011010011111010100000001100100111001101010000011011100110101111000010100
000000000010010111000000111111011000111110100010011100010010100110010001010011100100001001110101
111000111101011010100001110110000011000001000111000110000010100100100011011110011111010011010001
101000010110011110100010111000100101010011011111000101011000110011111111011101101111111001100101
010001010110100110001001001011011000000011011001011100010000010000000111101000001111011100101001
111111101100010100010110010011111101111011100111010000101100101111010000111001100001010111011011
010110100101010010000111000111100001011000011100011101000000010110100001110111010000100011001110
011000000111000100100100101111000001101111110101010000001011111101000111100100000101010100111101
000011010011101000001110110111111001000110000110001101000000100110100011101100000010001100010111
111010111111101111101001101011101101011100001111010011101101000101111000110100111001011000011011
101011001111110010111001010111011000000010111000000111011000000110110111110100010110000110111111
011011000000001001110101110101110000011110111010001001111000110000011011110101011000101011010011
111110011100000011011110001000001110111001111101100011110100010100010100010010010111110110110100
100010111110110000101101111010010111001100111011000101100101111010110010100101000010100111001110
011111000000100110110110000100001100011010011010101111010100111001111100111000010011111000001110
000100011010101000000100101101010010011100001010010010011111010000011110101101001010000001111110
000100001111111010001001011110111000110000110110100110000111000110000110111101010010101100111001
101000100111100001011010000000110110100010000011100111010001011011110001101101111000011001010001
010111101010001101001110000011000111110110011011010101011011111110011010100001000001011011001010
111110001000001001010011101000000100010001110000100101100001001101110001001101010010110100111110
000101001111110000000110010101101100111110110101011000010011011010011001100111001011110111011011
100001011100101111111111000110100010101010110101001000001010111011101111011011010100100111101110
111001000110110101100011010000111110000110010111000011011111010000010100110001110011110010100101
110011000011100011111100011101000001111011001011001000011010001011010110011110110110011111101000
100010101100111110101101001000011101111101101100110101101111000100111001011011110010011100101110
011110100001101100000011100011011010101000100111111110011101001110111101001011011100100101011000
110111111100000110101100001010011110000101111001010110110110011000100000101100000010111100110000
010010100001111010010011010110011001101101100110100110000010110011111100011000100010000111010111
100010111011101000001111011000010110111101010010011110110110010010010101010010100100001011010111
101100100001111100111001111001001001011000000101110101010011001001000011000110100101001110111101
000011111110011100000011010010011100000110011011001101111101100000010111110110000110010110011111
100001101011011011110110111010010111101000010000101111110101100110101110000000100010101111100111
101001111110010001001110111100011010000011001101000011100100101011000101100010101010000010101101
101011011011100010110111000111101000001010011100001100101100001000110011000110111101110011000100
100011001100001011100100110110000110110000000001001101000100101111110010011010011011110110001000
111100100110100010100000011011010100000111010010010011100000001101111000110111010000001010100000
100011110111110100001010000100011010100000100010111101011101011000100111100011110001111000110000
000000100001111100011101001110110010111001011101011000110000001001111010000011001011011100001110
100101110001101111101001111100101010010100010101110010010010010101011111111111010110000100101011
101110011000000010101100110000111000110110100011011111101011110011110100101000100110110111001010
010110111011011011000100111001110101001100010100000101010110010001111001000111000111111010011000
001011011001101011111000111010111011101110111110101100011000011000010100010000110010000101011011
101010000000100110111101100100011101101110100101100101010111000110101110100001010011001101101001
111110000011010000010001110011110010011011110000000101011111100011100111111100101010011110111101
011100010101011011100101001111101010001100111000000100011010000110001100111101111110010110001011
000011000110111101010101110010110011010110110111111000100110011001000101101000110001101000101111
111010100100011110111010010111001110000001000101000010011101010001110100011010001101110001101011
110100011111111100110111011111011011001011011100000110111101000011101010110101001110010110110110
011110010100101000111001010001010001001101011111000100100110001011101110010110010100111001101111
100101110001001100011000011100101000110000111111100100101000001010000011001011110010111010100101
010011000010110010001010100010110001111110101100000000111100011001001101001001001100000100100011
111110100111011010001111101011001110011010000110111101111010101111110101111111110111011101001110
101011110001010010101001001110000101100001001000110110001111011101101000001011101110010110011100
001011000011111011010010001101010010111010001001010111101101101110110100000100011011001011111011
111010101110101111011000110010010011000100011001101011100111101111011001110110100111100001010101
110000001001101001001111100011110100011001010110110011111110101110010000110110010110000010010010
100011010001010100111000100101010010110011000110000101100010000011000101110110100010101001000011
111011011011000101001100010010011011100101100110001110000000010011001101010011101100000001111111
001001010011110000110100110101101011110100010110000101100100110011000111100111110101100000001010
010001011001010101010100001111000100100110100110101000011001011100111001010101001000111100000100
001010100000001101101111101010111011010011111011000110000011010100100011100000111000110101010101
110110000001011001100010011010111111010010000101101100100010001010011111110111011010101101001101
101100011011111001000000001000010100001100101101110110010100001011011100111111101111011100001000
101010111010110111100111100000010110101111111111000001100110000111111100111101011100000111110101
010100111010010011011110000000101001011001011101010011100001010010100000001110000110100011101101
101100011000111101010001001011000000010000111100110100111110100111110011000000010000110010011110
110110110101000111001010000000111011100100111011111101110010011011000101001001010111100110110000
011001001010111101101101011100011000011110010111011011111101110110110111110010110001001110110000
100011010111110011010100010011111010110010010111110001011011000010001010000100011111010011011011
000100010010011001011111001101001101010100001011000010110110000111010100110110011101110110101001
111110111111011101110010100000100010011001101011101010011100101100001100000111001010100001010101
110101011110010011110001101000101100100001100010100100010001000010011000100010110000011110011110
000100010110100111101110100001000001101111010110011111111110101011011000000110110110001101010000
111000100001011000001001011011100111110011110000000010010000000001100111001110000011010001110011
001110010111111001101001100100000101110001111011110010000101111101011110000001000010010011000011
001111001110010000100110100101010110010011011011101101011001110010110111010101101000011111000110
000101110000101011010011011000111001000111111000011110000010001001011000111011100011101100110000
111110101110010000011010101000010010101010111001100000011001110111101011110110010111010101010011
001100110011111101000100000011000100101010101111010010000011001010110100000100000101011010011110
001100100111000010110100101111110011101111110010110001010110110001101111000101110110101110010001
010100011110110000011000101110010001111110111000100011010111001111111101001111010110110001001011
000111001101001110000011010011100100100111111101110011101011011100000111000111000100100100110111
100101000101001101000010000110100000000010101000101011001000101101010011100100110100001101101010
011000001111101001011111100101111110110101111011100000110100110110010101011000101111110001101011
101110110110100101111000010011011101100100010100010011100000011011000001101101000110000011100110
101000111100001010011011100111010000010101110101011111111011000110100110110101111100100100001101
011110010111000101110110011111100101101101101101010000100000110101011101011011111001100111101110
111001110100101101011100001010001110001010010011100100001010100101111100101110001001101100110010
001010011011001010000011010100000100100000001010001000100110001000001001011010010001011011110100
111010111011100110010011101001010001000000111100110011011001111010011111001100010111101011100010
110101110110000011000011100011011001000100001010100110100010011111110010101100110110100100110001
101010000111001100001010100100010111000010011110010101101110100111001101101101001011110010110100
001000000010000001001111001010110110010110000001101110110101110000110111001111101001000110101101
001100110101000110111011111101110010001110010100111011011000101001101110010001010100101001111011
110011011011011000101101101001100010100100110111010001010100110011001100011101001000111010010101
100001011100011010010110000001000101000101100001111100111001011100111001110001010111011110100110
011000000110110011000111010101011001010000011001110110010011111101100111111111011001111111010110
100100000010100110000111111100010000100000110110000011101010000001010000110100101100111011000101
111011011000000000010000001101011100101001100001101000011001011000110000101001111101010100011101
101001010011110100101101100100001110010101111100100111111110111110110110100111010001101101011001
101010111011101000011100100011100000010000111000110110101100010011001001010101111010111000101000
111101111001110011111000011000000110001110101001011110110101101010101000001000101110100010000111
001011001110100110110111111000000101001100010010010011100110000101111011101000000001101101101111
100100001011110010110111110110010000011011011000000010011010001101010110001110111001110110001111
101110111111111111100101000111101000000001101010001110100101000011010110111100001101001111000101
011110011010110110110000010100110001101001100110010001100100011110000101111011001001001110110100
010100110110001111011101101000011110010100100111111010110100111001010011111110011111101000100101
000100011011110001100110000110001001000110001011111000011101010110111111101001111101110000010001
111111001000110011111000111010011000111000011000111110010000011101100011111011001001010010101100
111000010001100000011010001010011110010101100001000000011001110010010010100101101000011011110011
001110001111011001010100110111110001101100000000000000011000111110101110000001111001111001011111
100000011100111001111110010100001001000001100001010010001111000001100111010000001110010100001100
011010100000001001001011101010010111111010001010110100000010010000101101001101100001111110001100
000110110101100011100010010100100110011100101000100000100110111111010010011110110010101000010101
011001000110101101111111010001101011101011111111000000001000101101100001010100000110101001111010
010010000110000001000001010001010010000100110100010001011001011011010100100001000100010000001101
000100101010110110001111001001010110100100110000100001010001010000101110011100011010001100011010
110101110001100111010000111001111010001000001001110110110000010010011111001110101100001111010010
111100010011011101100000111001110000111000111011110000111010011110001101000111101011011111000101
101010010000100111111010110000100100010000011101100100111111100110000100001010100011001000100000
001000100011101111100100010001010101000001001110111000101011001010110010010010011100011011110010
111100101101110011000111100011101110001101010100000100010001100010110001111010100101110001100001
100100001001111100110011111010011110001101110010110110000110110001001110110101010100010100100000
001000101010011010011011101100100011011010110001100000100100101010110001100001010110111000101101
100010001111111110001010111010101000100101011111111010001001101010101111010000010111011100011001
111001110000001100111000110101101100111001111010110100110111001110111110011000011100000111001010
010101001000110010010100010000111100001010111110000110001011001101111111111110111100000001101011
000000010011000101000111110001001101100010101001101100101011011100110111000011010101101011111010
010100111101100001011000010011000001101001000010111110110100010111111010011000101010011000010111
000101011110011110000111000000011001000011010111001011111011010101100001000011000000111010101101
000100110110110100011000111111000011011111011011010001001111100001101110001100010110011111000110
001000010100101001100101010000000101001000000111110001010011111101000000000001011011111001101110
001111010100011001010010111111100011010011000101000001110011110111100010010010011001100011010111
111100010110001101101100011100000011101110001111110010100111100001111011101010101110001110111111
011010100010011100000000111010000000110011100110001100010000101101111100101001101000100111110011
100100010110000100011111111111111011001110111010100011011110011100111101101011110100011011011001
110000011111011100001111101111100001000000111111000001110101100001101011110011111001111011011100
000010110000000100101001111010100110010100100000010100110101111111111101110010110101001000010010
110011110111101100101001011111001000011000000101011010111100111101011111000001110111100001000010
101011101110010001111011011111110011110011110100111011101110001011001001101100001011010000110001
111100111000010111101110111010011000101010110111100100111111011111001111100000100101000100100010
110001011110111010010000111101000010001101000110001111100110001100110111011011011000001001000100
010001010011011011110110011111100001101111110110101010011111010111111000101001100101000000011001
111000001000000000010101001011011011110011110001110000101001010011001101001011111010101011111100
100100110110100100011110011111011100010001101010010000001101000000111010110010101100110110110000
101001110001011011101110010110010011100000000100000011010001011000100000110010100100001100000001
011001101000001100100001100000001101000110101101001101001110000001001010000100100101000011110101
111111101100110010000100100100100111011101110101010010101111111101011111111101010010001011111110
010001001110000000011100000101111011110011110111010001100100011011011001110111110000110100000000
100001101010100011000111101110001100101110010100110000101010010001000011011111111110110101101011
011101000010011101110010010011111111011000010001000010101111101110111010111100111010100010011100
000010011101100011000101010000000010101100110001101000101100101000101011011011010101000111101111
101101110001000000010110100011010001110110111110010011101010110111101010111001110000011010010001
011000100001101011111001101000000111110011101011010101101100100101011101110111111000000000101100
010000111000000011011111101101100011011110101110000010011101101010110101100101011111101100000100
010010110000000011010111000000111011000100111000110100001010100011110010110111001100011010000101
000101110001000101011111000100110101111010111001010001000001110101101101010101000101101101010000
000110000010011001001100011001010111110010110101001111000011001010000010011111010110001000010110
010111111010010100010000100111010010001000100001001101001110000101111101010110101110000000001110
011000100011011110010110001000111110000101000101001001101011111001001000010111100010011001001010
001001011110100000011110100000110110000111111100101100110101001100101101001100001100011111111011
110000110111110100100110000001100011001011001111110110110101100011111011000010010111011100110000
101011110100110110100011011011000011010110010100010111001000111101110110000011001100001001010100
010101101101111001100001010110000101010111001010101100000110101001101010010100100000011010101010
110101111110011100011011101100010001101111100011110100101100000000111010010111101101001000100110
000000110110101000111001000100110101100011001100101000001010110111011000111001000101100010010100
001100001100001111100010000000111010101011011000010001111001100001111100011101110111011001110000
110100110010101010001110101111001000011110000101011011001110010110001101100000011101000100000001
100000011010111100101101101000110011011001110010010001010001010110001100100111010100000110000110
111001011011011111100101000001111111101010011001101001100101110111001111010001010011000110011101
001111100011110011011001010010010011000011001000110111101111100100100010101111001001000001001000
100111001001100000110001100010010100001111001000110101111010101011000111111011100110001011010101
011101001000000101011100001100001110000100100101111011000111111010111000100110100000000010010000
110000010100111010011111011000001001101111010011100010111101101100111111110001000011110111001100
111011000100011111000011001111000110011100101001111101011011101010011011011111000100110100111000
010011100100110110011101011011011110011000001011011100000010001011011100110100011101101011111000
100111000001111100011110001001001110000100011001000010110001001101000100011111100011100011001000
000001101001000011110011100010110110111111100001000011110000101010101111101110000010101100101000
110110010110101111110000111001000101010111100001101110011101011001110111001101010011011000111011
101001001110101111101100111000101111011001101000001010110100100110100010111101100111010010000101
000101100011000010111100110110000110111111011110101000000111000011000011110011011000100000000000
111010100111100000101001111011111001110101010010001000100100110000000100010100001100100111100110
101110011101100110101000000011111100001011000101111001011001001111010110000100100110101000110110
000011011111000101011011110100011010111100000001101100111001110101101011100000000010111000101001
111101101000000001110010110110111001010000011111111000110100111111111001111011010011010011000010
101101101111011110101010000110100001001111010000101111000001100011000100111101010101011101101000
000111101000100000111100101010100110101010100001010100100000100110101100100111101000001010001001
010100100111100100010001001000110001110100001111001011010010100010000010010111110010011011001100
001100100101100000000111111110110000100001010111010101001100100011001100001110001110001101100100
101011100101001111101101011111001000100001101101010111001101110110000110010111111011011101110100
001010111100101001011001010000011010111111000011101100100011101000001010011000001001101110110100
100110101101100110110000101011011110101000110010101111010001001110111000011100111111110100000110
101111011000110001101100001000110101011110011010111100101110100110100011100010100101100001111001
111101110001111010110010100000111101110001000100110101110010011110100010101100000010000011111110
000011010011110011110110111111000101011000101101110000101000001010111101000001100000011010110011
000001000011100100110011100111100100111010111001110000111101101000010101001001011010001100101111
011001110110101000111000000101000010111111011011010000100100110010011000111110000110001100001101
100110011010101111010111100011010000110100010001000111101011111100110001011000100000101001101101
011000111101010011100001001000011101001011110011111011000010010001110000100011000110101110010110
000100101011011010001100000001001111110101000110110001001001110011010110000001000011100010011110
101011100101010100010001001100001101110100101100110000111110010100101100100111101000000111011111
010111110101110110101010110001110100011101001101010010111100110000101101100101010010001010110010
101000101010110100011101111010101110100111101100100001001001010000111111111011100011111110110010
001110001110011011010001101000110110110010100010010000101011110100100001110000111001110110001110
110111110001001000100010000110111000001111001100100010100001100010011111011110010110011011101111
101010011010111111101001011111001101100010000110011111110111101110100011011000010110010110110100
000010100010111111010010001001011011110011001100000011111000110010100111000111000010010111011011
010000001110011100110011110110111010101001101011011101101111100110110000100111000101100111100101
101111110100010000111101110010011111110111110111101110011100111001011010111100001010110001111100
001110011101001001100011101011110110000111000100101100000100100101111100011111000111110011000110
011111011011000010011111000100010110110101011010010100011001111010000010111100110010011011110110
001011101011101000000000000101000110000101010100101001010101001011111101100101111110110110100101
111100010101111000111100010100001110111111001110110011011100100100111011010001001001000110101101
010110110011101011000100001101011001100001010101110011011111000001001010101010010001011101110110
100100111001100101011101010000000101101101001001001110111101001011100000011101011111001000011000
000110101110100110010011010000011101100100010001101011011011111101100011010100000111000100010011
110110001011110110010100111111101001011100010010000110101000111011110010011100001100110000000110
101010001101111111010111110010010110111010011110001101101010000001010111010010101001111100001100
011001110100001100000000101110110011101100100111100101110001011100111110111110101000001000000001
001100001101011000110100000110100101111001011000001010111101110001010000001010011110100000100010
011011010001010011101000111110110111111111101000111111001000010000001101111110011010000111000110
111101000001100010111110011011111001100111010011000011111110011100010001001011111001101000110101
010101011001111011111100111011000111100100100100111011100110111011001111110001010101010010011011
101000001001111110011001110001011000001010111010101011110100001000101001011111100011101100000011
110011101111010111000010110100111010100111001000100101000111100011011011011110001001101000001001
101110110111011000101111011111010101101110110100000111000000101110001101100110100001101001000111
010010111100110010001011111101100000011001010101110010010001101110010001001110100100001111010000
110001101100101110000001110101011000000011000111101111101000011111111111111111110111010101011101
111001011110011000111101110000111000010101010001001011110000011000011100001101100110011000011111
001100010010001111000101111011011000101000011101001000101000011001101010100000100011101110010000
101100011000111000010110101010011010110010100100110100101100111000111110010110110101100000001111
100010100001111101011000010010011000110110000111101101110100000011111011011011110011010000101010
000100101101110011111111010110001100110010111100010111110110001010010000111010010011111011111011
001101011001001100000001000000110110000100010111110000010101001100011100011111010101011101000111
101100101011101001010110100000011100011011011100001000000001110111011001001101100101011010100001
100001110101111011111100110110100010110011000111001101001000100001101001001001011100100100110101
010001001101001111101101001010001000000110111001011000010101000000101010101101100101010111111111
100111100101110100111011000001001011010101001010010110100110101110111010100011001000101111101001
001100111111100011101000011001110111010010011010101110010001100001111101100011110110111101011010
010010100111001110010001001110110101110110010101001011100010000011110110110011001110111010001100
101001011001010111011000001011000100110101101111001111001110111100101100111010011010111011110101
101110111111110110101101000110001011000111010100101001111100110100010100010101101110101110000010
001110001000011100000011000111010100111110111100001010001111110111010110110110111100010110011110
101000100101100001010100110110010100000001000111010010100011001011100011100011111100010100111110
101010101100110001001111010111110010000010010010000101000100011011010101100101101001011010111001
000111110100010010111011111110111000011111101111010001001100000001001001110100011100001111100011
110111111111100011000111001010100111100011100010011000001000110010000011101101101100110010000000
111101000100100011111011100001011010010111011011101000110000001110001111000100010110101101111111
000010000110100110010000010010101101001110000011101010010010100100011010101000011000101001001011
010110001000011101001011100101011110111001000011010001110001011100100111010001010011110011100100
111010111101000100011110001001111101101011111010101011001110101011001011110111010101101111000001
111000001110100111000101101101010110111011011110101110100110011010110011000111110000101110110100
010101110011001110101101100101101100110010101011001000100110100011010101100010000011000000100110
010111100101111011110111101000010010111110110000100110100110101011001000000101110110111111110010
011110010111110110100011110010011110111100010101010010101110011000001011011101101110010010101000
000010011011001010010110110111100101011110001100101000010101001011011011001110110100101110010010
100001101011111000100010001010001110101111100010010010011010111111101110110011111110100000100111
000110101100000000111000110110011101001110110101001011011100111011110000010000100100111111101101
001001110101100111111110111000111101011100101011001001111001011111100000001101011010111000110101
001000001110101100001111101000011010111101001110000000101000110111100110011111101111000000101000
001101011010001011001111110111001000101000011010101100011110000111101010110101111010100011111010
000011111101010100000101011111010000001100110101111101000110011000111111110011100011101001101110
111010110110011011000010011001111010011000110100101100000100101111101110011111010110110111110001
001111010010110010001111011111010001010101101011100000101001011010011110101011110001001100110110
010101001100100010000011100101110111010000011011100001101110000011111110101111111101110101111010
010000110001001000010100100100011000101111000111100000010001000000101101101101011011111000011000
010010010011001101010010111001100011011111100010010011010000110111000111100101101110101101000101
010000000111000110010111001010010110010100111010010111010010111101010100111011001100000010111111
010011100110100100000101000101001001001111100001000000110010011010000111100110010101111101111001
010000101101010100111001100000001011010101100101010110011010000101111110000000001000111101110100
111001011111001000101010001100000100101011000101010101110111010001000110011001010001000011100100
001111101100000100011001111011110110101110011111001110011010111010001100100111000000101010011100
000001111100101100110001000001010010110001110110101001011110100100101000111100011011001010101001
110111101110111100011100000000011111101111011110101100000110110111000111101011010000011100111000
101101001101001110011111110101011010000001101010000100110100000010001100010101001010100001101110
001001111001011000100111001010000110010100101000011000110100011001111111011110000101001111100110
001001100001100101100010101100110011110111010100001100100001011011010110101101100000000110010000
011110100110110110010000101111100100000111101011000100110000000101000010011000110001110011010110
001101110100101101110011001001011011110001110011010111111001011011001001011111100110101111110001
101001010010011110101101101001110010011010110111011011101000110011100010010011111000000011100010
010100001111000110001000111010101100100110100011000010111111001000111111010100100000010010011110
111101110100001010010101001110101110101010100001001010010000000101111101000110001011010010010010
010100110111111011001001101011000100100111100001101010111100100101100110110111010100000011000110
110111101110000101010111010000111010101000010100000110111010011000011101101100111000000111010000
110100000001001001001011110001110010100010001101111100110111110110111001001010110001011000000101
100110110101010100001101000100110010100100101110101110110100110111001011100100100110000001000100
111011111111001100110111000011011100000100110111000001011100011011010010101110011001110001111100
101000001100010000010101100001100111010000100110111000100010101000110000100100100100100010111001
110000111011101001111001010101001001000100011011000110100111011010101010001111001010010110110010
100010001111101100011000011000110011010101001001101011111000011000110010101111011011100100110001
000100100101010110100101000011011010110011000000001001011010100010010010110010110101101110110010
011011110001000011100100001011101000101011011000000101100100101101010111100001000011100100011000
101100110010011100010000111101111110101011000110010111011111001101111001100101110101111011001011
001001010101110101011010110001001111001011111101011111010011010110111000110100100100000001001111
110011111000110010111000100110101100001001110100011111110001001011100111101100001001011101001010
111000011010011111000011110011001110011011001001110101110111101101010010101001101011011110001001
101111100001101111010111001011100011101110111100011101011010000011110111100010010101000001000010
110000001110101011011100011100111000110011111110000101100101000111001101101110001110000110111001
101100000011011110111111110111000000001010101101011001010000000101100001110111000000110111100000
001111011010001100101111010001000110001000010001111011010001001011001001011110011100000111011100
000110011100000111000100001111000000101101011010011101101010011101000101110100100111100010111111
001000100010011001101011011000000010100111010010011010010010010101001010110110010000001010101111
111100110110000101011100110110101000100010000011100110111001101010000001001000111101000110111001
100000010110000010001011111010010001101111100001011111101111011010100001101000000111110001011101
101110110011010111000101111000110010011010010111000000001010001000010000100111001000010010000100
011101011100011110110100001100111100001100101110110001010001001011111001001100001001011110101011
011101100010010111010110000011010110101100000001101100000110001111110101111101100000000010011110
001010100101001001100111001101011010000001010001010011000011001110010001011000001111000111110001
000001010001011101010111110110010011010000011011010011101011010100000011010101111010011101100010
100111110001010010100010000010001001101000111001110101111111011100110110100110101010110100111111
101001010010011111100101101000000110011111100000001001010000111001011000001010111001001100001000
001110010011100000111111111101101110001000010111100000100010110110001011110101011000000001010011
000010111110011000111111000000000110010011010110011110111110011100110111100001011100001010001001
110110001000100001101101100001000001101100010001010111110001111101111100111100101000100011101111
000110001110000001001110111100010010011001111101110011011000111111111101110101111010111111001100
010000111110101110001110001011101110001110001010111000110010000110001101001011001011000011110010
010110011001010001011100011111011001110100101111101100100001101001101110010011111100010011100010
000101101001001011100100100101110000000111110001111000010111000111000101010010111101100100101001
001000001011101101101110011001000110101001001010010111001011101100110111101111110011100001100111
101000010001000110110110101011000011100001000011100000101000010100101011011001011101100011101001
101101101111001001110110110111001110100011111101010001100000100010101011010100001011000111001011
101111001110101011111111110110000010010010011100000100111101011010010000001011010001110111101011
111000000111101010101111000001111110110111110100100001010111011110001101110111111011101111101011
001000010000000110101000011011001010111101110100000111110010011011010010000100100110001110010001
110100100011011101111000100010010010010101111010111010010011101001000001111100000100011111111000
000001000111110111101001010011000101110000011000100010110101010100101010001111010001111000101001
111000101011000010010000100011000111010110100010011000101000110100000001100110010000101000011010
101000100000111000000001110110001111011111100010111100010000101100110100111111101010001110011011
110100111010100011011010100100011010000010011101101100101000110000010101010110001010110000101000
000001110000110000011011000110010010011000110011100010011111011110010100101001110000101110001010
100100101111011101101000001111101000010001100011011011110101001011011000001111001010011001100000
011100100011110111010100110110111111100100001000001110101010000000110000000111001111001101100101
100000011000010011011101100100011010001111010001110010001101111111000111101101100111001001000100
100100010101110111100100100101100010110011010001111011000100110000100011111011110101100100000100
111101100011100110000010110110100100111010101110101010100100111001100001101001010000001010011001
000110111010001110100110101000010100000100010001111010100010000011000110010011100001110011011011
100101000010111110101111011010101001110110010011100100100010010100110011011011001100101101110010
111011110001101111101010100101110101001100001001111011101010100101101100000111011101100101010110
101110011101110001101001111010010110101000111100010000011101001111010011001011111000011100011111
010101100101111110010011001110100101111111010111100011100110000111001011100000110010111111000100
110000101110010111000010101101101101010100001101101100111110010110101001010101010111011101100101
001001001110110000001011101000011110010111111010111011000000010011001110000101110010010111110111
010011110010010111011100101101100010011010000101101011101110011001001111111011110000101101001101
100111100011001011010111110000111010011011011001011101011010001111111110000000000100111010011101
011111101110110110010101010001010110101011110110101111110000100000100111011101100001011110110010
111111111001000110111100011111101110000101011010000000010010000011011111010001000011001110001001
011011011100100111110011000100111110001011010100011111010010000000111011011101110111001000100000
110010010110010010110000110001000111111100111101000110001111000011010000011110110100101101101110
001010100011101111011101110101011011001101101001111001010101000000100111110011010101100011000110
000000010001100101111101000100101100001001001101011010011001011010111000100001110111110101101101
011101111110101111110001011000101000100100110011111000000101111111001011100011111100111100000111
001000000010110101100001010000010000000101100111111001011111101101000110000101101010011101110011
110110001010001011011011011000100001110001001001100000001010000101101110100010100000001111100010
010111010010110111101010010111010101111111101101011001101011011001011001101100100011110001110111
010101010110110110101001011011110001010101010110000010010110011100101001101100111110110100100100
011011001001110011101010000000000010110100101001110010101001000101100000111100110011101111110100
010101011000011111010100111000111100010000110100111100110101001101101011100101011001000101010010
100001100111101101001110100111001010100001000101111001101011001001010110100010000011011011000110
101111111100000110001110010011001101111110011011111110001000010010000001111000000100101001000111
111001000010000110101110011100010001011110000001100001000101100110101000101000001000110101101101
011001100000011101111010001101001011111101100100001000011010110110110111010110110101001001011011
101001110110101111000111100110001100100000010101100000010110110000111110010111110110010101101100
011110111110101110011010101000001000001111011111011010111011000000000011101100111100100110111010
001101010100000111010100001110001011101010011110011000001101111111100101011001010100100100111110
100011010010101010111100111110111000011101010001011101010111000101111110000110100001110100010001
010000010010111011100010010101010111111010001110010001110111001010110010001111111011010010110011
000100100100100010011100101100010101101110101010001000000101111100011010011101001011000000000001
110001100001110111011100100111010010101100111001001001110100110010000100000000000011100000101001
111111010001110010001101100001010001101111010000111000110010111101111111011111101001110110111001
000110000100100111000001000010100000010101101101110101101111011000011110010111101110111000000011
100100111100101110110100100001000111100000100010010011000001011100101101110111111101011101110110
010000001101011010001110110010001010000000000001111100010111100100001010010000000101010110010101
100110101000001110000111100001001111100000101111101100000101101010011011101101011010110001101011
000110010100011000111100100011011010000011111011111011110111110101011110000010110110101010001100
001011010111011100001111000110110010010001000000101111011001101101011010110001110110111110101110
001110001100010000100011101101100011010010110101011100001010010001110010010110000001000110101110
011101110000110100111011110101010001011011101110011110111011001111001010000101011110001010011011
011010100101011110001101001101001000000011110110011011101011101111001100001111001100010101010010
010001011010011001000100111111111001110100010000100110011110010000010010001110010000111010101110
100010110101010000010001111111001101000001110011001000011110111101000110111001110110111111100111
010111001100110000001101110111011000010010010001101110101111100001001101001100011101001011000011
001001100110001101011101001011111010101000100111001011111111000110000110101010011111111010110000
111100011111010100001000110011101011110000001011101001111101101001101001101100111011100101111001
101101011011001000000110111110110001001110111111011001001001011010100111111111111100011100001110
001100011100111101010010110011110111101100100101111110110100111101101010111011110010110011010011
000101100011101100000100011100100000000001010100100010110110111101001001101111011111111100101010
101000011000001110111011011001011011101100110001111111100011011001000011001011000100110001010001
101100100000001000011100011110111101110000100011011011011001010111010101110000111110000000100001
110100100110101110100110111010101001101111001100111010111011100010110001011011011010001101011011
001011001001101110101111110000010010100010101001100000111110001001101000010011110011101011001101
010010100110010110001101001101010000111011111001010100000010011011010011110111101111011000000100
111001100100110111001111111101111000101100001111110010011011101000110011001010110010000011001010
101100011110101001000110110011101000111110001101000001011010101001000000111011110111111000011001
100101010100110010000111010001011101001101001111110111000001001000111000100100010001100111010100
001001111100000000011101100001101110100001011000101100010011101101000000010110110110101010101000
110010111000111001001011110111000111011111011001101101111011000101100011101001101000001101111101
001110010010011111001110100010100111000000000101010101000001010001101011111001111110010110101111
010011000011101100010011010111000101011010110110110001011111101000010010001000110100111011011000
011101010001000110001100111101011110000100010110101000100100100001000100111001101000011011011110
010011010001000111110010010111101110110011000001100101001110010100011111000111100010110110101000
110100100000010111110111111001111101111100101001001110000100110001000110000001010100000000100110
101101110001010011110010100111100101010001011011111101110101000000111101101111111010010111000110
000010101011110000000101110100100000100110011110100000110010111101101110010000100001000000011010
101100100001100100111001100010010111011000100000001001010101111000001110000000110110100010010110
000010001000000101110011100011000111011011100010000011010010000101000111011100001000100011111110
011000100010110111011011111010101111011101111011010001001101101101001100011001001110100100110110
001010110010110010000100010001000110001101101110101010001110000000100011111100001111001001011001
100010010010010010010100101011111010101110110001011001001100100111001111000111001010011100100000
010010101100111001101100101101110111000110110001110110000110011110111010110110011001000110101010
111100111011100100101001110000111010000111000000001101100110110011110001100000011000000011001110
000111111011101000010010000110010110100000001011100100110001101000000000000110111001001001010110
011010010111110000111001100100111110001001110000000011010011011110101110100011100100110101100011
101001101001001001001010101110010000011011001111111100100011010111011101100010101101011101010000
000100110000010111000001111101110111110100101000101110100101111010101001101001011110100101101101
011101100100110010110011100110010010110111101010000001001001001101001110110101110010010001000000
010100001001100000110011110011000011100010000100011001101001010011000101010100111010100101111100
101011110100001010100000100100001011010100100000111111111000000111010100101000111010001010011010
100110010010111011011101110100000000101110111101000100011101011000110100111001011101111001010100
