101100110101000000110001101100100110000110010100111101010000110101111111000100001111100110010000
110010111010000010010010011100110101110110110001011000011011010100010001100101101001010001010100
111110010010001001000100001010101000011001111010001000111111110110100101011000010100111000001100
000110100010111111000011110110011100111001001111001100000000011000000111000111110010110101101110
011010110001111111011001010001110001101100010110001110101000011011001011011100100011001111110001
101011110100000111001101000100101001100101101000110100110111000101111001010011011011101010010011
110001101001111100000110101100000000110101011010111001011110011011110100000101111100101101011000
110101100001101101111010001010100101010001100011110101111010101001011110011001010101110110110111
111101001100000100110000010011110110000011111100000101011100111001101001001000100001110000100111
100000010100111100101000001111001000110000111000101111100010111010011111000011100000011101011011
010111100110110010001100010111010000011010010111101100000111111100010001000111110111001101010101
100000010011101000011110011100001000000010100101000111001000011010100011010101111101100001101110
000011101101001011001001001110011101000011100110011110111111000100100100111110110010001000000001
011000000111000000001100110101011011001101000110101100100010010000001011111100000101101110111000
011101011010000000100100011101110101110101110111001011111111111011101011010000100010100000110001
011110110011101111110101010111101010110011011110001100001011110000010111000000000100010010000100
001111010101110111111011100110000001011110101011111100000100010101010000000000001100000010100110
000111001100100110010001100110001100000110001111110010010010101010001011000010101110001100000010
010101011000101100101010110101101011010000010011001001111010101011101001100111110100011010101101
101101001101011000011111001011100011111101111011011101000000000110101101101010101100010011110011
010010010110110100101111100100010010100111110100011101100110001100001100101010011110000010110110
010011111101011101001001111100101000111011001000001110100010110100100111111001011001110001100011
010000011101100111101101000000011010111101001000001001100111100011011011001111011101011111101000
010111011000000101111100100010111000110001000000011000001000111101110110000100000001000011101111
010011100100111001010000110101100010000001011111000000011010010111010001011011100110011100011110
111100111111111101101111011100011101010010001000100001110001101111100001101010101111100001010011
001011101000011000010000101101001100011100000010010110011110011110110010011011010110111101110010
110001000100001011010010111111110110001000001100101000111001001101011010000101000010101001100101
010001101100110100111001101110111001010100000000100111101010111100001010011010010000000111010001
000011110010001011000110001101011011010001001000110010011011001011101100000000010001100101010001
010000111101011011101111100111100011100011110011000001001101000000111110000000001101010001011110
010111101101101010110100001111111100000000000001011110101011010001011101000011110001110110100111
010000001100101001111001010101000000001000111011001001101100101001011101010011001100011110110101
000100010110001011000111001001001111101001011100000101100100000110101000000100011100110101010010
010101010001010100101001010001101101111001000111111010110011001011001110111100110101100101001000
000001001001000110111100100001010100001000001101011111100100010111111101110111111011011101111101
110110011110011010100111110101111000011010001001001000100010110110001000111110001011010110110100
000100000001011111100110011111011111001000001100101111011010110001010000100000111011111011101110
010011101001000110011100111110011101100011101010111011110100010010011000001100111110000000111101
010111000011011001101100001001001101100110010101100100010010001011110010010010100011101111011010
100110011110011101010111111001101000101110010101111010101001111111011010010000111111001100000100
011100101111111110011001111101010100010111101010001000100000110101010010111100010110001010100000
000001000010000010001010110111111110011001010011011001010001100111111101100110100010010111110010
110010001101001101011001011111001110001100111110000111110001000110101011111010111010011101010111
000011011001100100001111001100001000101011010001110110000010100010111001000001110101110000000101
011101101011001101010111010110011001011001110101111010111010101100100000111001001110010101101100
000010000011100101010100100000011100100011011000110001000111000000001010011111010000111111010000
000111111001000110011110010011010010110100011011101110001011010100011100110110110101111000010110
101101011010001001101001101110001010001010101001100110001010010101101101100000110101001000000000
111100101010111011001010110011111010000100111011110000000011010011111001101001100001110000110000
000000110101100010011010010111001001110011010010000100001010101101110111011010000111100110101001
100101001010110001010101100101110110011011110011101001010111111110001101111001001101101100100101
000001001100001001110101101000010111000010100111010101000000000110100111010000111100100100000101
100001100000100101101101011000111110000011000110001000101110111011111001100011000111111100101000
001101111110111101110110101100111100010101110011111110000000101111100110100110101011101001100001
110101111010100010010111011110000110100001100111001111111111011001000101010100110001100101111001
010000000011100101011100110111111011100111101111110010101100011101000101110100110100000111110110
101100101010111100111101001111000011101101100101101100011011000011101010100111010110101110101001
111100101100100110111111001000110011000110111001101010010011111010110010101000010100010011001100
000110010001100010001100101010101110101110000110010111101001011111111010100111000010100111000101
001010011110011101111110001000000011110110001011001111111110001000011110010010100111011011000101
010000111110111100111101111110110010000110011111111111110010101111000100100000110001110100110010
101001111010011111001000001110101000101110011000100000110111101001100011000011001011100001001011
110111111011010101010110001001100100001001100000011100000100101101001001011100100001101100111110
010011001011101010001011011111000110011101101010111100010011111001001010110010100010101011101111
110010100111101001011010100000100010010100101100010110001010000110100100001000101001001010000110
100101111111011100101001101100001001010100100011110110101110111101010010101001111000110010111101
110000010001011000011000000000111011001000011110111011000010001111001100011100000111001000010000
001100100011111110001011011100010010111011101011000010011110100010100110001111111010111010111010
110010110000011100101011011001110010001001001011100101010101111111001011010101101000100111001101
110110001111111010011101101000110001000100010011010111110001011111101100111011101101001010001101
110010001010001000011100110100111110101010101001010111101001100010000001011110100010101101100000
010111000111011111010010001110011011111110001000110010000101010001010101100110010011000010010010
100000011001000011100010110101000110110011100101001100110101000000001000010101010001100100000110
001100101011010100111011101101110111110110110010101111000100100000000011000100100110010000100110
110100011110010101111111001000001011000100010111011011100110100010111010110101101110100001000000
001101011010001010010110110110101100010001010000100011100110011100100011010010000110111000000101
011111110110011100011101001010010111101101111001001101100110110101001111101000010101001101111011
100111101110011111001100011111101111111000111101001001111001001001000010001110010001101001001101
000111001110001011110101100111110010111011111010000111101101011010110001011011110010010000011001
001001110100010011010000001101010111000010111011101010010100100110100001000001110010111010110110
011111000100000111001111001011011111101001100001000110111001010010000001010010110111110011001011
110101010011110111110000010100111100010101100011011111110110000010100110101111010100110000100001
011111110000110100110000000100011001011110000111010110101100001011010000010101000110010111101111
111000110110111010010000101000000000000000110111110011011010101110011001110000000111011110101110
101011010101001010011000111111110001001001100100111010010010101000011100110111110010001001001110
010010001100110111000011011101010101101001001010011110001100101011000111110100000111101010010100
011100000101000010110111010011010000110010111001011011000110110100001010000100100010001011010001
101011100011110001011101011111110011101011111001111100101010001111100010110010000010010111100011
000101001100000000000000000110001110000011101011100010011000110100110011100111001010000010000110
001000001100001100001111000010101110001001000110111001111111111111010111000000101100100110111011
101001111000100001111000011110111101001101110110111011101110001101110110111101101110111001110011
000100010010011010100100111001110000101111011010010001011111011001000010000000111101100010100001
011010000101100100011011100000011001001010010110011010011010111101110000110110101111000111010011
010111101111001010010010010001011110010000001011010101001110111000110001111010101001011110011100
110001101101001011101000111000101111100001010111111101101101101100110001100011101111010001000101
101001101101110010101111110100111100100000010100110110111011000111110001100110010011010100011010
000101011010111110101000101110010010110010011100001000110101011001000101111011001001110101100001
001101010111011111000011000010110100001111110000001001011011101111111110101011100101001110011101
110011010110110000011000011000100000011111011101010000101001000110011110110001000100101000000000
011010110000111010111110100000110011011011010100110101100011111011011010101111100011101100011101
011001001010111011001110100111101000010000011110010001101001011110101011110101110110111011111100
100100100100001010100100011011101111001010100000011111110001100001011010000100011010011100011100
000110001100111111111000101111101111111110010100101001010001000100010111100001100110100000001001
011000101000010001111100001110110111110011110100101100010101000100101010010001111010101011110111
101101110001011000001011101110011110100000000011011000111100000101110001000111010101110011011100
010001011010110100001111010011010001100111011101011010000101110001000010100100111100101100001001
101100011111101111001011000010100001000001000000001010000111101010011101000000100011011000110000
001011000100001110001110010010111110011110010000011100111110110011011101000111111010000010001010
110001110111110100001010011110110010101100101111001001111110010000011001101101011010101001011111
111010001000110011010100101111011010110101100101111010011001100101000010110010100001000111110100
110001011100110000101101010110010110011011000010111101100111110011011001001000101100101000000010
110011101111010101111110011100100111101011001011010110101000110001110100101010011100110011010001
100011001101000000111100011101110001001010100111000111111011111100110000111011110110010111001111
101101111000100100100100111111010101111000011010111100101001010000010000001101110110011101001101
001011000011011000111110010111101001001011110001101110100110111010000011001111101000100110011010
100011101010111001100110011001101011101001101111110010000100010010110111110111100011100011101111
010000110000100100000010010010011100101010101110011111110000101111001101111011101001101110100101
110001111100000000111000000011010001101111001111010110101000111010001000101101010010100010111000
111000010101011010101110000000111011100000110010010000111101001011010001110000011000100110110011
110000100000010101011100000011000000110110011100100011111100000011101111001011000110111000101110
101000110001101000011100010111001010100111110011110110010101011111000110010010000000110111111000
100111000101110001111111010111000100110100000110111111110011101110110111001000001010111001001110
111001111100010101000001011001010110011001110100010001100010100100101111110000110011100011100010
110111100110000101011111001100000000000000110001010001100110010110001001001110101010110111010011
100101111011100110111000010101011101011111110111001001110001111010100000000001010010100001000101
111000100001011100100111000010011001010111100111101111010000001111111011000101001101000001010100
100000011011111011001100111100111100001001101000001011111011101101111000111110011110110000010110
100101101110101100001011101010000001100110111110110101110101101001100000000101111100000001100110
111000000100111011001111001011001011110111111010101111011111100011111000010001100101000111110000
010010000000000000010111110111011011101011001111010100100000100011111011011000001010000000000110
111101100010000010110001111011010100111101110010100010100010100101011001000001010110001111101100
110010110000100000010110011010011101100010110100001001100001001101100101101111001011001010010101
010001111001010010000100000010001001001101101010010011011011101110001100011001000011101000010001
100001010001111001100000000110101010001110000000010010001101000010011100101101111101010100011010
100001011111100001110110110110110000111000011110000111001000111001110000001001101000110101010000
010111110111010000111100110001000100101110011100100100110010111110011010100101110101111011101011
011111011111110011001100011011110010000000001101001011100010111001001011011101111111010111000011
101100111100011010011010001000110100101010100001001111111011000001110010001011010100111011000111
011111001101110001111111101100001011000110011110011111101101100110100111101000101011011101000011
001110110011010000011100111111100100110011100001101100101011100101010110010100101110110011110110
010001111000000001101000111110101010110101110111000101111001000011010100000010101001100100111100
000101000001001011010010100101100100001101000000011110001010110010010101011111100010000000100011
100001111011001001110110100101010110011001111111100111001101101110010110011001101011001001010110
000001001000000000111100001110011001000000100001000100001001110011001101100010011001001101100111
010110011100111001010100100100111100010000111011100110110101100110010111001001101110001011010100
001100001101010101011111010010010110100010111010110011010111101101000010000101110100111011000001
100000000001100101010110010101001100110110000000001011011101110010011001110111001100000010010100
010011011011001001111100011000110100100010000001000110101010100010111110101001110010000101101000
100110110111100011011101101011101010101000010111011010110000010110011000011110001001100101110010
001011010000001010001100101001111100011111100110001110110001001111001111111000011101001010011001
000110111001111010110101110001111010100001111101000110110000111001100001001001101101101101101011
110100001111110011010101011011010001110011101010010110100011001011110100111001001111100000101110
011100000110010110010100001110110110010000111110101001011101001111110010101101100010010010100100
011110010110011110111010001101001110111100011000110001101100111001000100100100110011001110010100
000001000010000011000000001001100011010000011110101000000100001001011011110000010001111111011001
011011001000100001111010101001100001110010011011101000101111001000100001000001111110000010000010
010101001101110010100100000110010100111001100101101001011000001011111010110111010011010111111111
100101101110010001100011000100000110001010110100101011101101001111010000000001111100111001110010
111101011010001101000010110100011001001000100011000010101010101110000100111010101000000010001100
011110011100111000010001110010010000101111101010101000011101100110011010101111111110101011001000
010001001111101101110011110011010010001111001111101101000110000101000111101101010001110000111101
101000000001110000001011110101001110110110111111000111101110101011000101001110110110101010111000
010101101101101000111100111001001011101101111011110010111000101110010110011010011111111011110110
001111100011101110011111101010111001101100101010001011000101001011110111010000010110001001010101
011010101010000100010101110010010110101000100000101100110010100001001011100101010100111100100101
101100001011100011011010111110010110011111011000101001011000000001010100110110110000010111100100
011101111010001011101111111110010001010000011111000001000100101000100010001101001110110001010001
011111011100010001111001010010100011010001100011100000001011101011101001110100001100010111010101
110000000010001011000000000011011011100000101110100100010010100100101110000001110010101011001100
001001101010110000001010100011011100100011111110111110010000111101000101001110000110101001101111
110100000010110110100010001110011110001111001100101110100000110001011100101010100011110110000101
111110111000001000100001001100110011100100000101101100010111001010010110110010101011110010110100
001010000100101011110100100001011110001011101100010110010100101011011111001001001110101000011100
100101001110010111111010101001100010101000011111001000001000000101111011010111011000101111110100
000010010000111101110011110101011110111111011111110000011111100010100000101001111110101010110111
100111110111010011110010100111110110010010010010001110101110000000101000011011010110000101110000
001110101010000011111100100101011100110111010001010110010010110011011001001110110001010010011011
000011010101111011100101100110000011001101111100101100010110011101100000011011101010111111000101
010100111000010010011100110111011100000101100110111001011101111010000001101001000110000001101110
111111110011000110011100101010001001100010001001111111011000100010010111111010110111010001111001
100111100000010011101101001100100011101010110101011000110110100110111010000010000100011011010111
000100100110000110001011000101000101001000111000010001110010010111101011100111100101100000101101
011100100001001001111001000101010010100111001100111100001101001110111101110010011001010000101101
011111011010011100011101101010110000010110000100110111011100101100001101000100110100000111111000
000101010011010010010111100001001011010010111000100101011111001111101100110001100110011000011101
010101010110010000110111101101010111100111101010110000111101100001101111100110010100000100000101
001100111010001010001101111011101000101110010110110000110010001100010100010010011110011011001101
001100111011011010011111111011101100110101001100101100001110110101011100001001101110111000101001
101100100001110101101111101110001010001111000000110110000101011101101000101101100110000000110100
111010000110110100011001111001100010011001000111110011011000111111111000011011110110111100011010
101110011101101100001111001011110001100011010001110110101010000010010110011001011000110100110011
100010111011011011111100011100111011111110111111111101110101100111001001000010000101100100011010
100100100111110101000110100011010111101101000010001011000011110000100000101010001101001001010111
111011011000001110100111010111100100001101111001001111110111100100010110101010111101011111111100
010101011011100100100001111100001010100110010000100101000111000011001111101010010000010000110101
100011010100100110000101010000011011101101101100110010110011010011010001110000011010010011011011
001001110001111001010100010010001010010000101100110001000100010100010110011001000110100011100110
010111011111100000000101001100101100011011111101111100000111000111100001100010111101111111111001
101011011100100011011011011000010001100010010000110011111001110100101000001100001010100111111110
111010010000010011110011001111010101100110011101011011001100101110101010101101111000001000101100
110101111111000100000100001001001111011100011011110000010101000101100110101001010000010100000101
110011101000101000100100010100110010000111011011111000100001000111101011000010010100010110111001
000101110001101011011110100010110100100111000100000110001100110011110110110000111101000010100110
000110101100101111111101011110111001100000011011100111011100001100010001010011010111011010001010
101101000111011111001100000001101110101110010001010011000000101010011011110111111101001100110001
010000101100101111000010110000010110001110011011110001110010011001010111011001101101111101001100
011111101001010010101110011100011100010000000100011111101000011110100001100001110111000011010011
001100100100100000000011000001001001000111110110101111111110101001110101111010100011001000101001
100000101000111101110100101001100000101110000010010001000110101010100100010000111001110101000101
100101100000000001110111110011001110111000011000011010011111110001011001100010101001010011001111
011100100000111000001001100011100000010101011100100100110100101010011101101100100000010110110110
100011011001000011110010011111011100101101010110010111111100111001101101100010101000011001010010
000111111011010101111011110101100101100001101111011010011011001111001001011100011110111110000101
110010011110111010111011111100101010100111001010000111010010110110000111000110110001100011110110
101000011011110111110001111001001111100100100000000000100011001110010100010010100011000101111011
001110001101101010011011011010111101111100000111100001111001000000010100100101110101101001110010
110000000110000110111101100001001011111101010011100011110100101011111010100000011000010111110101
100100111110010001110110011001101001101000001111010001001101100101110011011101111001001011010110
000001010010010111101010111011101101101111101011110010101010101011010010111001111000100111110111
100000110010011011100110010111111010100010110110000001001100000100100111001110110010101111100010
100101100010111011100000011001111011101010100111011101101111001110100101110010010000001010111101
001110001101010010011100011010011000000110011100010010101110100110011101101100001100111000000100
010001000100100000011010100100111100100100000001100100111010110001100000101011001001110000110111
011101110110000001110110100001100010100110101100110001110100000101001010100111111000111100011011
001100110111100100100010110011011101110101000110110111101010010110101110101101000101010011011110
110100001101011011011011000100011110000101100101001101111001110010010011101011001000011111011001
110110010000100011001111110111101011000110101101100010011010100110010011101010001110101100001111
100000001111001100000000011001110111101000001111001110101111010110101000101010110000110001111100
011010101000100011101001000001000001111001100001110110000010010011111101010011111110101010100100
100110101111101010100100100110110010001101100011000001101001011110010101001100100100011111110111
010011010001100001001000001010001000100100111011011001001001001011011101011110101110010010010010
011000001101000111001000110010000011010100111010010001101000010101100010101010011101111101111110
010111000101010110100000110011110011101010011110110011000000001101111100000101010101100010110010
100101010100001001101100001110110010011000101100101010101010011110001000010110111010110111100000
010101011001111000000000010111000100111000100001010000111111001111110001011101111101000111110010
000111000000101100110111100011001110111010000000110000011111101110101001100000100010110101011100
000111010001010100001010110110110101001000111001011101001111100101101110100011100010101010011011
001100000100010110001011100000001110101000011111101011100111100011010101100101101101111000011100
101101110111111100010010010011101110001001101111110010100011000111010111001110001011011011010110
000101000000011010001101110001100010000001000111111111000110110100001011111000010110100100001100
000001010001110000111000011011110100101010010011100000110011001000001111010101000001100111000001
100010100100110011011000010001100010101101000100010101000110110100110000101110010101110111101101
111001110001001001101100100101110110111011111111100111000101101111010110110001110001110101001110
001001011101000100110011000100011000110101000010001110110101110011001011111101010110111100100111
111110110011100101110001100110000111101100110000110000000010010100111001010111010100000100011001
100101001011100000011100000111010001001100111001110000010101001001010100001101011000100011111100
011100101000100101111110001110001011011100110001111001101000011010011100111100100010011111111100
110101111010100100001000101000111110110101001100000010110001001111110000101101101000010000001101
001010010010001010000011001011100110000000010011010000010001101100010100111001100100010010011010
100100000001010000010110000100111110011010010000100011100011010110101000110000010001001010111011
011011111000010011110000000011101100111111010011011010101000111110010110010101011101001010001111
110101001010111110100100011010000001010000000000011010001110101110110101000111010101110101000010
001101001100011001100111111001001101111010001110010001010000100010000010100001010001110110011100
010011100001010111101110011110011010111011101010000100011000111011000100011010010111101110111011
111101111000000111000100100010111000010110111000100000011010000011001101011110100001111111100010
000100110010100011110110010110010010101001001100101010100001011010110110001010000101011111010011
101000111010110000000010011101111010101001110000111010000101010100010111011100110011011011000010
010110101011110001011011101011100000001000011011011001011111000101100110110010010010000010110101
010001101000000000110010101111100001010101010100101011001110111110110101111100001111001000000001
110101001101000000100111000110101110010100100001100010110001000110000000101011010101001100000010
011111110110101100110011101001100001011011010001111111000100111001111101011001110101001011101110
011001100010111111100010111110100110111111111010100110010000111111010101100000000100001001111101
111110011110010110011011011001100000110000110000110001110011101111001011110110000110101001100000
001011111111111001110001110001110100010101100110100000011010001011100110010000000111101100111011
011001010000111001100111010110110010111101011101101111110011100011010111001011100001100000101001
111100101111000000001010010000110100100010101000100110111100111111100110100110101100011010000100
000101001111100011010000100010010011011011101111110101111100100011101000001010100110100100101110
000110111110100110101111010010000001100011010100111111001001101010111001101100001001111100110011
100110000101010001100010001000111110100000010001101011110011000111100001111001111010100100100010
101111100011011001000111101110111110000110100010011001111101011001000101100011010011001010000100
000000011101011000010110010101111011011010100010100011101000001101101011011001111000110000000111
111001111111100001000110101111011100101101100100100001110111110110011000111011001001011011000000
110101010100101000111111110000100000101000110100010001001111000011010001111000101101010110001000
000101100000011101001100010110110110010000100001100011010100001100011100111010101000111001100111
001101000000101000000110011110011100010010101110011100101000001101110101000100110101001001011111
101101101110011111011101010001010111011000001101011100111100001011100000011110101100010111011001
101010000001101000110001111010000001101000111111100010011110110101001010000001001000001000000011
001000000110111110011010110000100110001110111011010010100010100101101111010011011111011101001101
001001010000001010011110001010111111110011001101101100011011010011101000111010010100110111010111
011100111000000011010011001000110110000011101111011101000101100111110110000011110000010000111000
000110010000001010111101010000000111011010000110110000001110101101111101010011111101110001111101
010111111000011110010100110001010101000110010100010010100111000000001000000101110100101000111000
110010000010001110100110101100101101001000010011111000111001101001110011101111101001010100010010
110000110001111110001000111000111101111000101111101111011100000000101000111100100000000100111010
101110011010010111100111100011110100111111011101101111100101100110110111010010010011101110110010
011100111101110100011101011110010010110000111110111010101100111001011011101110110111001111000001
110100000101111010100110110101000011100101011111001101110110010110111010011001001010100001100111
011101100101101001000001011100011010010100000101010001011111101011100111000110010100010000001011
110011101111111101011001110000101010011110111001101000101000011110011100000001100000100101101111
100001110010111001100000011110001111011111101100010011110110101110101111010110111000011000100100
000100010000000110100110001001101001000010101011011100011001111100111111111110111000011110000110
110111111010110011100100110010011011111010011010110001011010011001001001001111010011110100011110
010110111110011101010100001011001110100101010001111011010000101110100011101001011000111001001011
001001101101000101010010011011100010101101000111100000100100000011011110011101100111000000001011
001011101100100001000001111010010010001011000110010111000011001111110001000001000110000101101101
011001000011111001011010001111001110110100010110110011111101100100100111010000101011000000000001
111101011101001000001111011010000001101011011111000111111000010101101101001010011001001111001011
110010001110001101101100101111100101101010011111101000011101100010000010101000111010110110100010
111100101101110001011110111001101000100101011101011001001101100011000101010011100010101011011111
100100010111101001011000110101110001100110011100011100111011000011000000000100010100100000011111
111010010011001010101110001111100001100100100011000000110010111001100110100111001110010100111000
101111000101100101111101111011011010100110001110101100100100101000011100100011101000111110100001
001110110001101001110111011011111010111010011011111000011100000000000010110011111110011101011010
110000110011010111010010111100100010000100100000101111000110000001001011101000010010101100001101
010010011010100010011111111100001110101001000100111011100001011011010000001111100001101111000100
011011001000100101100101000110011010000010111100110010010111000010111100011011011011111010000100
011111111111000010111100000101000011110100001100100100001100100000000111001110100110001010100111
110011000011001100001011101010011100000011101111001001010100111111111000111110000101010110110110
111001100010001100000100010001001000011101001001011101011101101110001010111101101001111100011111
101011110010000000011111100110010011001100000111101000111000011011110101001100111110101110101111
101011110111111100101111011001100111101011001001010010001000100101011010000011000100011000011010
011111011110000110100001100000110100101110001101001100000000011101101010100010100100100001001001
011101001111101100101001000000010001111110000010001100100011000100110101001011101001110010111000
111100100011100101111011100100111110100000001001001101011100110011111011111110001110010111111100
111101001001101100110010011111100011011011111001000101101001110111010001001110000011110011011000
010100100000111011010000001010010101011110011011111001100101100100111010000101000011100101001010
111010011101001010011011010100010010010001101101000010010101011111101001101100100001111010010101
011101010001111001011100101101000001011100001011011111100110100101000000111011000111000010000100
000000001101110011010010100011010100111100010000010100100011010110001110010111000110011100010011
110010011101111000111100100011101101100110101011111110110011101110011011010111111111111110010001
011000011100000011000110001011110011010010110010111110000101101001100110111000011001111100111010
011001000011100110100101001110101001101110011000000100111001010100000101011010001101010000100100
111111011011100101110010010111010000000101001101011101101000110010010101111000110100110101001010
010010110110001110000000110001010011011100001000110110000110100101110111010001010101010000011000
000101111010000111111110010110101110100000111100111110101111010100000110011011001111101101111100
101000100011000111010000011000110100100001110000110111000100101100010011011111101111100110101111
010010010010100000010001000111110001111010011011000110011010111000001101011010010110010001110010
001110110000101011000110000110111000010001000100101100011100000101001011111101111001000110000100
110100011010010110100101011000101100110011101011100011110101100101010011010001101010010011011011
100100100001000001000101110000010110101000110010111111011101000110001100011000000011101111011011
111111111100001110111110110100111000010101011010001110011101110111100001110010010100010010111110
001101011111011001001111110110010000010100001000111001110010100101100111110100100001000010011010
011101001110000110100111010110001011110101111101100101010111110100100110010001010100111011101011
100011010001110110001101001011010101100101000100001100010101111110001000110001010101100011011001
110110010011110101110010111001011110100011011110101111000011011010101100110001111111000110001010
110100001001100001000111101001110011010010111111001011101100100111000101011100110011101111101111
110111110000110100100111100110101101101001001110100001010101110101110011110101000111000010110001
100000010000000011011111011110011001110101110000001011000011110110011100011101110100011100100001
111001110111111010011110100011111100101101100000110000111000100010101010100100011110011111000001
100111111010110111001110111010100100101010101101010001001110110000001000000101001010000110011111
011110100111011011110100000101001010111000101111111110101010001110101110000010010101000010000001
101101011111001101101010111111010110110011011110111000111111000110111100000010110011100001101011
001010011100010001011100111100001011111010001010000101110010001111101001001101010000010000100111
000110000110010010010111100000100001110001101000010011010100010110111001110110110111011110101011
101101100101001111010110010111011000100001111100001011000100011011101101010001101100101000010010
011111001111000111001000101010101001011011101010111101101110101110101000000101111111111011111010
011100001000001001010101011111100110010111101110011010011000100110100111011100011100011110010100
001011010111100111100101000110110011110110001101010110010011001001011101110001100011001100011101
001001101110011111000110111010000111010011100110011101100111011001111011101010000111111111111110
000111111101111100101000010001001000111011100101100001101100001001100000101000110100010111101110
100111111011010001001001100000101111001011110101101010110101100010110100001011010110011011010011
100101000000010111000010110111001011100111100111100111011000011111101111010101110000100011101011
010101100010001101010110110111111101110010101001100101111011101111011000111011011111111101011001
000110111000101100111000001011100010001010010010001100001011101011010111011011111000110110011100
111001110000001110101101010100001110110001110001011100110011001110101100011000101000101011011110
000010000101010100111001111100100101011110100010001000101111000011111101010111000001110111000011
100111100111010011100101010010111001100000110111001100110001001101110010111101010101001100011000
111001010000110000100010001111000100011011110111000001000010110011111101111010111110011011101011
011010001110010011110011101100101010001000011101100001011111110000010000001100001001000010110110
000101110010110010001001001000011010001100000101111110011000101011111101110010000001001001011010
111010001100100000111000110010000111010110011111001010011100110001010110101111000111001111011110
100100111100011010010111110010101001010011001010011001010110000100001111111001101001100001000100
010101101000101000000101000110001010010101010000011101001010100001110111100000110110110000000010
111101110111000111011010100100010111010010110001010100101011011100111001001111111101101101101011
001110100111010110110110111000110001111111000101010111010101001001000010110011011000011100101101
011110001100010100111000001110001001111101101100111100101001100111011011001100111011111111100110
110010110101101101001010110101101000001001000101101011101110001101011101101100000100101110000001
010010010001011000000011110010110101110001110110101011010001000100110111111110101000101000100001
101000111101011000101001010001101110010000011001000000110101011010010110000110010000000011100000
011011010111100010011111111011000011001001101010101010000100011000011001101011001010001010110000
110111101111111110001011001100111011100111010011101111010011100111101010110110100000011010001110
101110101111000111111101010001000100110010101110000101111010101100011011001111100000101001111010
101000010011111000001000011110000010100101001001101011111101101100101100000011000101111001101000
001110100100100110011010110000000011101110110010111001010101000000110011010000001001101110100101
100111110111100100011101111000001010100111100100010000111101011000100011110010100111000000000101
111111110111000011111001011011000100010110000001101011111110000000110011011100011011111111000111
101001111000001001101010001010001000100110101001001110010000101000011000001010110011011001011001
100100110111001010101001010011111001100011011010001111011010100111011110011111111101101110000011
111100000111001110010011011001110110011010011111011011100101010111000011000010101010001010101001
010011110101000011010010011011101001000100010001010011001000001101110011011001000011011011010000
110001100010100101010000000111011001110001001111001100010001010000011111000001110100010101101000
010010110111000110001100010100101101001101001101010101000100010010011101000011010101000111001010
100010011100011111011111100010101101011011001100101011110101001111101111010101010100001011111011
001110101111000110001000010011110010101111001100110110000111101000011110101010101000111000100111
100110000000010101000000001010011001100110011110011100010000000111001111101001000101110100101101
011101111001110010011100000011100101010001110011100111011011011001100010001010000101101101000001
001011110000000100111101010001101000111111111100110101010100011101111101101100010011000101100011
011001111010011101110110110010111001000011100100100111011001110011010000000101000101000111010101
010111011100010011000100111000110001001011101100111010011000111000111011111010111001011010101100
110111001000100100111000011000010100111011100000001110100011010100111010000110001011110100000010
100111001101110110011011010100101101110111001100101101101010101000100011100011001010001111110101
000000111100101101101011011100110100110010001010011000110101111110001001011111111000010011110011
111101010010001111011000000000000001111101001111011011000010110011001000101110001000111001010101
000000000001001001010011010101100010011110110011111101111101101010001110101111010011111001110001
000010011101011011111011110101101100000010111110000110110101001010001001010101011111101110110101
011001000110000011011110000001111011100110001110000011010010010000010000010001110011111101111001
111101100110001101011101100110011011110011111001000011100111001100100101011010111100010011111101
101010101010010100101101010110101111000010001011100101110100001101101000101000000101100110011111
011110011001110001001001011011110011101010000011010001110100101000101010001001101111110011010000
101110111111000111000110011100100110111001111111001001101011111111101001000111000110011101110011
010000000011001101000001101011101001110000111111011000110110000101100111010011101100110110101010
001010000100011110100111011011000100110101101011011011011101111101011100011100101001100100101011
001101001111001110011100111001000100001111011110000101001010001001001001101100010010011011010111
001001011111101110110101010100101110101001010000011000100011101101000100011101010110000010100100
100011110010001011110100110101100000000000100010010000111100011100101111101110100000100011001110
111000101110011110110111000111100010011000001110001101110001000000110111110110101000011011100011
111001111001010010111011010010000010010100101110011010100110010011010010010011100101000110101110
101100101011000111011001111111110001111000110100011100101111000100010000111001011100010111100100
110101001000101011101110010010101100100010011101111100011100110000111010001010101100101100000011
110111100010001001000011001010010100111010011110010001111010011010100011011100100111111011100100
111111101001011101001001111000000010001000001011101111011001110110001011100111110111101100010010
111011000111000010001010000100010111101010001010100000011011101011110101110111110100000011111100
110111001010100001001010101111010010001101011110011111110110001101010100001110101000010101100011
011001010000001011010110001001011111001100101010001001010100100100101000011001110100000110100111
000110100111100000000100011100111010100000011001010010011001000111111100011101001100110010010010
101010000111100111010011111001101000111100100000110101101101011001010001010110000011100101001011
000111000010101110011110001000010100101111111001011000010101111101000000110110111101110010000110
011100100011110101001010110011010101001100110000000110101100011111011100010101110010011110101100
100110110110000111011000110101100001110001111001111011110000010110010111111110110010111111110101
101100001111010001010010011100110011010010001100011101100101111100010110010011101101100111001000
110111101001101001101010011111110100101010100101001010000100110111101110101010110011010011001000
111000001011110011100011110011110110100100001000001011010110111101111110000001101101000001101111
011110001111100101111000011011001100111001000111111101011010101011000101111011101001111111100001
000101000111110010100001000101001100010001111000111011000011101110110111100011110110111000111010
001011111110001100100111010101010011110100001111101000001000010101101100100001001010000111000110
111000010110000000010110111100000111100111010111010111100100111010000100111011011101111010101001
100010101110011011111111110010001111011011000101111111000001101011011001101000100010010111100000
101101001101100011110001001010011000111001101011000001100110001000011111100000011000011011111110
100110100101100111001011101100101001111001010100100000000010111111101011010001110001111111111010
001101100010111100101101111001010001011110100010111110001111111010001010011101010011100111110110
001101001000001010000000010011010100101100011100100111100001001100111110100011010100001110000010
111101000000000111010010001011000111010110101110101001011101101000100001001101101100110001000000
110110110001101001101001100111101101111100111111010100001111100110010001110111000000010011101110
000101001101101100010110100100001000010111011110100100111001110010001110000100101011010110111100
101100110011111101001010100110000111011111000001010001111101110001110010110110110001000111001010
100010110001011111111010100111111011001010111100000010011111110100110111111010101110101010100001
101100101101001110000010100011011011100001101011001100101011011001110100100111101000011000111010
010100010010000100010100000001011000100011011000010110101101001110001000110101001001010101001010
111011100101011011001110111001010011111110110101110111111111000001111101000111010100110101001110
000111100100100001101101000100101101110010110000101011101011100000100010001000111110010011110100
110100000110000110001011011110000011001011111101001101010000100001111100101110100111011000101101
010101001001111110111111100011010001011011101000100011001001101110011011011001111101010001110010
010000100001110011010111111111000100100110100011001110100100001011011001100100101111000000111101
100110100100000110000111001011100001110100010010100111011101111101001000011010001101101100010001
100000001011100011000100000010111011001101111010101100111011000010101100000001011000110011111001
010111010101011010010101111100010011101011110101001111101000010000000100000110110001001111000110
010010101000111010111111001011110001110111111001111100001011010100111011000110010010111111001111
101100000111010101101000010010110111100110101010010011001001101110000110101100000001000110110100
111111100001011001010001110011011101000100101111011010000110100010010011101000100111101111000010
000110110101010011100100001101000110100111011010101111010111001110000010010000111000011111011000
110110101011100000000001110010001110001001101011111010110000100010000110100011001110001001000101
010110100000101110001111101101000101010111110111100111110100010011101001010000000001011010111101
110001100111100110111001100000101000111101101011010110101010110001111001110000101000001001001011
111011010010111000000101100011101001101100001101001001100001101110111110000011011101101001111010
001011111001001010110011100110011110110001000100110010001000100000111111110111110010000000011010
001000001111001000111010111000101011110010101111110010000110010110001011010011110101100011110101
111101101011111111101010011110101000001001101110000110000000010001010001001001010010011111001010
110011101010100101001001001010111001101100110100011110110010001101110100100101110110000011001010
011001111111110110111100001101111110100011100111101110111010000100000110100110011110011001010010
100000011101001100111010101011000010010111010111101001101110010000001000011111011111101011011111
100101000001111100111000110110011110111111100110100100001000001101101000110000010111010001100010
000001100110111010001011001110010000010001101101100111000110000100111101011000100100001101100011
101110010011110000100000101110000010001000011101001101010110110010001011101111000110011100011000
100011001101001001100011000100010000111111100100011111000110011010111000001100100001110010011101
011101001110100011011101011111000110100011011100110101111001101010110101011010011111010000110010
100010110010100101010000010100100000000100100001110000010100000101111110000111011011011000100111
010100010100001101110111000001000011101110010010000011011100100010000011100101011101100000001001
111111000100010010011101110101101000100001110001010111100110000011111101101101100000001101100101
011000100010100001110001011110011100110010011100011101010011111001010111011010010000010110010110
101101011111111110110001000001110010011110000000100000110010111101111000011100101010101000100111
100011001011111100101110100110010011110001000010010010100011101100001111010011111100011101100101
100000110000001011000011000001001011011010001111011111001101000010100100110011100111011010010100
100110011101111110101101011100010010011110111110101100011111010001011010000110001000110000010101
001100101001110100110111111100110110110110100011100101000000011010110110010100100101101101110101
100000011011101100100010100100101100101100000000110001010010000111101011011001010010110110100111
111101111101000111000000111111010110001001111000100111001111100110110010011111000110010010000111
111001001011000010000001010111001100000011111100011100011000000101111111110000101101000010011100
110101001010001000110110110000110000111011100001110001111100110011100011111001101011101000000011
000010001011111011101000000000100010110010000110101101011000011101111001000101101111100100101001
010100011011101110100100110100000110110001101001110000110011001101001010100010001100101000000111
110010110010101000101110101000000011010011101101001101100101010101110010010001111001000000011010
111001000011001111100101011010101110011010010111010010000001110010000011100110110111001101100101
010111110011000010001100111101011100110110100001111011010000110111000010011010001011001100001100
111000100011111011111000001001110001011111110111010111011001010011100010010100111101100001110011
101111011000000000001100001101110101011100011011111100001110100001110101011010110010010110010001
111001101001011110101011100010100001100000000100110111111110111110000101101011111111110001011110
010110111111011010011010010010110000010001100110101010010001001101010010011010101000001111010010
110111111000101001001001010100001011000101100100001000100010100100101101101000110101100111001011
010000001110110011000010011011000110100111111101100101101101100001111000110110010010100010110011
100001100100011010111111111111001100011111101100011000101111110001001111010010110101101011010110
001010000100011100010010101101110011000000100010011111111001001010010000010011011111100000011101
000001111100110100001111001000100101111001010110011011010010001101001100100110010011101110111111
001000011111001011101010101011000110101001101110101111111111111101100001001000001011000110111010
101000100000001110001101001111011001010110010101000001001001101010000011010000011000000100000100
011101011101000101110010001011101001100001001111110011110010001101001010100011010111001101110001
001010010010101010110111001101001101111001110111000101010011111001010100110000010101011001100110
100011011101000001011000100000111011111010100010101010110100010001010001100010010010111111101011
010001011100110011111010010111101100111010111111001111111100001010101110101011110110110110111001
010001101110100100011011000100101000011011011101101001101100011000001000010101011000101010101101
