100001001010101101101111010110111101001100001111100001111000011010001111001011111110101011100100
001000011101000111001101111100011011001000000100100010000110100010101011011110010100100000011010
111001101101011000100000111110110011110110001111111011011000110011110111110001000000000110110111
011010110100010110000111011100100011001001100101110010010111001011111000111001110000000110001000
010111100101011110111110001100111101001000101110001101010010001010010101110001000111000000000111
001100010111111001100011110011000101011111111011110100001010101000111110010001111001011101011101
001101111111011110111101010100101110000000100010110111110101010001010111001100101001011111111000
011101110111001011011100000100110001101110110001011110000101010000011100000111001011111100000011
101001110011001100111001100110000000111011101100100110101000000100110011001011111010110000111101
001110101101111111100100100011100010001001110111001001010110111110000110000010001110100100001110
100110001100000011101110111100111011001111010000010011101011110011110101111101111011101010111111
000110011001000111111100001010011100000100001001101011011000111010110011100010100100011000000001
000000011110101000011101101011011000000101010000001010011010000011110011101000010111101110000101
000110011101100011100000101001100100111110010000111001011001111001011100011010001001110100000010
001001101101110001100110000100110001011101110011000000001100101100100111110010111111111001000011
001110010101011100110001000110101011111000110000111111100101111101110101000100000100100011011010
100110011101010101111111100100111110000000011100010011001100100010000101010100110011001101101110
111001000100111110001111010010011110100100101001001100100101111101010000010011110001011111110100
101101001001011110001111010100010100110011010000110010011100111111010001111001010111001001110000
000110000001101001001000011001100000000100011010001010011111111111110100100011110100101111011110
100111011010000101001111011100111011001010000100011110101110001111010111011010100101101101100010
101010111010001001101111110110010000100101101010001110000110000101110000000111010100011000110100
001000101010000011110010101101110101100110100100110101010111000110000110101110011101000001110100
100000111101101101110101101101100100001111001100011101011100010010100110101101010000011000110110
111001011101001001001101011110010000101110101011101111010111101111100101111101011000011101010111
110001000010010111110100110110101111011011001111101101001100101100101001101000001111110010100000
110010000110010000101011001001100000011110010100111111110110000101010111011110111000100000010111
011000110001100100101101001101110001011011000110000000010011000010111101010011111011011011011111
011010000011100000100000000010001111100000001110100111111110011010000101000011111011101011100111
110000101010000011111010010010011100100010111110001101110010000011011111110001001000110000011110
000111010100101100001010101110011110000000001100100010001001100010010010100000001111110011011100
111011001000100000001000111111100110000011000111010100001011010010000111000001110011000010111000
001010100110100110000011111010011111100011110011000110010010100111100011110101001001110111010110
111100000101100000010011000001001000101010011110010110010010100010110001111110011001101000111001
110011011111101011001110111110010111110000100001110000011100010100100010110101001001111100101100
111101110001101010100100110001000110010011100111110001011101101001011101001010100001000000001011
010011110000011101100010001100001101010101001100100100101111101001011010111110000100110101111111
010001000001111010110000001101001010110001001101111011001001111101001101100101011001100111100110
000101011011101011111000000000110011101011101101101010011010110110110110111000100110110101011000
010110011010001100110111110100111011001101011110111010110001101111111010111000100001001111001010
011110111011110011010001000101110001111000010001010111101101010110010011100011010101100001000011
100011001000010001100110100110010100100000000110100000001001111101111111000010100111111011011010
000010111110011101101110000110110100110101101011001000000110100011110000100100001010100101111101
100010000110000111000101110001110011011101100011101011000111111111101010001000011001110000001100
110011011101010011100010001110110100001000010011000111001111110010011101100101001010111010000001
000001101001110001100001011111011010110000100111001011001010000011100101010100000111000000111011
000100111010011111111000111011000010000100001011010110010010010000000000010110000110000110010001
010111110000111011011110000110101001100100010010001100010100100001000100000101011011101000110010
011110111100111101110001001000001011011111111001001011110011000111011111011000010100100000010111
001101000011011110100100111110001111011000110100110100001111010110011101001000010101101100000111
101000101001010101011100110001110111110001100011010101000001111111011001111111000011100100100110
101111000001011111000101110111000010011100100011011001101100000000101101011110100101110001110101
010010000111111010000110111000011010001100001111001011101000111010100011111011011111011101000110
001111110010010001100110101111100100000100111100010000000010011111110000001111011001000110100100
111100110100010000010100111011010001010011111001001000100110111100111010001111000100010100101110
111100110110000110110010001111000001000000110111000100111001110011011110011111111100011010001101
011001110000011001001110010100111000010110111101000110111000000010001101110011110001100111101101
111010100101101110101001001110111110110001011111100110111111101000100010110100000101011000100001
010111010000101000111010101010000011010001111000110111101100111101110011110010100010111011001111
101101010111000001010011111001111010100111101000011011111010010000100011110001001111110111111100
111010100111000010001000011000011001011000011110000111011101001011001001001011001101110001001101
101011010111101101000001011000101101000001010101011010011010100111111100011000000001011010001100
001101110110110001001111000101011101011110101111000111111110000000111000001000110001101100011100
010000000101110010000001101001100001000001010110001011111101100000100111010111000100111100111010
100111100101110100010111011000000001011110001100111111110101000001110101101001100000100000110010
001011111000000010011110000110110101010001001110000101011110111001100111000011010111110101111100
011010100100001111110010001001100100101110110110111110111100101110100000010110001110001000100111
011101010000100111100100111010101110100001101000101100101111010010001111011100000101001010111110
100010000010001100000000110110110100101001000001010000011010110110110101110011001001101001101100
011101110000111011000001111100001110100100110011101101100010100001011111011100101110011000010100
111001110100100010000100001111110111011110100011001110010101010000101101100011110010010010100001
000001001010101101001000101111001100110100001101000111100111111101010011111111010110010011100111
001100010111001000110101110110111100111111110000110011111011010110011001100101011111001000010011
101010111010101010101001000001011101101000011100001101011010100010111000110010110100110000100001
100001100000101110111101011100010101100011011010011100011101111100110100111100010000110101011001
011011010000000111010011100001000111110110001111001001101111101000101100101001100101011001100001
001000111000011100100110010110100010101000110011010101010101001001111000100000111101001111010001
011010011010010101110001110001010000011110000011110111111101000000010001111000100000100011101001
001000010010101010100101101110111010101010101010001111000010100010010111010000010101001000010010
011011101110001010000101100000011100010111111010100100111111111011111010101000010111001000000011
001111100111101110110101101110101010001000010101100001011000001110000011001111101101101100111100
110101110111001101001100011101001011010101011110001101010110100010010111111001000111000011010000
110011011000110101110110001100000000001101001011010110111110000010011010001010100001100101010011
101000010100010100010001110111110000100100011000000000001100100010001111110010100010110010111101
111100111001000011000011101100011000111100011010001001110011111001001011000110110001011101110101
100011010110010110010010111101110000001000010101001100100111100100110111110000101101111111110110
010011000000001001011010111101010111100010110000001001111101010100001111110000011101011001111010
011110011110100001010001011011101000000010011001000000001010111001000101000101110111010110010100
101001110011111011101001110110100000110001001001100011101110101011000101011000100101101110100101
101111110101111010000110101110000110110111011011111001110010110001111010001001110001100011100000
111110101010100100010001011110111111110110101001100000010011011011100010011000011101100000000010
101001111011011000000101110100111111101010010010000111010111011010010010001010011101100010011010
011000000010110111000101100111101010111010010001010100101110101011001010000110010110110100000111
111000010010011100111110101000010011100001110001010000101110000010100111010110100001001110010001
101100111000001100100011011100000011000111000111100010011111110001000101110000000111100000011000
111101001101101001001111101000001110101100000111100100011010000001100101110111011100001001110001
111110010010111000110101101010101011000100000111101101001001011000000100100011101000100011111011
000111111100101111011000010101110011101110010000111000111010011110011110000010100010000000001011
101001011001100111101100110010000100001010110100010001000110111010000111100000100001001001110010
000100001010000001111010010001100100000001000110100010011110100000100111001110010100100001000000
111000101111001110111001011000000111111101010000001111000100001101111011100100000111001100100100
011000011100110111100000010111100000010100000100000101101101011000100101001000001110010101110010
100110110011011100011000111110001110110111011010001110010110100100000010011001011101100010111011
001010011010010101000010001111001011011111111101001100111110011111010010101000010111101001101110
111110010011100000101100001001101101101110011010000011010111101100001110101111010100001010011110
111000101001001010000001010010111111001000011000001000101011001110010111111000001100010110100001
100110011110010110001000000010101001110100111000101001101111110101011101010011001010100101101110
110101001110110110101100101110101101111110000100000001001110010111101000000011100111010110000010
011010100001000010111111010100110011101111000100001100000001111001010000101011101111100101001011
011000001111011000101100001110001010110111111001100111111101011111101101010100110011100011111110
110001011000011110010100101011100001110100111001011100100111010100001001011000111110000010101100
111100111000101000110010101001000101011011101110111110010010011010011001000011110100111111101010
010011010010100101110001111000110101101010011010100110001110101110000011010111001100011000110011
111000101010100110100011000101101100000100011101000110001110111101010100000101001000111101101001
110011000000011000111111011101001010010111110101111100111010111011110001110011000000000000100001
001110001101010010101001011111101100110100111110010101110110001001100101110101110000111011111000
110110100110011111001111101111100101110100111011001001000110000111011001101001110100011101110110
011100110000010101000100111010010000001010100100010111000010110000010110010010000110100101000101
101111110110001110000100101110100000110000111001111011101110000100000111000010110010010101101100
111011001010110011010100111101101011100010110011110011101101101001100001011100100101100111011000
111100101000010011101100100110101000011001011011101011100101110001100001010110011101110001101000
101110100011100101111010001100010011110101111101000101101000001110011010011000010011110001011110
011000100100001000111100000001111001110111011101101111000111010011101100111110001101100011101101
101101011110001001010011100111101001011111110111110100100101010010011010110101111010000010001100
000110010100000101011011000111100011011010000111001101111000100110111101111101101001001011110000
100111011001010010010000000001001010001001001100010001111001101110010000000111010110011110000101
101100101000001110010101001001011100110011111000100010101101101011110110000011110001011110101100
001001001101000010011010101101010111000110100110001011010001010001100001010001011001101110100010
110100110011010000100011100100101011001010111001001111011100000011001001100111111101010110010101
101101000011100010100101001011111101100101000111111100110011010010101011010001000111011100001111
100101000101101001110111011010011010111000111000011001111111100110001000011011101100110100101011
101110001010001011000110111111101100110111100100110101111111101011011100110011100011011011000100
010101110110100010000111000011001010100111111001111100001110110011000001010100101001110111111110
011101111100000001001001111111010111011111011111101101100010100000001100001000001111010010110100
011000000111011000100011111110111010100101101110010110100110111110000000010011011000101110001001
010100000011111001001010010011000111011010001001110010111010001011101010000010010111010111100010
110010111100100101100100011100001010110011110011010001101100101011101010101000110011011011010101
000001100001011011001000010110111011000011110011101100101111111000001001100001010101111010000010
011110110000111010110111011010111011000010011000001100000001010000010011011100111111111110101101
001000111001100010000111110110011010011111000011011011011111000111101100010100000110001101110010
000011000000110100001100000110110111000010001101011111011111111011010100011001000110100000110000
001100010111000011000111010011010010100001110100000011101000011010000110010101100100011100000001
100000001010000001000000101111110011000000010001011011100000100001011011101010101101011101101011
100110101101000011010001100010000101110100000010110000101000010110101000110111100011111001100100
111010011001000010001011110000111010001000001010100000110100010001010111111010111011000110101101
001011101110011111000110101000010111101110000011011001111011010000110110101100101110111001110011
101111110010100100101001100011100100001010101111001001011011110101010100000010100111110110001001
001110000111011110111110101010100001010100011001110010010100000011011111111110001010100100011001
011010111101001011011000100101011011001110011100011101101110000001000100010000101011110110100000
111000111111110001010010011011011110110100111000100001010110101111100100100100101011111001010111
001010001101010000010001110101000110111101011001011011000000000001111011110110111111111000101010
111001011001001001111000100000000111100111100101100001111000100001110111001111011010010101100101
111011010011101000001010101000001010101010001011111100010001011110001111111111010000001000111110
010010100100011111010001011011001110011101100010100111000100011011010100001111001101101001100101
101010111111100111010101001100011011111110000010011110111000110100100010111100101101000010011110
001110011011101110101110000100010110101000010011010011001110110001111110100110001011101101011101
110001111100101110000011010110100101111101011101110001011111010010101001101110101010100111101010
001011100110111111010101011000011010100111111100111000010000100000000111010111001101101010100000
011111100011110101011001111000101110110010001101100010100100110111011010011110000010000101010011
110011011011000011111010100111101111001101010001100101000001010110011100110000011110001110101100
100111011010011111011001011101010001001110010110111010111001100011011000010110111111011100111011
101010011001111100010100000001010111101100010000011011000110111011011010010011010000111100110111
110111101111101110010101001011110100001001110011000101000001000001001100000101000011100011100001
010110011101101101010011100000110011011110001110111100010000010011001100110110010110000110010111
101000000001000010001001101110001101100010010110101100000011010010001011000101101111101011100110
100011110000100011100110011000011100111111100010101011110000110111001010110001111101111001101110
111111001110100100001000001100111100001001011100001011111010011010100110101110110101000110100001
111011001100000011110010111100001111110000000011101010100100010110100001000110001000010100001111
001011111110000110011101100011000000101001010110010000111001110010010100101011101100100000000101
011100010010001110100111100001010100101000010100001010011011110000100011010000010100001100100010
110010111011110000110001011100101111101101010101001001110100001110100111001001001011101101110111
011111101100110001110111011011011001111001001011111001011100100010011001111001111101010011101111
110000110100110100101110101100111100111101110100110101001100010111110101000010110010001001110001
010101100101101011011100011100011111111101110000011111001011001101101100111111011000001110110001
010001001000110011110110100111010110001000000001110100011111111101001101100101000111001100000010
011101000000110100101101110111011111100101110000000101100100001100011011111100010010000011011101
110001011110101110100001011101110010001000100000111001100110001101001000001110101001110100111010
110000010110101011100000010011101111111111000011001100101000110011011100000101000000000001100000
011100110011100000100011000001010000110010100100111001001101011100101100110110000010011000001111
100000111110101001001101100101011100000101001111100100000000101011001111100000011010010001000110
110101111110000000000011100011111000001101010110100001110001011001110110011001010111101111101001
011110100100010111101001010011100111110100111100110000001011110001001100001100010010110100010110
111001000000111100111001001011001101100000010010101100100001111111101010001001011000000010101010
010001010110000000111110100011000101101001001010100101000110011101001110111000100011001000111000
110001101011101010111000000110111100001101100001010111101101101101001001100010111101000100001111
110101101001001101000000011011000001101100101001100011011101100001101100101100101001111111100100
010111110011111011110010001111011001100000101101100110010111010101101110101100001010101100000100
101100111101111011011111100110001101111001110010101001111101010011101111000000011101100011100100
111111011101010011001000111110001001000011001110110101111110010011111011010100001001101011110000
111100010111101111110011001100011011011111000101011011011110001000110111001011100111010101111101
001110100001010100001111101001000101111111000010001011101110011100101111111111101100101001000100
000111001100001011001011100110100100011110110101111000111110010100110101101101111001110010100010
111111001010000001111100110011011001000101001001010110110110001010011111110011111010011000001011
000101100100100000110010111101110000011101101101001000000111110001001010111000000110000000000011
000111111100111010000001011110000101011101011110101001000101001110111100000000101011001000110000
101100010010110101010001001100101100011000111110110100011010110100100000011111000001110011100011
101000001011011010101010000010101100011011011011001111110011110000001010100010011010100101110010
000001000011110111111001111100100110010001010010111011000010111110011101101001010011000000000110
010001111111101111100001010101011110100110001011000100000100111101100101001000110101110101010011
101111001111010111001000000000011100010101011101010001010000100111101001011100010100101001010111
101100111001101100000110111000111111010011010011011000010011010011101011101101001110101011010111
011000001010001101010101011000111000101111100111111011011001111010011011000011011010000000010000
100001101010110000001011110010000100101000111101110001110110001100110110110111001000110111000111
000011001110101100000011000000000101100010100101110001110011010111001100010011101010111000000000
110000010111000100000110000001001000011010101010011100011110101011001101000100000111010011100110
100111110001100010001100010101011001101100101111101101001000011101101111011000111100000101100010
001011111100000000100011110000100010011010111111110100010010111011100000001011101010001010110101
110011110000111110011000010000001101000011011111001100110110000101110000001111110101011001100100
101000100111110011100011111000110001000111001011111100001100101010111110000010011110010110111110
100110010001001010101011111001100111110010010101101011100101101101001111011011101010011010001111
111000000010101111100011101000011100001001100111101100011101001000001010111011010101110111110000
001111111111100001011010011110111001011111110010111111110010010000011011101001101001001111001111
011100001001001110101111100100011010000101110111101000110101100101011011110100011110101111101011
101011000110010000011001110110011000110001110011001001011011101101111000010100110100101100100000
100111101001000101010000101100010110101001111001011100010011110111001010011100100010011000011100
001001101001111100111001011001000111101100110000101101100000011001110011110110110110000111110100
001011100010110101010001110010100100011001001011011001010110011001011111001110001011000100010100
010110010000110101000111010001011001100001101101001110000111001101101101110000000010111101111111
100001001000110000101101011000010100111010111110011111111101111010101011011011110001100110100010
000001101011100110101111101100110010101101111011100001110100101101000001111001110111000010111010
010011111110111100111110000110111011110000001011100110101101001111000100101000110000110001010110
101010011100110010101111010110100111001111001010100101100100100010110100010101101111000100001111
001100101101000111011010001101011000110000111111111100000110111111000010001110110110110101001000
010001010011100000101111100011010110110110010011011110100001100010000011111011101001010000110111
110100011010111011111010011010111011010001010001001101101001101101100000101100001111010100010100
110000110100000101100011001010111111110111011011111110001111110111101001111010000110000100000101
010011010011101100001100110010001101010111111100100110111011010100111110110011010011101000111101
011100000001011010111100001110010011100010110100110110110101011111110011000011011011111000000100
101111010101111001010100101101100111100011100100111100111100110011001111101101101001100100111101
011110010001001100110100000101011101011010011000110001001000100010010011100110100000000110000001
000011010110100011110101110100111000010010100000111000110001011100010001110000011111101001011101
101111000011100111110010010101101000100010111001000100111100110001100101101111110111010011111010
111101000010100011000011001001100110010011010100101100101101011001110010110110001100001000110110
000111101111010110101110111111101001110100101011111011111110100111001011101100100011010100110000
110111101100001011100010001100100110010010010101101010011101100000111100101000011101000010110001
100000011100100010110011000011001011001010000110001101000101100000010000001000011100100110010010
011111101101110011111001101000010110000111101000111111110100111111100000110101000010100010101111
001110001011111010100100100110000010101111010001000001111110111001110100010110100101100101100101
011010010111111001101011101100111000110001000110111110010111001101011111101001011101010001000111
001001001111011101111001001111110001110110101001010101111000110110001101100111110101111100000011
001000001110111010001110100111101000010011110001010010000110000001100100001111101010000011000111
100010000100101000001110000010100110001111100101100001000111101011000000001100110111110111101100
010100101000110000001011101000001111011011011011110001101000100101001110011001100010110000011111
010111010001010010011010001100011110111000010001001010111010011110100111100010110000110111000001
010011011101101101011011101101101001011010111111010010101111001000111010101101011001010000111101
001111100110100010111111000000010111010011000110000010011111001000011100001011010100010010111011
011110101111011101011011010100011101101011100110011100001110011000100001111000101101110001001000
101011100110001001110111010111111101100000001100011001111011100110100000010101110100010101000010
110000001101101000111100001001000101110110001100100101000011100101110001111101111101001111011010
111110001111110101001110101001111110010110101001011111100000001101011001101100100011101010011000
111100100001111110011101101000101000011101100110001100101111011100001001100011101010011001010010
101111000101100010101011000110100010011101010000110101011010001110101000111111011110001001010111
101101011111010001100011011111101111001010001010000011011111011011111001011111010011001110101001
111111100101011001110100001101110000000110001001001111100011111110110110000011101011100111100000
001000000011010001110011010011111101101001001000011000001100000100000111010001101011001111101010
010011100101101100011001011110111100010110000101101001000011010111111111010010101001100110110010
110000010011111010011110001001001100010011101101011000011011000011000000000001000000010011111101
011110011001011011001011010000100100111000101001110001101100110001110101101101010000011001100111
010000110000101011111101000110010000011110011100101110011010110000010111101111110000000101010101
010001010110000010100001011100000101100000010001101101100101101001001011011110000101101000010011
111001100101010011010101110000100111010111111100110011100111010011011011010010001110101000110001
000101001001100110101100101011000000110100101110111110111000001010001001111001011001010110000100
010000111111110101100000001110110011011001101000111101010110000000111111111110110011011010101010
001101110000100010001011011101100101000010111011101100011101011011111010101111110111001100101111
000001001001000101110111110000001011101011000010010000100111100001101000111001111111001001010111
110110111000010111110010101111001111011111101000001110110001111010010101000100000001001110011101
001011011001010100001001110000001110110010110100111101110011011001000111001101111001010000111000
010011110011110011011011100101011100001000101111110001010111010110111011010001110011010010011110
110110010001110100111101000111000000000100101001101001000111110000000001011001100101100001111010
101011110101100010101110110010100110111010101110001001110101011011011110100010111111011101001011
110011111001010110101001001111100100010100011101011100010011000011010000011010010011001111111100
000011001100100011101110101001010011101001100010000110101011101111110010110111110101000011001011
100010100110111110100011001010111001000111000110011101011011011000110100001011111110111111111010
111110110010110111010111110100010001000101100111001101100101110100000011010101001101100000101110
111111001101011001000010111000011111010010111010110111010000110001001000111100111000101010001010
101100000011111110100010010110100100001101111111010110011010101001000000110011110101101110010001
100010010101011110001100110110111000101001101001000011000011101001110111010010111001100100011100
111101001010110110111011100010100001001000110101111000100000101010001110101111101100101011101001
101110010010110101000110110011011110011011110000010101111011100001111100111001010110011000100000
110101100011111001101001001110010100000000111001001000011001110000110111111100000000010111011110
000100010001110110001101000101000011010101111100001100001011111011011000000000001000011010000100
001010100011100011100101011010100001101110000010001101110011000000110000000011000100110010101110
111001111111100011000101001100111110011001010110011011001111100101010101000001010111110000111011
100101111010101100101111001101010110111100101000100111100111100110101011001101000110100100001100
100111100011110111010100110010110100001001110000100010001111101000011110011111001110000010111111
000001110011111001001011100001001100011101101111111110011011011000100110000000101001011010011011
110110111100110011010111110011111101001010001011000101101101111001011101100011111111110011100010
001100011110000000010001111011111011110011000111001101101100000010011101000111001100111101001011
010101110110110100001010011011011011001111101100110111111101000100110111100011010000001011000001
111100001010100010101000011010001011010011111011101000000000010100011100011010100100001111011000
011100010001111111101011010011110011010001010111111010010101000101010101101001101100110111101101
011101100111011011001000110110110110111010001100100111101001001011110000111111101110010111000101
000110101111110111010101110111111001011001111111110001110100100010001011111001100111111110001011
100110011101010000110101011101100001000100100000011100011100101010100010000000011100100110110110
001101001100110111001100010110010100010101101011101101000000111101111001000110100100101010010110
011011111101101101010111111110001101111100011001110111100100100000110100011110111010010110010000
010111110101001000010101001011000101111011111100000011000111100111001110100000100101111111000011
111010011111001110001111010111100000110101111101010001101111101000100010101010101101001010010000
110011101100111110001110010111011001111100001011111111001001101101110101001010001100011000101010
101101000110100000110101101110110010101010100001000011001111100000101111011101011010010110000001
110111010011000000111010101010000000110001111010011110101100001001100000010001110111010001111010
000111101110010111000111001101001101010010011011101010110100101011100011111011111100000000000110
111100001000110000101101111011000111001010100011101111001010101011101000101110000100011000001000
110101011110100100100011000111111001011111110110011110101101010000110111011011101100110100000001
001100011111001001001011101011000011101000111101101010101010011011110100101001100000000101100001
110111111000100000100000001000100001100111101000000101101110000011101111011010110111111101000010
000000010010101011011010101110100000000110100111010111110011001111001100011010011110011100100011
001010101011100000111010010111010111010110101010110000011010100010100001010001110111000101101011
100000000010110110000000011011001011000111011111100011000000100011101110000000110000000001100011
101100001011001001110111001010110101101110001111000001011000110000010011101000110011111001000110
110000101011000010001010101101001001000011011110000000000111100111101001110011011110001101100101
101000100100100100000101101000111001110000111001000101111001110010011011001000101111101101001101
001111101110110100000100011111000011101100010110100110111010100010000100010000000100000010101101
010111110001111001100001111111110101001111010011100011101001101001100001001110000010101001111010
111111000101110001101110000001110110110001100010100000010101101011100101111111101000110010111111
110100011001000111110011110000011000110100110110001110001100010010101100000100100100010000001001
110000110000111000010101110011000011110101011110101001111101001011001111101001011101110101001011
101111100000000100000010011011001010100010011110101011011000111111001111111010000111101000001100
000100001110011101110011010010110111001101100001010110010000101110100100101111010000000001001001
010010001111010110010110011011110001100101110101000011001101001010000001011100001011100011000000
100110011101010101001110000111110000100110101000010101000100100100011111011010101100001101010011
100001000110010001000110001110110001011100110111000111001111010011100100010011000001100001110100
100110111001010001011001110110101101100010000000000000000010100111000010101000111011001101101111
011100001111101100011010000101100010011100101101101011011011100110011110111100010010001011110100
010010101111100111111101001011111000001111101000101100010101101100000111011011001011000001010111
010100011100000110001010010011111111010101110001011101101100111011110100101110001111100010101111
110001001001001001011111110101011000111000001101100110010011100010010100001001100101010101101010
011011011000111010000110001010101010101010000111010010011101100000111001001010101001110111111100
000011011000110110000110111100001110011110101000001111100000111100011010101100000010101100101011
011010001010001101010001110100100101111111011010111000100011101000101111101100110100110010110011
111011111010011110100111001010101001011110110100010000001011110001110100011110011101100100001000
011100100101001101110100100111110000000110000010110000111110110110001011111010001110101101110110
111011111001001111001101101011001111001100010000010000111011101101100011001001110100110000110100
100111111010011001111110001000111001000101011000000000110110101101101111000011010011110111000011
011101011110010110001100001001110000100100111000010000111111010011110100110100111000110110000000
100001010001001011110101101001000101100100111010010000111111001110100101111110010001111100010110
100101101000100100110101000101110001010101110111001010010010101011100010010111000110100001010111
111001000101110010111011111101100010110010001111110011110100001100000100111010011100111010000000
010101000011110010011110000001000011000101101111101110010000001111010001000011011000101111011010
001101111101001111011110101010001100010101000011010111110010100111001100100000000111110000000101
000000100111110001111001010011000110100010010111010101001011101011011101110001011001011101011010
000010000111010101000101101110110111101011100111101001011000100000001010001100100001110101101101
110110010011001000100001111111110100110000100001000011100000100110010011110110110100010110101011
010100111001100111111100001011011100111001011010101011001101101000000111001001010001010010100001
110000100110001011101010111101011110010011111100111100001110001000110001010000011101010100000110
010110010001000110001011000111101110110010011010111111110000101011001010010100011100011101100101
101100100101110011110010010011111100000011101111100001101101000101010000100001100011011100000110
000110001010111010011111100010101111111101110110110111010100010101001000100100100000111110101110
011110000011000101010110000010111110100010111000100101010100110010111010010010011100001010010101
111011000000110001101011111010101101110101101100101101110100110110010101011111101110100011010000
010000110001001011101001010111011001100011001010000010110001111001111011010000000001000001010011
100110001010001000100110110010010101011110001100101011111010100010100111101001100111101100111010
100111000010010101011100100111111010011000000001001110110111100100111110100110011111100101011100
000010011010010010001011110110100111101010010010111100001000001101111010100000010010111101110110
110101101110101010110101100000111000101001111101110010110000010111100000100101101010011010101101
101100000010001000101011011101101100010001101110111101100100100100010101110111010110001010001111
101000101100111101111101101000001010100001011011010001001011100110101000001001011111011000011111
110011110101000001001111101011011100000100101011100110111101101100001101000101101100101011111010
001010111010110011101101101000010101110110110101100100010000000011001010001001111110011100010111
011010110101010011110111101111010011101001011001010010011100111011111110100110111100111011110011
100010100001000010110011101001010010000110001110110000111110001001001000101111111000001110101111
000010111110011010011011001101100100110011011100100001110101010001110101000011011010010111000011
011000010000111101011110110000101110100101100000010000001011101000010111111010010010001000101011
101101100001101000100100101101101101100001101111000110110000101001110111110101010011000000100100
011110100101001011101001100000100101011011000000110000011100100010110100110111011101100110100111
110001000001000011110000101010111111110111010011111011111001000011110101101110001111110101000001
010110010000111100010010011111010110000010011101100111111111110001111101000001100010111001101001
101010111101000010010101000111000010111101010010111100000101000110110110000111110100010001001101
101010100010001010101101011110101010000011100111111000110011101000010100100000000100011100010001
011000000011110100101001000100111000001000101100011010000000111010010001011011111110111000000101
100011110010011010110000111100010110100101000011001011111101011000011000110000001001010010001010
100111000110000001111110001101010001100111001101010010111111001001000011001000101011101000001110
001010011101101010000001001101111011010010111101011001111111110001100010001010010111001011000000
101100111100110101011001000011100101000101001110101100010110111001101011110000101101001011101100
100000001010101011011100100100101011000101111101011000010111011111010011111001110100000000101101
110011110000010111011110101101100100101001110000001101011100001110010010011000100111010010101101
111100110011011010110111001101001010011011110100010111001101111000001100101011011001001111110101
000110101111100000111111011010001010000111001110011011101010011110111000011010101100001111001000
110110100001100111011111000101011011010110000101101110000000011011110011011111011111000010100000
001111010100110011010101011001011001111111100000011111001011011100000111110010111011101100100110
110000111001011001111001000110110111111001000110010000010111011100011100101000110111101001000001
001100010100011110000100110000001000011101101001111000101001110101010011011000110100110101000111
110011101000001001000010110000001001011110001110110011011000100001001011001111000011001110101011
001101010001010100001101001101011111001100100001001100000010010111010100010000110010100011110100
101001001011001110110001100110101110100111101011011101011110000000100111111111011000010000011001
010000010011010000101001101011000100001100001110011001101100000001101010010101001010110001011110
111100111101100000100111001111010000101100111101001111001101111111000111100110101101001100011111
100010100111001110000000110110100001001010101011111100101100010011010011001011101010010001011000
011100001110010001101111001110011011100101110011101111101101111000100001101001001000101110010011
100010001101101010000110100010000001011111001101111000010111001010010100011110101100111111010001
110000101100001100111011000010011000011011000101101110110100001011000111011100000011001101110011
100011110001111110001110100110000010101000010111001100000011000111000111100111000011110001011111
011010010001101110101101011101001101010011110010101101111110101011111111010001111001010100111110
010001011010001010101111011100001011101010110000000011010000101100101010000010100000110011001011
010100010101000101001100110101110010101110011110001001001100110111011110001011000101100010010001
111101001100111000101000011001101000101010011000111100011010010011110001111001100101100111000111
100011001000000100011100010001110010110011100011001010110001000100111011101101011110100111101111
010101110101110010101111100010011010000110110000101110000000101110111111011100100101101101111111
011000010010110001001110110101110000100111011011000010111111111111011010011101100001100000001011
000100100000011011100101111010010011110111011111000101101110100011011110100011100000011000010011
001010100000000000111001101110000000010111000000011100000011001011010001010101011100101100001001
011000111001111100110101100011101111011011011111111001110110101111110110011100011101010110100000
001100001111101101001000111010000000001100111110000010010101000100000101010001001010010101110000
010010111001111110010111010111010011101111111110001011110001110001111100101000010111000110111101
101001000111110110100001001011000010110111111000010010011010101100000010110011111110101010101110
010111000010000011001111100101111000010001110001011010111100110001001010100001010101010001100000
100001001001001001010011010111100001111101110000111001111010011111111011000010100010000000101011
101000101101110010101001000111101101011010001011000001110100000011101110011101111000100101010110
110011000110000001010001010000011010110010111011011110000101001111000100101000101100111110101101
010111011101000010110100001111001100000100110001110001101010011000000110001110000010100111001010
111100010111111101100100011111001111101010100101111000000100110101010110101011111101101110111001
001100110001111101001000110100001000101011001000100110111001010100110100011110110011011111010011
000110111010001011011001011100111010000001010100011001111010001010111011101000001010100010100110
111010000110011111011010100101111011010011101010000010001110111110111110110111100110100000001010
100110111101100101001111010011110111111010011101010000110101010001011001101100111000001100110001
000110100010110000111000111110010110101100101011111101001110010100111001111000100110101100110100
101010000001000001100001110100010011001001110011101100001001001011101011110001101010011110010000
100100110110001111010000010001000000000011000001000001110000101001111010101101011000111110100011
011001100101010110010101011100110001010101011111100001110001100101011111000100010000111001101001
000011111111101100110001011010101011110000111001001110000100010000010011100101110110011111000110
100101010110011101010011010000000100111000111011111111001100000000101001011010000110010110001100
010110110001000011000011110100001111111011001001010010011100010110001011111101010111110101001010
001110000101001100111110000111111100010111011111100011001111011101001100100001000111110100011110
010001000101000001011001000001000110000101000110111101100010001110110110001011101111011101000111
111111100100100111111110000110000001110101010101100011010000000100000101110010010011111111000100
101110110101101111111110100101110101011011101010111100001010110010001011110100111111100001111001
000110100011100110001111100110001110100001111100100001010111100000110011011111100110100001100100
110111011100101010000100101001111000000111011101001000001001111010101101001011001101000000001001
100001001110101000110010100100110000000110011100011000001001011001000110010110100011000110010000
000001011011000111111110001111100101001011010011011101000011101001001110010100001000101010011100
101111010010100111000111000000000111111110010011001000101011000101100001000100110011011011111100
110100110101111101011011010001010110101110101010100100011110100100111111101001101100111111010100
000011101001011011010101100000010100100001010010010101011000001011001101111110000011001010101111
100010000100001100101010110001010100111001010001000101001011010001110000110100001111000000011010
111101000001001101110111001000001000011011110000110111110101010100011000010000100101001000011010
000010000110100111001110010011000111001101000001010001010111011010011000000101010111010100000011
100101100111100010100101110000000000001010011011000110101000010110100011000101100010101111011000
100110010010000001000001010011000101011010010111000001010101110010111111000000011001111000010101
011011010010010100001101000110011011100001110001110101111101011100010011011111010110100011110101
110011101100011001101001011011000010001010111000001000101101001000011001010101101001001111110100
011110110001010111110001000110101001010110111101101101010001100010001011000110101111110000000110
010100111100111001101111001110101111000100010001110101011001010000001101011110101000000001101001
111011110010101000111101100000000100111100111110000111011110011111101110010101111011111100100011
011110001111110011101110010101111001111110110010101110000010110101110000101000010010010110011111
101101001010011110011100111010110101011000011001111001110100110000010000101111011111101100001011
110011010100011000101011111000000100111100100011010000000100011011010100010010100010000000000010
100001100111001110101000011100001100001010011100000101110001010110010011110001000011111011111110
010000001001100101010100101000011100001111110101111100100111000111101110101110110000001111111111
110000010110010010000000010101011110011110000101111111111110001010010110100110001101000011100110
100111010100011110111110101000000100011101101010110001101000010001110100001011001111110111000101
011100000111101001111101111011011000001100111110011101110010110110111101101100011001110101111110
111001110011000101111011110110110100000101010100101101001000100111011111001111111111100000100010
011011011110110111010100001100100010001001110000000110110001100000001001010000111100010110111101
110000000101110101010111101001000101000111101011100100110001110010110010001100001010011000010111
000001001011001001010111011000000000110011111010000101011111010000000001101111010110000001001001
110010011100010000011010101100111110010010101011101100111001100111101001101011011001000010110001
001000000001010001010100101110101000111010100111101101001110011110001001111000001110010110101011
010000001100100011101010110101010100110010100100010101000111110000001010111110110000001111001111
111110011110010100110101011010011111011100001010010011011101100010011111000101101001110100001001
001010001001101111000110001001100010000100001101111010111000100010111010000001100001110000011111
000110000100101011111000101001001000100000010101111011010111000100101111100011100010001111101001
011011001010101100110011010001001110000000000100010010011010011100011100100101000101011111110100
011110101101100011100101100000001111000000010111001100011101110110011111001001101001001101010000
110110101001101011110110110101111111011010100111001010101011101100000110100010100000010101101011
110000111010111001101100101100111000011000000010101010001010010010101101010000000011010011110001
111000001110010110100011011001101000011000101011011001110100001111100000101111110011101110000011
011000010001000001000010000110101110001000101110111011011011100001110000000111001011111110011101
111011000010001110111100111101110110011001111100111011101001001101111000111001010100111011110000
011101011101011011101000001101010010100111011001011011010001110011001010100011110001001011101010
111110001110000110001000010100110000111101000111001001100010010101100110010000111101101001001110
000100011011000101000101000111101010010100100110110010011111111010010100100011001000100110011000
011011101101100111001010011010111010100000010011111010101100011010100010111000110000001000110100
001000111010101100100010110010001011010100011101111011100100001000110010111000101001011001100100
101001001010001111000100110100111010100001101000111100101110001001010110000110101010100001000101
100011101110011111100100101110101100010001000111110111001010101101001010110110111010110111100111
000010100001000010111110111101111101110001101101111001100110111000111010001000010110010011011010
101011100010001101010111000001101001010011001101100000101110000000001000100010011100100100001100
101111000101010111100111001010101110111010011000111001101001110001000011110011011100001111000000
000001110000001011011110111000001011100011011001100010011000100100010001010011011011001000010101
111110100100001111100010000011010110010111100100101110110111000111000011011001011011010110101111
101100011101101000110010010011101100010010011100101010001110000010111000011111110101111111001001
100110010111101001111011000000110001111011000111100011100011101100110001100100100001100011100111
011001101001000001111111001011100010111110001011000010111111001101010101100010010101101101010111
000000011010001111111100101101100100110000111011001000011110000000101110101000001011000100110011
000001101100100000001011111011110010110101100111111011111001110000011110100010010010101111001101
110010011010001100010101101100110110101010000011000110110110111101001110001010011100110000110000
000011101100111011111111000000100000010001101011000101111001111100101100011100011001101000101001
100001000100010110100101101111000011101010001010101101010001100101000001101001111001110000100010
111100011101101010000111111101001011110001101100111111011101001011011110111111111101101101001110
000100011001010011111001111000110001111100001010110111000111101011110110010000001111000000000011
101111110111101101011000111101100100010110010011110000100101001100110101100110100111110001001010
101011110001001111001001011000100100001010010010101111110100001110000100101011000010001001100110
001101101111100001101011100010111100110100001011110101001110101010111100001011000010010110101101
101111100110011110000111110000110110110100111000100011010111110000111110000010000001111110001011
011111000100110111000110011111010101101001101100001000111010000011100100101011000010011011000111
000001011111101000011101010010001111010011101111000100111011000010100101100010110111100000010011
010010010110101101011111100001101000011101000000001111100101100010111101011111111000111010100101
011110100101101001110111101010101000000111101101110111010000100011010111010101110110001111111110
000001100011000110100101101110000111011111111001010000100100101100001101101001110011111101000001
010000100010010101110010011101010110111011100101101000001010000110101011000111000111010101111001
