101110111011100000101010101100110010000011111000001001110001100000000011111011011011010100000011
100000100110011010111011101011010101001010001010011000110001101101011010111111100100100010000011
001001010111100111100001000100011110100111110111110001111010000101011101100011110101011011011100
110010110101010110010000110111101001100111011011010111010111010100011110011111010011100110100011
011011010101111010111011000000110000101000100010001110001110010000100001111110111101000110011010
011001010001110101100000110100001100100110100010101000011010110010011011111011001000101110010110
111000011011010111110010101101000000011100111011000000011111100001100111101001100000100110101001
111101011111110111010000001110101100100010010000000110000000110111101000111010011001100100011001
100000000110000010010101001001010110011000111001001011111100011110111110001100001100011000010000
111100011110111101000001011011111110001011010011110101111000010011100000010110100111001010100101
111010100111100101000010110110001101100101010010011001000100111100011000001111001000111001000101
100101001101110000111101111101100011110101100110110110011000010110101100001000000001101011011101
000011010011010000100100101001111001110101100011010010010110111111000101011110110000000110011110
100010011011011011111000101001100101110000110011000101000011110111101000101110011011000001101010
111100011010100000011111101101111010110100110011101001110011010100101111100001000010101010010111
100000101011000001000000001000000000111000010000000110110011011101111111100000001100000110110111
101011100001100001000010011011100001001010010110010000010010010010010101110001110111001100111111
000100101010101011000100000100000111100110110101000001010100101101110100110100001111000101100001
000110101011101111100111000000111001110101100000100010000100000110101100110010100000000100000111
100001111101000001000111111011001111001110001100101001101111100010010110011110101001011110101001
100111111001011110001010010010001001101010001001000101010111101111110000101010110111011100110110
010011101001000110110011100100101110001111110001001001000000001100110111011100011001011001001010
000100000110111010011011101010000011101100101111010011011010001111000010111111100110111100001110
001111100000001001000011000000011110100010111100101100000011101011100000110010111001100101001110
000111000001011100000000111001100011000111110110001100011101000001010110011001011100100100101101
010011100001100000110011011111001101101110011110101111001100100110111000001100000010100010000010
011010001001111111011000000000101011111100100000001001001110010100101001110000100100011011100011
000011110001011010110000111001111110011110011000100011001111110010011011001101001111100000001111
010111110111101101011010111000111011000001011100100111111000001110110000111101011001011110100001
011111011110011101111011001100101111110011001001010000000011011011000110110101111111001000110010
010001111011000100001101101010011110100110010110100110100110010011001100000100010100100011010001
001110100011001111011010110001001100011100000001101100010011011101100101011000011011100001111001
100100000001111111001001001010101001110011100010110110100011000111001100101011100010000010101011
001011000101001000110110110101010000010001001011110110101110010010010011111101011101010111100110
001000101100001010001100011110111010001001000110110010101001011000110100101100101111111101001111
101100100100001111101001010100011000010111111111001110110011101110111011001010101010010110100100
001001001100101111111111111100010101111111010011101101101010111110111100100100000101000010111000
011100110001001011000100011101101110000100111100000010011010010110100011010100010011101101010010
100000011011010001001101010011000100100011000110110001010000010100001100111011010011100011110001
100100000001000111010001010110110011110011100101011111010111100110101000001001001001000001110111
110000110001110100011010011011010101111001100001100010011010111010001000001001101010010001101010
000100110011111110000110001010111010111100111110101111111011110100101010110110000110110110010101
111011000000100100010010000010101010101110111010001110110101111010100001100101111101000000000101
011001101001011001111011000100101000001011010010011011111100111011101100100100110000000010011000
101001011101000101011111111010111011000001011010111100000000010000101010100011000100111110000000
011101101110001110010101101001011011101000110000100110101001010111011101100111111010010110001101
101001111100111101010001001000100001101100111011111100010011100001000101111110110010010001101100
000110100101100001111110111100111001111100010001000001111101001011101010111111011101111100000011
001110100100110111011011000011111001101100101101011011110000010000110100000011010011110100010010
001001111100100111011100010100100101010010100011110000101001111010011001000100110010011001000100
010011011110000111100111010011100000010011111000010110100111110010110011001100001101011101011001
110100100111010011110000000001110010100101100111111001110110010000010101000100100000011001101100
111000011101100111100100010010100000100110101100000010100011101011011000100101000111000001101100
110000010111001110100011001011000011000101111010010011000110000101100111001000101011111110110100
110010001101011110111111001010110100101100011011101011001110101101011100010111011111011001111111
101011101011101110011001001111100111001100000010000001101100010100101110100001001000000110011110
111100011001101001100010011101110011110000000111111100111101000010011000100110111010000000001010
110000100000001100010001110100100010001111011111010110101000001111110000101010000110000000001011
100001001000000110111110100100010010100001110110001010011111001101001101101011111100100011010001
101001010000101111001011100100010010111000110101010101101010110011000110101001010001110000010001
111010101101011010010001000001011010000100000101001111110010001010100101001100100001010100001111
010101011011101001111011000110010101000101100100000100110110101010000111000010100010110000110001
100110010101001110100010011111111010011001000000001000110001010101110110010100001001000001010011
101111011010001110111000001011001010011101111010010001000101100110111111001111100110110000001000
101000100011010011100101001010101111101000011100111101111101011001101000000111000001001111010110
001000010110100100001110010111001100001101001011000000010111111100011001001111100011001100101011
110110000010010100010001000101111101110010110100110110101100000011111100100011101001001101001011
110100010010110111111010010110111001001000110101010111000000011111011110100001000001110011111111
111110010010100000110100001110001011010111001001010010101100101001100010111100000111011011110110
010001001011010011101111101001100110010101101110001110100010001010101000011111100101000101110111
011000111100000000001101101101011101110011100010000100101010111110111101000101011011001011101100
101010000001011001010111010111101101111100100100111000000001010000010000000011101011010010000010
011000011101111001101011011010101010001000101001111001000111111000110110101010001010001110000011
011111111000000100110100001100110111111100110000001111001101100110010110001101100100111000111101
001001111100001101001100111011101001001110101000011011001111110100001101010011110110110010000100
101000001001111010110100101100100010000110000001010100001110000100010000011000000111011000000001
010100100000101010011100000011101010100111110001000100011110100101000100111100010100000110001111
100000011011000000100111010101010110100001100001110000100011110101011100010011111000100100110000
010011111001110001001101011011110110101010000010110100000101110011001101110110010010011111111101
001000000111101000010101010000000111001001001011011101110100110110010010000110001100110111110011
011111110011111100101011011101000011100110010110010001010101111010110100011011110001101101111001
011101000111001100110111010011110001011110100001011111111010110110001000110110001110000100010101
101110111110010001100100010101101111000011110000011110010100110011110101011100110101000001111100
010010110001101000001010010010001000110111000011101100010001110010100110000110111101010010110100
010001010100011100100010110111001010001001011101100001101100101110111001001101100000101011000011
101100011001100000001001010100110110110111111100010000101001011110010011100011001001001110011011
000101011000100101110001111110110111100110110101111011001000011001101001100101100011111010110100
100011101110001010110111110010000000010011000110010000000101000101011011010011011010100001010001
010001000100110100101001000010011011111011001010011011101010010011100000110001011111110000101101
100101100001110110101111001101111111111011110011010010010010100001100100011101001000000101110000
011011111001001000011100000000110001000010110011110001000010011100100100011111010001001000001101
001110010100101000011100110010001010010001100000001101000010011010011101111001010101000001111101
000100110100011000001010101101111101010010101111110001110101101111010100001011000101011110000110
001010010000011001110111010101100111110111001000010111010000101111000111001101000110000000111110
001111011011010100001000010111011011111111100001011110000000000110100101001100011111100101010011
100001100101010010001101001100001011100111011111111100101110010010100010101000001100100010100100
010111001011100010001100001001001100010110000101101110001011001011001000010011110101101001101010
100000110010101010100000001010100011000010000000010101010000100111110001111101111111011001011000
011101101100001100000100011101000111101010001111111101111001001100011110100010000010001011111110
010110011111110100010010000011100000001100100001010011000111111010110101100010111011100011011010
010011101110101010101001110100011000101001011101111011100001000001010101100100101111001111001101
000010010110111110100100110011111010001000011111000001010010010000001100100101110100101100010011
011010001000100001100100001100111001011101100111111111110011111110100101000001010000001101010010
000111100001011001101100110101110110010011011110110010110000000001111001010100000001101000001001
100000110001111100000100101001011110110010100111010010010000010011110100110100111001110100010000
110101111111000011111011011001101011001010111110111111111010001010000100110001111110111000101101
110100110111001110011110101000000110111010110010101111100101011100101110011100011111110111000011
100010100110001001001110010000111110100000000110010110010100011011011101001101101110111100001100
001111010010001111010111101101111101110001010110100001110011011111100011101100100110001010111000
010011111111110001100111011110110010001100110001111011111000100110011100010100110001000111101100
110110101111101111101111010010000110010001100111001111100111011110000101100101010000010111111010
100101100000011001110100111101000000011110110001001111000011100100001011011101011110001011100101
111011110100011010000111101000101100011001110100111100111000101000011110011110001101100010111010
101010000101001111101011001101011100111010110100111111110000000111001010111101101010011100101000
010110000010011000101011000000010101011101011111001100110000000101000100000001001110010001011101
011110000100000000010110110101001111100000001001011001001000100101011011101000011011001010001010
100111110100110110001011111011111011110110011001010010100101000001110010010111111111011010110000
000111110111001000110110111100001100111010010011111011111101010101110100000110101110011111011010
001000000100000010011111000011010111101011110000100000001111010110101111000001110111100101000100
000001110100101010100110010111011001110010011011010100101100101100100101010110110000110111100100
001001000001111001000101001100111110010100111000010110011011011111010101101001010110110010101010
010010111101101000010011001001001001110010000010000111010000111001101010101110001111011000100010
010110110110111010001101101110101101011110111110010100001001101010001010110010011101011011001011
011111110000100001101001100000001010011111100101001111111010010010101110001101011101111100110110
000011101110000110000100100111001100110100011001101111110000011100001100010000000010100011110010
001100000010100000110001010111110101100001110110011111101010101101111001110110111111111010110100
010110001001000110001010000110111010011001010101001111001101010110001001000011011011011111001110
001110110111000100100001000101000010011100110100011111011101011011000100011001101001000100101010
101011111000111000000101110100110101000110110001101101001101000111001100010010111001111000101000
111000000010010000010001110000110110110111000010110000111110101101010110110110111011000100001111
101110000101110100100010000001000000111101100101100100011000011001101111001111001001100100111011
000111011000100110010001110000110010111100101001111010001100111111010100011001010010000010010100
000100011000110001010000011100100110001001111101011011100110111111000111111101011011000010100011
110100001001010100101111000001010100100000101001110101110101111011100011111001011010110011011100
110001000010010010110111011001101110110000001001000011010100110000111111001111111101111101100101
010000001101000001010100010100010010011000111100111101111101100110110011101010010000111000011111
100010011111100001011101100110011001101000101010110010100101001000000100100000110010000101011001
011000001000010111010110010010001000100000101100011011101010011111111101011001100111111101101000
000000111000001011011010010001010011001011010100111110100010011110101000011101000011110110010010
000000100001000010110000111010010001111111100100010011010010010000111011000011110001101100000111
010111010000101111100011100101011011111110111101110110001111111111001110001001001001110111011111
111110101001001101011111100001011101000100011011001001011011110111001000011101000001011111100110
100000111100101010110111001010111110100110000110110101010101111111001010100110101011000011101110
010101101001011000000101000100011110011101001010000001010110011001011011110100011000111110111011
011000000000011001110111010101010011011111110011000100010101110001100000100011100001010100111010
011011011101111110011111100010100101000000100101011000010011110011011011001010000010011110100011
101111011010100101011110000011011010111011011010011101100110010001111110010011100100011001001100
000001001111100110111101011010110110111011011000111000010010111001001101011001000001111010000001
011100000010011110011001100010001101001101010000000100001111101001111000010111111110100101100000
101111010001001011010100110101001000111000011011111110011001100110101100010010111001000101110111
001111101011000010000100100101100111000010001010110101010001011111000001110110011010010011010011
101110100011011010001010100001000110110110111000100001101000101011010111111000001110100111000100
111111101101110010111110001011001110001011011001000001000011010110101011000110111110001101101101
000011000111110111110110011010111001011001101001011101000011111110001010011100001101100010101010
100011110101100010010111100011100100001111001101010100001110001101100110101000001111111010111000
010100100111100100110001001011100011000101101100100101010111011110100000101110100011110110011000
100100011011100110010011011101100000111001011001010111000110001111101001110011010010010100100010
110000011011110101100100010011101111000101010110100010010101011011010010010110001000000010100001
010101110110010101011111100011011000111101000111011001010010111000111101010000111110111000110010
000010111010001100111111010110001011001101001010001100100101011011111000001010101011101000010111
101110010111100000101011000100011011001011100101110001101001101000000011011001100001100010101011
011000101000111001000100011010111011110110100010101000111000000111100110000111000001111101010010
011011000010101111101100111100101111001010101001011001110011010110000100001001110000110111100111
011111111010010100110110011000011100111010010100010111101010100011110001111000011001000000101100
101011100101111001011100000010011101011000001001001101110100100101001010010101101000000111111000
010011011001110111111001101001010101011111101000000001111111100011000111011111100000010110010111
011001011111101010110110000111001001100000100100111100001010011000100001111011000000101111011101
011111000110001110010011101001001000011001010000101001000000110110000001101110100101100010010111
110110010011101100101001110110010101110110010111100101001100110011011011010010001001111010100010
000001010001011000010101011110000011100111111000111100100111110010101111100000000111010000101011
010101010111111101101100100101011010011011011111000011111101001110011010001100011110110101001010
010001100011010000101111110000000110011110010000010010000100001001000110001100010000011111111101
110000111101111100100001011010101110000100101110001111111010001001101000111110101100010100101001
000001000110000001001101110101000011100001010101110001001100001000001111101101111110011101011011
101110101101011000010011011101011000101011010100101111111110001011011011100110111101110000100010
010110001011100010110110011101101010100001111001001001101000000101101110100011010001100101011110
001010100001100101100011110000011101101111110100110000110100100111110110110011010010110110101001
011101110001110010010100110001111101011010110111101001111010101001100111010111111100110010111110
000101111110011000010011011100100110100101001110110110100001010010100111100101101011010000011110
000100000100010000010010010010100010000100010000101101110100001100001011100100010000000001000011
011000100101000101000111100000001100000111011110100001010010111010010101111111100001101101001001
101111100101001100110011101101110100110001100100010111000000000100010011010111000011000111110111
001111001101101001000010101000110010111011101110100111010100010110011010111000011111111111001011
010111011000110001101010101011100110100111001101110111111010110001001011111000111011111110011101
010011001111001100111111100101011000101001001000010011010110000101101100111110001110110001101100
011011011110001010111011110111000001001000100100011100111011110010001111000101010000110100110001
110111011101001010101001010101010111101110001101011101101110000110110011100000011100111001101001
000000001100011010011111011101101001010101101000000001010001001100010001011101100011111010001001
000010000000110101111011010110011011101100111000100110111010101100000001000111110001100110001010
001110010010100101111000110100111001000000101110001001001011110000111011000000110011111001010110
111001010011110010110100000100100111010110001011000111001101100010011000100101101000010100011000
100100001111100110010111101101011110010001110110011110010000010001000110000111001110110000101110
001100110111011111111110011000000100110111110100011011110100100001000100110001010001110001010000
011010011111000100110110011000110010011110100000111010100000101011100100011001010010000101100011
101001010010100010100001010000100111010001111000011101000000010000001111101010101010111011111101
010010010000011011111000111001000001011011101101010000100100111100111011110111101000011111101010
000011000011010010101101010001111010001101111001001001011110111111101001010011100110100010100111
110010100001011100011110110010000011010100011110101110010011000010010000011010101000111100010011
110011101000101011000001000110100011010100010110001101101111000001010100001010000110100111001110
110100000010100100101110011000010001001001100000111100101001000011111000100100010100110110010100
111000110011001110111000000110101001010101010011110001111010010110001101011000111101101011001101
010111011011011110011000010000100000001100001010111000010101000111001001110110000001100010011110
100010101101000011111110011001011110110011111000010010100001011101000110100000111001000101010001
011111111111010101001101000111111011101010111011110101110101011011010110000001001000111000100010
101001100100011000111101111000011011010001110000100111110011101001111011010010000101010000011100
100101001101000010110010111001000100110101110100010100110111110000101100111100010001111000101000
001001011111100011001111001110111010100111101000111000110100100010000100101001011001110011100111
111100110001011110101000010000111000110001111000101001111000111101000110010111011011001010001000
001011011101000101010110000001001110111111011011011111100110001010101011101111100001000110001110
110000011010110101011110110000100100111011110001000010111001001000000111111110110101101001100111
111011100001011111010101101011110001010001011011101001101110100011100100101001001101000011000001
001010000011001010010001011100010001110010111000110110100110010100001011110111011111010110101001
111000000011010110011101010111101100110100010011001010010100101101001010000111010110010110110011
101011100110100101000111111101110001101110100010100001101010001101111000011110001100001110101001
110110100011100111101010000000001011000001111100001011111011100100010101011010111000000010010011
010100000000111011001011000111001101100100000100100100000011000111100111101011011010100110001010
000011001001110111010011010111111000011111001101100101000000101111011001111010101110000000101110
101101010000011110010010010110111100001101111010101101100000001101000001001001010010001000011111
101000000000100111011011100011111001100011101101110010101101101101101110111110010001111000101001
100111110010010111100101111001011010011011111010101000100110101011111011101011110101001011001100
010111100101101001001110111011101010100110001100101011100110100111100101101000000100011011011000
000110001010001010001011100100010111000110101001101011100001110110111000110011001001010101011011
010101100110110101010010111100111111111100101010100000100011100001110011101111111010011001001001
110011110100000111000010010101111111001101101011110100111001111000010110101100100111111111001110
100001010010111011010110101001110001011100110111100101001001110111111000100100110111100011010111
010001111100101110111000110110000010001110100111110101101010101101100011000010100010101110001111
010111110011000111011001000001000101011000010111011100011011110001000011111010000011000100110111
011011100011100101110110100011111000001111101111111100000000011000111000000111000011000000111110
001000101000011000101010000011100110100101011010010001101100101100000101110110010101010111111010
010000111100100000100001011000001010000000010011110000000000001111100101101111001100001101110000
001100011001001110011001110100011100000000101111010100010010011001001011001110101111110110000110
010110110010011000101100011010011101110010011001110001111101101111010001011011010111000011101000
100101001100101110010101101010010101100001101101111011110001100011100111011001001101010111111100
010101111110011101000101101001000100100011111001100111101001000111110111111110100111101101110111
010110010100110010100111010101010111101101101010000101001100111111100011000101001001010000111000
101000010011111100001001100011110101011010001101100001000101101001101011110001101000101010100000
011111110111110111001010110101110010100000000010110011011001111110101000110000100110101000010010
010110000100111000001111100111101011000111110101101011000010010000110110001010110010100000011010
000011011110100010110111110000000011110000011110000111011110001101011011111110111110011111101000
101110100110010101011000001110011111110111010110011111001010000100110111101100111100111110000101
010001100100111110011110011100001110001100010111111110110101110001011111011101100011110110000110
111101100111101001011000000101001001000001010110110101000011111001011010010001000101010101101000
010011000010101100111011110100011010010110011110001110101111011101001111001101010000001111101110
001001111000101011010101010000000001101101111001010010000100001111101111010000011000110000000110
100101110000011111011000100101011011100111000101001010011100101110111001010001011001100100001110
011010100000110110001011101110100000000001111000100110111010001110110110001110011110110111000000
001110000100100011000101001000111011101011110011011011101110001100110110011111110110001000111111
010011000110000110101101000001011000110001001001010110100011111000101001100011101101001110010000
111001110010011000001100110100110111110000000011000001010010001111101011001111001111000101101111
100011010001010010011000100100011111010111111111100100010011001111100010111111001011000000001111
001011001000010011100100000111011001010100101110011101010000101001101101010110111111111011101101
101111111100100000001010101110101010111111001100110100111100001010001100101111111010100100010011
000000010100001110110110000111001100010111000100111001110110000111010011111110110100100010000101
100010001101111110101101111100010001010111110011100011010010000111011111001000011010001011101100
000001111011111111100111011100111001111101001111111001101100001100010110100100101001101100111011
001101000000001111101001111000110111000010011010011001111011110010010101010111101100110110001110
111001101110001110011010110101011101001010110100000101000001010010000101010101111110100011110011
001101001111010110100010110001101001011001011111100110011101010010010001001111100001010001001110
000010111111000110100111010010010001101110101011011011000011001001111111001110101110001101101001
110001100001001100100110100100111100101110001011001011100001011010101001011101001001101111010010
011001111010101101111011100100000100101101110110110010000000111111111001010001010010011000100111
011001100110111000100110110100011100001000011100111000010101111110110011010110101011101101011100
100111100000101101000000110110111101011010010011001000111000011011000001011111001001111001110111
000101111011111101000010100111100111001110000001001001001010100101111101101111100100001101010001
000111000011111000101100001000010100000100110010110011010101100011100001010101100001101001011101
001010100101010010110011010111100011001011101000011010101000001101001011101011010101110001111101
101010001100101111110111011001010110101100111011001000010111100001001100011001100101100111001110
110010010101001010010101010010000000110010110101001101100010100100101000011110000110110011000010
110011000101100011111100100000111001001111000011111000010100010000100110110011000011111010000101
111011001011111001011100110000111101011000011011011011000111101011110101110011000111001100001100
100011000110111000000001000011000001101011010101110000011000100010010011110100010101110111100111
001110001000100110111010110010100100101000101101000010110100000001111110110100111001110010101010
101000010110101000100100111001010101010101000010000000101111100010100000010010100110100001111101
000101100001000000111111010110010001101000101010001101001100001001011111000001111101101110111010
101100001000011100011111011010101100110010010101100110111101110100111100110001100101001110111111
010110010100000001001111111011110101010110001011010100000110011100011101101110011110110010111110
110000010110110101110101011000000011101001011000110100011011111001111111010000100011011111010110
000000111000100100001010000100111010110111111101111011011011001011100110110001111010110100100110
101110001100001101110010010010000110101000110110110101010110001000001011100010001101110000011100
111110000001111110010101111100101000110001110010001101001110100011101011000010011001110011110101
100001001011110110011101101000001000110111010111110100010110001111111111101011100101101010011000
111111100100111110111101010111010001001001101010001101110101011010000110001110111000111110100011
010000010100001001000001100111100010111110101010000010101101110101011110110001110101101110111001
000100101000100110101000001011111001101000011110010111001110100101100001010110110101010000011001
010111110000000100111110010101100010000010110100110111110001100110111100110010101100101001001111
101111000111111101000101011001100111100110101000000000101100001001010010111110010010000101000001
010110111010011011110001110011001000111101001100110011110000110111001100100001000000000000001101
100111101101111001001101111110111101110110010111111111110001011100000010100000110011011111100001
000001110111010001111110101100111001111011000111110110000100111111100101011111101001010011010011
000110111010011000110011000010010010100111100010100111111001011000101000101010000000011100001111
110110101010000110010111011000001001111110000010001110100000111010111010001111110100111110001101
010110000011111010000001110010110000101100000010111010101101100101111010010011011110000001110110
000110000111110000010101010111010001110110000010001110000111011000011110010111011111010001111100
111110111111001000111001000110010001001110110000001110001010000011011100011011110100101111001000
101000000111100100101100010101111011011111110010001001010100101001001010011101100010111111011010
110010100110111011011111000100001111001001100000110001110111000011001010010101011111110001110010
010110011001110100101001001001101001111001110101011100111001010101010111101000101011001110001011
101100010010010100100010000000001011110000010110000110010101010110111001111001000101000100100000
101110001010101010010011101100011010111000101011101101000001001110010110001101001001100110011110
001010000011011011001001000101101000001100100100000010000011110011111010011110111111111000100010
011000011101011111101100110101011100010011000110000001000100101000110000001101010011101001110100
010100000101111011101001110110010011101001010110011111010111101100110100000011001100000111100101
100011101010101001001100100111001100110000100101111111110001001111001011110111000110111010001001
100101010110100000110001110010011110000011110010100001101011101101000100101010011111010001101010
011000010011100111011101100011110000010010101100101010001001110010000011100100011011011011111100
010000101100000101100001110100000110100111101110010110000011101000101011001001110001111110100011
100011000000111111000000000010111001100000110111001001101110000101110111100011101100010111101000
101010101111110111011001001101100100100101100101011000111000111110010011010010100001111011111001
101110111100011011111100111101100010011111101100100101110010011001010001001110110100011001111011
001111111000011101101110001100011011001111011100101000010001011001011000001100001111000110100100
101001111111110111000010000111111101111111001100010000010010001010011111010110000111010101100111
010000000000100011001101001100010101000111111100101011010000111101010000010100000111100100111010
011011100000010011000000001011001110110011100010111001101010000001000010101110011100111001010101
110111001000000100011001000111111100101011000111011110111111000010000110000101000000101010010110
101100010000000001100111111011010011010011000111110110000001100000001100111010100101110111000101
101001100011110010000111000100011110011011010111000000110110111000011110110000100011101100011010
100010111100000111011010000001000111000011111111111110111000011001111000010010100111110001101100
000111001101101111111000000000001001011001110100000101001001010111011110101010100000101111101010
001011110110100110010000011100000110111101011010110111011101101011010110111100011110001111011010
011111000100111110001111111111001000101001110110110000000101101011001101110101100001000001110010
001111100101111001101100010111101101110001010100011101000110111101110100010011011101101011001000
111111001111110000100111011000101001100010000000011100011100101001001011010010100100100011101011
101001010110101010011010100101001000110100001000101001001000010100010000110001110110000110101010
110001100011111001100100111111101111100101100010000001100110100000001100011110100000001000011101
011100111111000010110000100101100101001110010110110010110011111001011010100011101110011010011101
011001000011000000110000111101000001011010110010010000111111011000111000100010110001011011010010
100010110100111111100011000010000010111100001100010001110001001001011010010101010111100000000010
000000010010110110011011100000110011001111111010111101000101100101110001000011000010111100111001
100100000000000100110111010110101100101110111100100110000100110010101000110100010100011101001001
110001110001011100010010101001101011000101110000000000011111001111110100011001001110011111000000
000100101000000010101110011001010110001001100100101111100001011011111101111011111100001000000011
100010011011110001101000100100000000111001110100111010000100111011010010101011011101011101111110
000000010000011001110110001011000101100111101010011001001010001001000100101110111111001001000000
010100011111011011110000011111110010011011111001101000101000101001000001111111010000100010000101
100010101001001101010011100100000011010100111111011011101101110110011111101010000101100110011100
110110100100001100011001001101110101010000110111100010000001000001111100011100110010100111010001
001011000111001111011011001010101110010110100000011110011011111001111111111001110111100001000010
110111100010000100101001000011111010111001100100001111100110001001000110110011010100101110000101
110110111100001010111001010111011110111010000100100001011111001010011111111100111101010011001111
110111110000001001010011110000100110010111011101001011001110001011001000000000011100000000001011
101100101111111101011011110110001101000110010101111110011010010001100110100101100010000000011111
001101010011010011110010111101011010001011011110100111011010110000011110000010010001110111001100
010000110111010000011001100010101011010100111101001000001101000111010010101001110001100100001111
011000110111010101011010100010110010001110000111010011110001011010111101000110000001011101111000
000111111011010110000000100001110100100101011111011111011111001000010101100000001100000000110011
000101110110010110101011010010111011100010101011111000000011110001001001000011110100010110001000
111100111101110011110010111101000111001010101100000100011010010000101010100111111001010001100000
110011101111100101111010011110011010110111010000110110100110100010001010010011010001000001100111
111101101111000001101101111110000010001100010110001111001101110010111110100011100011000101111001
011110110111000011100000010110010011100010110101011100110110110110001111100111100011111010110101
100111110110001101101010100101000110110100001100011111001001101100100000110011010101010111001110
110101000110001010110011010011010111101110010001000100000101001010011010001110111001011100011100
011000111100000100111011111001101110101100110101101101010001001001110111001001000011010001011000
110001101011100011100011000110001100000110100111011010110110100011110100000000000111100001001000
011011100011000101001001101111011101100101000011011111101100001110110011100001110000111010111110
101000100001000000100111100110011100010101011000011101100111011110101000001110011000001001101001
111001001011000100111000100101011111110101111000101011101111010100101011011110111011011100111101
011111100101010100101000011100111111000100001110001100100110010011001010110110100110001001010001
111101011000110110000010111010000001100101110101001000011001000001111000101000011100011101100100
110011010110000100110101010001001101111000011010000100111000001010111111110111011001001101001000
101110011011111110100110011100110100010011010110011000011010011101010101100000010100111000010101
101010100010110000010110100111101011100001001011001000110101010111001001010101001000100110100100
000001110011101011000010110101011011000000111110000101011001100010110001111010001101101000001001
111001011101001010110110100111011111111010000111110100110110010111001010100011111010010000110010
000001001000010101101000000011110010101001000111011010001111111011001010000100011001001101001001
100001001101101110000010010100100101111001000101001000010110111001011000111111010011100110111001
011110101111110110000001001011111001000101001001111100011110010001101100000101110111011110001001
010000111111100100111111001101101110000111110100010010010100011001100000011001010000101110011001
000000110100001100011001111111010011001100111100010001111001011111101011011100001000010111011011
110001001100110001010000101100000100110100010110111110011000101010001011011101011100011101011101
100001110110100000101101111110110000110000110110110000110110001111001110101110011011110000111011
101000010000100001010011110100110011110111001000101110111010101100100111010000111000011010001011
110101100001000110101000111111001011101000111101100010111010011111110110101001101101010110011011
111110110110100011100000011101110000001010111101100010111110111000101101110010110101010110000110
010000000110101101001000110110001010110110000001110010001110001110010101100111111001101010001100
110111010000001000010000000110101111100000111011101110001101100011111100001011110111111111111110
111001000000100101011000101101011101011010000001110000000010001001000000010110111100111010100010
100001111010001001100000110010001010010110110111100101101101011101110110101111111111100011010001
000111110001111001000101110110111111011100111010011011111000011110100111100001011101001001001110
001111100000111111010010001001000100010010011110101100011010111011111000101010100100001000100010
011100111100110110000010100000011110010100011101110001011111110100000001100010111011000001110111
010010011100110101111001001010100111001000110000110110001000000010100100001011011000111010110010
011000110000011010011010000001110101001101111110110110011001100000011011101110100000100111111110
011110010011001101111011110110101000101100111111000010100111101000000100100001001101110101110000
010000110011101111100001110000110010011111100100000101100000100110110011110010111101000100100110
000100010110101110101010101111010111011010111011011101100000100111000011010110010101100000101101
100111100100011110100001001011110101010110001110100001101101010100111100100111100001111011110101
011111111101110000111011101011011010100100101010110010100000100110111011110111111110101010110101
001101010101001000100100110001001101010100110110001111110001100111010111010100111110101001101000
110000011001000000100010100101100000100001100101100101111101001000000111010101010011010010110101
000010001001001011000100101011101111000000100111001010010011000111010011000001111011011001110010
001001000101010001001101101011101001110100001100000000010000000110100101001110011110000111010011
010010110001101100111010000000111000000111111101010111011000001111000001111110101110101010001001
011101011011000100001010100110101111100100010011001011001101111100101001111110111101001010100001
010010100100101011011100001100011110111101100110010100111101011110111100101110100110011110011111
000001000101000000100101011110101110101011000010000010010101001110110000110010000010000001000101
110100011001010100101001110111101101000111101011101010010101101101000110000001010011000000101101
011100000010101100011010001101001001000000011011110110000110000011101110011111101001101010001010
000001001100101100000000111110100110100111101011110001001100101001001111100111100010111100111111
101111001011000011110100100000111111100011111001101110101111001001111110011010110101110111001000
001011110010111110001001101110010101101010100000010100000101011000010001101110000011111100011111
101100111111110001110101111110101111010010101111110110001100110000000101000000100101000010110010
011001010110001000110000100001110010010011111100101100100011000111100100011110001101000010000000
100110011111010010001001110101100010101110101011101101100010000101101011101001100000011000010100
111011111000000001101001000011100010000110101000111011011100011001001110000100110110001100111100
111110100111000001000100011010101001111110001110010000001010100000000011000011011010000111001111
011000100100100100000101101011110110101000111100000111001010111000001011000000110100101100000101
100000110111110100101100011010010100000000101100100111010101111010111111011001001110101111110101
101110110010111100111111111101010010000000101001010101111001000001011110010110011101101100011011
100000011001000100101111011011011100010010011110110011001000000001011101110001110010010011011011
111111011001100011001111010000000100001010001001011011010101010011100000110000100110110101110111
101010000010110000101101010110111100011010100110101010110100000100100100010011001100000011110011
110100101001000110000000111111101010110100101001011001011110111010110001100110010000111010000011
110010011110100111110011100000010011011111111011101011000110101001010000110011000110110010110011
101110001001001010101111010000111110100111010100111101011011000010100111101001011100010100101111
001011110100010101111011010101101101011100010111111101100001001011011110010010101011010011001000
101010011010110111101101000100110000101011100111011010010111101011100100101110100100100010111110
011011000000010100110111000100001101000001110111001010000001011110100100000111110011011001111011
001101110010111111100111111111110100011100100001111011010101000111000000100101000111000011010101
110111100100101100100111110101001001100000001010110100100000001000011011001111011100110000100111
011000011011000010100011111110001111011010110011101010110111010101110111001111111101010100100100
010100000101110111010000110010100011101111101110100101001000110000100101110110110001001010010011
001010101111111101110110010001010010011011111011100010001000101101010011111101111010000000101100
010110000110110010111111110010110001011011011111010011011011101111100001110011111011100000101110
001011101111101000100101110011100000001010001011110001010001100101110001011010101101001001110000
100000110001010000111100100001010100101000100110001010010101001011010010000110011100000010100010
110100100001101110000111110111111010111011011000100010010011110100011100000010101101010101001010
001101100000011110011011100110011100000011010011001111110001001010001011100110101111010011011111
111001001001011111101110100101101101000001011111100101101111001110111110110101101010111111010110
101000111110100000010101010110110100100010000011010110100111101100011001010000001010100111000001
111101111001010011011000100001011110010111000111101010110001111111101000000011100100010010000001
101101010111101101001110110110101101001101011111011001010010010001000011001010000110000001110101
110011111000110011001001011111000111101001001000010000111000101100110111101010111100011111010000
111011011011010110010010000111010001001100000111111011110001100101010010110101110111111110000001
100001110010010100101001101100101001100000101111011011001001110000100000001010001001010100110010
000010000011100111111010011110101011101111011110011111001100100010101101100000101111010000011101
110100011100001001010100101011100111001000110000001000111110110111101101001100110011111000101011
111101110001010001010110001000001011001011111101110010101101101010100000100110100001010011011011
100101110110010001000100001000001110110111001010111001101001110001110000011011000100101011010000
110000111011010001011111100000011000011000100101011010111110000001111000100010011101110010010001
010001011110110000000010001100100001100101010111010010010011000101101100101110111101011100101011
010101111110111110110010011100011110001111000010000000100111001001110100010001011100111000010000
010110011110110001011011000110000111110100100101100101010110101111000010011001101011001100110100
001010110101010010110110001100011010011101011101000000101010000100011100010101000011100111110110
010001001001111010110101011001000111000100010101011001000111010001011010001001000000000110100010
000111101101101111111011100010000110110110011011100011001001011111100110001110100101111001011110
000011111101011010010100101111110010001101001010000001000000101100111100111110111010010100101110
110110000001110011010110111010000010100001100111011010100001111111100010010110001100100011011011
101011101110000101110110100100110001110101101101011101111010000011110111101010110001000000101111
101000110101110001110011000000000110000001011100101101101011010000100010011100011011001100001111
001000100011000101111001011001111001101001001101011000011110100110011010111110001101010001010110
110011111101101101001011010100010100001110010011001010100101101101101000011000110111100100010000
110001010010101001101101010001110110101110011101111110001110011101110101011101100110001100001010
011001101110111010010010111010100010100111000010010010001101101111111110100010011011111100010001
000100101000110011010100000001111110000101010111100111001110111010000001100101100001000100010100
100111100111110000110110001010000000100100111110001111010010001010110110101100011001001001101101
011111100011001010011110001010010001100100011100111111110001001111111100000110111111101000000011
110001111010011010101101011000110000111111010011001110001000100111111001111000011000100101001101
111010101000000011101001000110000101100001000110101100010010001101110111011001110000101101010010
100010010111111111011100000100000001100011001001000011101100110001101011111010110101010100001010
010011111101100100011110001001010101111110100011111111101001010010110100010100101111101010101111
100001001001000011110101110100010000100101001010110000000011101000100000101011011001010100100001
011001110101101110110010101100100101111100001110101001010101101110100101011001101000110101011001
010001100101011111001101100010110011101011000001110010001001110001011100010000000001001100100010
111001011010010011111110111100010011011100010100000111011111100011110001111001000010011010000110
110110101101001100011011010001100101111010110001100010001111111011111101100111001101010111011100
000000011000101001101010001000110101101111101001010011100001110000111111111010001000001110110011
101011111101011110111010011010001010110110000100111011011000101101111011111001110000011111011000
001100011100101011101001111011101110000010000101010010101001001010100101000100000010010101011001
110111111011100100011110100000111111111110011000101100010011111111000000001011001111011111100100
101001000111100011111110001100100110110101010010101011111110111100110100001011100101110001000100
110110010010100001110001111111010101100010000001001011100110111001001000011011101111111111101101
110100100101100101011101110110111010011101110011101110101101000101101110101100000000000010111110
110110010101111000010110000101110010101001101011001010001010110101011100101001110011001110110101
001011111000000100000001010100100101100010100110100100100100011100111000001001000100100100111101
010101100101000110111011100101111110101110110110110101010110011110001100110111010110111010011100
011001100110111010100010001100010111010011010010011010111000100000011001100010100110111001011010
001110100111001100001011011011110100101001111101110000001001111100111110101100010110001100011001
010010011100100001001011111110100110111111110010010001100000001111001000000000000111110011110101
101010010011000011110111110100010000001000000000010101111001110101100011110011010101000000111010
101001001001010101001000011101101100001110011101111001110011011101000010010111100001000100111111
011011001001110001111010100110000000011010001000101001101110101111000011011101011110100111110010
101100101101101110011010000011100000110100101000011100011010001111100111001011100001001111110110
001110111110100100011010101000100000110100001101010010000110000111111001000010101101101000000011
001100111000100011101111011010001011111001001101001010110111101011011011000011010110110101010000
101110100001111001100010110111111010010111010000101000101101001110001101101100011001000110000111
100110111110111011110001011001000011101001000101100001111000011010110011000011001110100100000100
000100111100111000101111110000000101111001111010111010101101000011110100010110010110100100101011
001000001001111011010101010000101110101101111010001010101101101111101110010100101011001010100000
010110100101010010010100010100011000100001001101011101110010111010111101011110101100010010101101
110000110010100010110111101001101010101111111110101100101010010111010011000011000011111100000110
110111101100111011001001011110100010101011011000000000000011101010011100111101001001110011101101
101011101110000010001000101001110111001101110101100100011010011011011100000001001000010101011010
101010101100010010001000110111010101011000110011110001010101101011010001000000010010100000001000
001010000110100110110001001011000011100011110100000100110101001001011001101001001100011101000100
010011100100111111010000000001010111000100110001010110100110011010010000111001110101110001001011
011111111011110111011100010011110110010011111100101001000000101000100000101011101000001010011110
011010111011010000110100100110010101111010001100100110101110001100000010001011001001110001001010
111111001000101010100110110000101011100111110001110000010111110010010000110010101111010011001101
101000000110001001101000010101011110100000001001101110000111101011000110101001100001010100011101
