100101001000110011110101010010110011001101111000010111101001111100000010000110100101110100111010
001101110111110010101011000000000101010011110001100011100100111100000100011111101011011000001101
001101100001001101010000011000110100111011110011001010000110010001100110011100111001000010010101
110000000111010000110111000111110010001000101110001111100001101101011001111101110100100111011101
110010111100010001010001011011100001110001000011010101010001011011001000110111100101101110001111
101110100100110100110110011111000010101110010101101111000000110000101001101100111011101011010011
100000101010010010011001011100000111001111001000100100110011010010000010000010001111000110110010
001110101000100011011011101111010110011110110100011101111111001011100101001001001111001010100010
100101100010010000110011010100101010111010110010011000011011011100011010100101111000001111110011
010101111111101000101010100011010011110001111111000000000110101011101010010001010000010110001110
101011110011111010011010101110010111011001011111100101101001000101001101010110101101101000000011
111101011101101101111101111100000100100110101000101110011100100111101111111011100111000111110000
101100010001000000011110110001100110100110000110110100100011000110111001100100001000110010010111
111001011111000011010001110110000110011010101010101000010010011001101000000000010111000100001101
101001000000110011001111001110111001011110111100001001100111111100011101000001000001111010011111
000110100010001111010011100011100011010111001101011111100101110000000011000100011001011010011111
011000100101010111101000111100110011010100110101101101011111001011110101100011111011011100111000
110110110011110000000110110100011111100111110100110110001100100100110101100011000111110101000110
010010011001001101110011100110101000111110111111101010110111000011000110110000111110000100100000
100000110001001010111110110010111001101111100001001011101100111011111111011011000101111001000001
000100011010110000011110100110000011110100111100000010101011001101011110001100110001001110111100
011000111110001000101100100100000111100011101000010000000000101101110011101110010001010101001000
000001000110100110010001010000000001100001101001010001101100001010000111011010101010000001000010
111110010111111010010011100110110001111101100001001101011100110000100100101010100110010010010110
101001011110010100100110010010000001001000111110110110111111111101000000111001001101011000111001
010011011101100101001010111011100100000001000110110011101111000110011011111100100001010001001011
001101010011110100100101110001110100101001001001111011111010000000001111000110011111011011010110
101001110101111110100000111011001101111100001101110101111101000001110101000010010000010001110110
101001001110001110000001101001000010001110001111110110011010000110100010011011000101101110100001
111000001010010010110010100110101000110000100111011101000000100010100000001001110001001010011111
000111001011010011100010101010100110101001010100110001010010010110000010101010111100111110000100
101110010011110111101001101110111011001001100101100000100001111111100111001011011110001100001001
100101010101010000001001100110100000100011101000100011001101111011010001100000101000110111101000
101001001011100010110110101100101110101001110000111100110100010100011100010000110101001100011001
111001000000110000111111011101101110011110011111010010011110101011100101110111111110101001001101
101001000111010001101111100110010010111010100101110000011101001111011011011010011100000110000110
010010100111100100011101001111111001101111001101111111011111100011110110010010010011111101000010
110000011011100111110010001100111011011001000100000101010001101000111000100100010111001110011001
010101010111001110110011010001011111001000011101101001101101001011011000011000001110101011110100
100111111010011001010111101010011101100111110100010100010110011000000100000110001011110111010110
000110000010000100100111001001001000011001010110000101000000000011011101000010011101000101100010
011001110110110100011001110101101100110101000010111101111000010001011000111100100110010110110011
110001011101011111010100111100001001000001110111001000111111110010010110101111100100000101010110
110010001010101100101101100010000101000010110100011110010001100011011010101010000100100111110100
000111001010111100100110011101101000110111001011111110111110111000001000011001100111110100100001
101100101010100101001001100001101001100101001111011010111001100011011011111011100000110101110101
010101101010110000110100101000011000010111111110010001111111100010000110001100000000001100100011
111100110011110001100010001001010100010111111011001011110001101001010100111110001010101011110001
100010111011100010101011000011010011110111010101001111001001111001011101111110010001111010011011
101001110100011001010000110001101010111111011101001110110101101000011011101111101100010001111011
010100010100111100000000101100001001101111010010011100101001011110111000001101001110001100001110
011111000111101011110011000100011100011001101110001100000110010011001111111010011100100001100000
000110011001000000100101010000111100101000001011000010001010110101111100110101011011000010011110
111101011101101101111110010110010001111111110110101100110000100011101101111100110000001110001100
100110011111000110011000011101001111110000111101110111110001000111100110101010111011001100011101
011001010111100110000001010010110011000010000101101001010010010100000000011110011010110110000000
011100101101000110110111010011001110010100110011011111010100111001001001111101110110101000101000
111101001001001001010000100101010101110001101011001110100101011011011000010110110000111110110110
110000100100100010100000111100110111010010001110001010011111000010001010111000011011001001101001
110010001010101010101011110011111011001001001000010000100010001001010001101100100100000101001111
001110111010111011011111111000000101100010111010101101011100110100001000100010111011110000000110
100011001111001010011011111100101001000011010000100110001000110000001000011101000110110000100010
011011111010111100000011111011100000100101001010100111001101111110001011101111011111101101110100
101110000110100000110010110100010010011110010011100101101000001010101010011111110111000100010010
011100111000000010001100110011100100111000000011010010101110111101001101000011100111101010000001
100100100001000001110010100001100111111111111011101001111111011101111110110110011100111110110010
111001100111000010001110010000011100011111010101111000110001001011111110000110101000001011110010
001010101001111101110111110000011000111101001101010101101011001010101011101010010110011110010100
011101011000010001010000011100110011110010001000001111101001111101101111001110010010111010100000
110100111001100001001000110010000011000010011110001110010000000010011000101100111100010101110011
000000101011100011101011110110110100101101000111011101011011001001111101011100111101111010110011
111000100110111101000100001000100001001000111010011001101001101101010111001001100111000111000111
001111101010100010010000001100110001010101011001110101101011111001010101110000010000001010001111
101110010101011011110001101111001101001101000010110101111011011010000011001011011100011100110011
000011000100111001101110001100101001111100100101101010100111101110001011100100101001101110001100
100011001010111011100000011110101001001111100100111001011011101010001101100111010110000001101101
100111001110011110111001111010100010101001101101000101011110010100111000110010010011011111001010
110010000000111101100010111101111000001011101000110011110000000110010100111011010100100001110010
010101011000111001100010101010001011001000010011110110111011101101000011011000011111000000110000
000010011110001010101101011000110011101101100101001111100010011101100101100011001011001011110001
001100000101110110100111100111010010101100001110111000000011110011010101000111100010101000110010
101110011101000011111001011010100011011001110001001010110001111000000111010011001010001100010110
001011011111010101101000110000100001000001011000001011110100110100000100010001001010111010000110
101111110011001000000110010101101110010100100000000010110101010000000000111010111101010100000010
001010011110000000011001001100111101000001100101011101110001001111100110100111001011110110010000
110100100101101110110110000101011011010101110110111010000111001100110101101000101101011011010110
001110110011001101011001000100100100001010011100001111000101000111001001000111011011011110100101
011111100001110001111111110000001010011011111001110101011101101001100000110101011111010110011101
011101010001111000110001111111011001111100011101010110110011101011000111000000011111000000001001
111111011011001010100010100000101010011011101000001010101100011100100000011010100001011100010101
110100001110110000000000001001111101110000000110101001010000100010111000001010011011001000101001
011110110100111111001010111110100110001110110001111111101110010100001111101000100111100001110100
110110100111101010100000000101010000001000001010100110110011010111001101101101100000000010110000
001011101000001001110001101100011100110110111111001011011100101100011111111001101101000101111000
101101000011011101100100010110110101100010111011110011011011100110100010100100110100011000110001
110110101110000110111000101101000011000001111011001111011101011001000000111010010101010001100000
110111101101010110000111011110101001011010101010010101000001110110100100100011010100101011111101
111111011111000110000001110111111011101111011111011001101101000010111010000110100101011111011101
010101011111110011110000010101100100011011110111000110110001111110000101010110101101011110110011
010001101111000100111111100100000010001010011111100010010010010010110101001000111010110010100010
001101010110101010110110001010000010100010001111011111100100000000111100011011000010110100111001
001010110001011000000101101010011101000011101111010110000001010010111100101000011111101001100010
010100111011101011101111110111110110111111010100110010011010010010100000011000100100110110000111
110111001001011011000100001110000101011111111110011010100011000100010011000000011110010010111011
100000001000000011101011100000111100100011010100001010000111111111101100000111011010111101011010
111010010101111110001011111010000010101011101010110010011001111110010011010110001101011111000110
110101001010011100100010100010101010011111000110100010100111111001110000010100001000000101011010
110100111000010010110000110100110111110110101000011111100001111110011111101110100000100001011000
001100100100100001111101101000011010101110010101011000100001101000011100000010000011000100110110
010110100011101000000111001001000001000101100100100001001101101111110010100010111110000000000100
101011101111110110010100010000101111110001001100111111101110001010101001011001100100011001010111
110110000001100001000001101110100101000110001111111011100011001001101101111010011001000011010011
000100011011101010101111000011001000110010010001011000010001101111001110000111111111111101100111
000001001011101000110110110011110111111001100101010111100011010110000110101111010100101010110111
000101011100100101110001011111010110111101101010000001100011111110110100110010101001100001101001
001000011101000010010011000011100101100001000000011001000110111000001010011100000111011001001100
001010111100010000101110111001100110000101011100000001101010011100010101000100001001001111010000
111000011111001000110000000100011000010101010001110001100011100100000100101100101110010011011111
110010000010101101100010010001011011111001110101011001101101000001010011110101110000100100100001
011010110110000010100001011011001100000001011001010100111010010111010110110100110000010000011001
011101111010110110001100001100110111000101010111110001001111100000011101010010011100100100101001
111101110101111110100010010101100101111111101100010011001100010101101000110100110000010000110101
111010011110001101000000001100001100101000100110101101001110110110101110001000110100000010011111
000010001101111000100110110100111110001110101010000000000100001000101000111101100100011011000101
111110000110000011010001001100100010100111111000001100001000000000111001000000111110000010100100
101000111111101001100111011000100001100010100011110010101101000101000001010010000111100111101001
111000010010110001000111000001100010111000000111011110110100101000100110011110111111010011111100
000111110011001111110001111010100101000011100110000000100001111111111101101010110101110000110010
011111001111011110101100000110010011110011010011001001110111101001101101000000110001101100111000
010001101010000001101100110101100011011000000000100100000011110001011011000011101101001000100101
101110000001100100000000011100111110010101010000000101111001011111010010011010111011000110001110
011101010110100110111000110100111101110000001001111010110110100100100001000001110111111101000110
011100101011010001000000010100111010000110110111110000100000010100001101001110110111111001101101
010101100101110010000100100000010011000111101011110101011111110111110000110011111010011001101100
001111111001011101001101110110011011000111101000010101011101110100011110101100110000111110001000
111111100001101011100000101100010001000111010101000101010010010000101100011111100101011110011110
010110011000000000111110101000101110010000000010011000110011001110011011100111011110001100111000
000101110111101110101110101000100111111111011000110110110100001101111100101000111011001000101001
101011011011001000001011001001001000101001000011001100101101001001111101011011110111001010100001
000100110011100100110001001101101010100001010100101100001001100100111001100001101111001010001110
101111000000111111001011100101010001101100000111000100100011100010111100101111111110101110010100
011010101011111000101101000000000110011110010110111011000000001000011101010100001010000100001000
101011000111010110000101011111101001110111111001000100100110101100001111101101101110001000000100
011001001101011010111110010011010000000011110111100100001110110011001101101010111000000100000101
110001111111011000011111111011100011100001110001010011000100001001100011111110100111011001110110
001100110001011110011010001001110010010101110000011011100101001110111100111000100101011101001000
000001111011101000011001011111111100000000000011101101101111111011010111000101101000011101011001
011101111100101100110011110100111111111011000110010101011110000100111100101111100000001101100110
010101001101010001100111110111001100111101110100010111100110011100001101101010100011100000101001
001110101000000101110100000001100011110111101000100000011111010011010100011101100100010110110111
010011110001110011100101011111101110000000000101000000110000100011011001010010000101110001011110
000011111000011111000001111000111011100010001010000000101000010001001111110100101100101100101000
101011101001111110110001001101111111010000000011101000011010010100101111101101101111001110100111
000111010101100010100000101110101010101101110010110001010001000100100110001000001111110010100000
101110001100011011101101011001011011101011110000001100111111001011100110011000110101110001001010
000100000111101000010010000011111101110111001000001010110110111010101011110000100100101101110111
101000000010000110101111010111111001100111110110001001001001000111100100000110000100001110101011
110111101100011010011011110110011110111001100101000111000010011011010110100110101111011100100011
101000011011000100111001100001100101011111111110111100100001110101100111100000111011011000010011
000101101101011110011010100110001000111001000001011100111011001101001000001101110101111000001001
011110110001100000010101101110101111011101000000110100110010000110001000101001100110111101010111
000100010011110010010000010100011010111011111001011010001101111110000010000000001001110000010100
010101100101110011111101101100101100011101001001111010011001010010010000111011101101011110101001
001100010111111111100011011111101111010000000100011100011111101111111101010100111001111101000010
010001110000110000111101001000000101111010110001100011100011000001110111010111010001001101110011
001101011111100010110101010011010000000101011111100000111001011011001100001000000101011111100100
011100011101110100000000010110000011010000100110110001100101101111011101110000010100110010110111
011000100110100011101001110110100010111100111110001110001001011011100100100011101110001111000110
100110101110101011000000010000010111001011011000001000111100000001111010101000110001110100001100
101000111111001001011000011010011100010010010010110111001001110010001010011100100000000110110010
110001101001010110111010000011101110001111111100000000110010100111010000001011010000001101100010
101101011000111001011101010000100000001101001111100000101100010000001010100010011000011010111100
001101001011000100110011100000010110101101111101011110111110010100101010111011111011110110100110
101101011101010011010001000001100000110110001110111100101001101000100000100111110111001011101010
111101100110011101000011111000110010111011011111011000010010100011100100010010101000100101110000
000100011100110000001001110011010011111010100000000100001101110000000001101011000000100010000000
100010101100100110110010101101110101001001001110000100001101111100000001011101100101111000000101
110110100100011000110001010001110100101111110000000101110111101000001011001000111101111111100101
010010011100001011111100110011001100010011111000111000100001010001111011110100010100110100010110
010111010010001111111110000101001111010101111101001111100101110101000000010011101000101000000110
100111101000010001010100001100011000010101000101011100010011101011011110001000101000110111010101
100000100011100000111001010001110000111001101000101011101111100001001110001010100110001010011000
001111101001001110110011101101111100100000100010001100111101010011110101100010001110001001110011
110110110100000110010000011111001000011001101000110100100010001110011000100010111100010010100100
001100110110100010101000100001101111110000011011111100101010011000000100011111111101010101011110
000010010001110101010000100011101100100100100101001001001110101111001100100011100011000011011110
011010110011000100011000100101010001101011011110000111101101000000101001111110001011001110100101
111001010001101001110111111110111101110110101010001101011111100000100000001101110100111110010110
101011110110100011010100000110101101100100110110111001000101000011000001110000011111110110000010
110110110100110001001000100011001011101111010011110101010000000001100111010001011110011000111110
111000101110000100111001001111000101101100001001000101011000110111001101111000010101011100101110
011100101100010000000111010100110001010110011111001011011101101001000101001110110111010001110010
010110000111100011000101010111101001100100000101110110001101010001010100111001010111100000110100
010101000010011011101011101000111010111010001011100110001110101101110110000111010000011111111101
000010001011001101001011001010010111100001001011111001111101000100001010010001010010001010100100
000100101010101100100000111101001001000101001001001010001110001100010100011011100100100011100100
011000101110010010111011000100001010010001110001101000111111001000110001011000110110011101000110
111010010011000000010001001000110110011010100011111000010000110010110000010100010011101001000011
111100000011101110111011000000001001111110011110010010000111111011110100110001001000011101000011
000100111101101001000101010101110101001011111111101000100010010010111001010110110010000010101110
001100010110101011001111100111001100000010011001110010101101001100010101000111001110000011110110
101001010000000111110110100001111000110001111000011010010111111011000000000101100010010011000001
101111100111010001100110011011010001110101101000110101111011111101011100000010111111001011000111
000100011111001001101101110001010101111011110001011110010000111000111101001000001110111100111111
011100010011110101011111011001111110000001100011011111101111011010001000101011000100010101000001
010100100110111010001010111010111001001011101010000111111100110110110111010010010101001100100111
100101101110000010111010100000011001111110011101101001101101101111111111111000011000011101100001
100011111001010101101001110110001111110100110010010010100110010001111101101111111010100010111000
110000011000010011011010011000000101100001001101001101101010010011110100100010101010110111100001
110110011010010000101111000100011001101111111001100010101001111100111110110100001100000111000101
010001011110011110110110101101110011101101001110111111010010000011010001111010110110000011001011
111110001111110011000000100110011110110000101101100110110011001110110100010000000000100000010101
000100100101110100001001000111010010001000000000111101101011000011011001011001101001111100100001
101101110100101111101001111011111011001011010001010000001011010111010111110111101011010101000000
111001100001110000001100110110010011110001000001111010110100100111101110000001010110001111000101
111100100111001011011101000011100010110001110001010100001100010101010001001011100010011001001111
110001111000000111110000101110011110100011010011101000100100011000101111101100111010000000100101
001000011101011010111110011001000011000000100100001001010011111111111010101100100010001101011010
100111111010000111000110110001000100010011111101011000000011101000000000011110001010100001110010
001000001101010000110101101000100111101011010100010100011001001101101101111110100110111110111010
010101000010011001001001111101100100101000001110111110100001010011110001011100100010101101110101
101110100001000010001100111000001100011101100101000101110101001001011010011011111101100111011000
110001010011110101110001111010000011010010011011011111011011111011100111111100101101001111100100
110101011011011101100001000101011111000010011111001000001011000000110010000100100110111100110010
110101111100100100011111110000000001001011101100010000010101100100101011101101101101011111011010
101110001101001100110111111001101011000101010101010010011110100001110001011100111111011110111000
000111011000011111111001011101010100100100000100110001001010000110100010011111011001111011010101
010000110010010101011100001110111000010110111101110010010111010110110101110010110101010010100110
100101101100101000100000110001001010001001101011111111101010011010001110000001101101100001100010
001010010111110010101111100111000110001100100100111100111100100111001010001110011000001000111110
010010101011000011101111000110011001001111101001101110010011001000011000110111101010011000110001
000010011110001010110110100010000110011101011110000011110010111000111110100111001101010011110000
101100011011101010110111110110000100001001100010010111010111001101110010100010111101111110110000
010110010010010000010101111110101100101101010110011010000000111010011110101000011010100100011100
011010110001111111001010111100001111110100011100000111101101100001111001011001111011111011011011
000010010100000011100100001011100101010000101000011111110010110111000000000000001000100011000111
110100110110100101110001010110001111000001110011110011100110001010000111111000100101000011101000
111011000100110101000010001001110101110111101001111111001100100010000100110100111101001000100010
100001100011001010101100110000111100111110011110010100010100110101110111001010010011100001000000
010011010101101010111101011110000000101011010001010110001000100101010010000000111111111111100101
001100101110000110011110001100110000110000110111110100100000000001011010010001010100010011000001
010110010101000001110100001111010111101110010000010001111000110101111000001011011111101011100110
001101000101111101000001011100011110111011111000011010010011101111010110010011110011000101110000
010010100011000000111101000001010100001101101110001001000111110001000000000110010101010000110110
111011001110101111000110101010101001000010100011011110110111000110101010010000011110111010011010
001101111011011001100010100010001101100110101110111000101111100111001110101110110010000000111100
011011111110111010011011110001111100001010110110100100101110101110000100110100111111111010011000
101101011101000010100100011000001011100100101011001010011111111010101000010110000110101110000101
010011111000100110000110001011100100100011010100001001111010110110100101011100000110101000001001
000011110110001101000011000101100110111010011010000001100111101111111111100010111011011001011011
101001000100111101010111000100001010001100101010001010111100011010010111111101010000001010111000
000111100100000001100110000000110110011000011110001010101110011001110100101101000111001011100011
111100010010001110001101010110101000000010111001001010100000110101110100011010010010001101001101
001000001001011111111101101110000101101100000100011011001010001001110111001000101000110101101101
111000010000000110000101010001011000011111001000100010000011001000100011101101110001110000101111
000110011010001110001100110111011111101101000000001010001011010101000101111000101100001001011100
110101001011100110000010000101011111010100100010000111111011111100001100011110011100101010010111
101110000001110111101000101101000110001110000100000001001111010101001000010111101000011011010101
110011010111110000011111000011101100010000000100110001100100010110001101000000100010010011010110
000000010101101011001111010110110011111100100011101001101010110010011110010011101110101010101110
111010001110101100000100011110100000110110100011010000111100001011011001101100000110000111101010
110110110110101011110000101111010011011000000100100011101000011010110001000111110000101110111001
101001101110100110111001001101101000010000111011110111010101001101110010100001101010100000010111
110010000000100110001100001101110110100010101010010111010001100001010011001111111001000110000010
110000001010000111000111101010001111110011110000010111101100000011000111011111111100011011110111
111000111110111100010101110110111100111111101110000010001111010000010001010111001111000111101111
011111001110111000011101110000000101101111110000011110110011110000001011110101111100110000001101
110001111101000111001010001100000100111110101010010101111011111100011001011101001000000111000101
001101111010010101110000111010000101001010001001010001100111110001010111110110110110110100010001
100101010001111010110101000101011110001110010100110110001100010111001000001101110110011111110111
101011000010110010011010101010111000110001011010110001111000101101011101111100001011001001011110
110001000100100111011010011001110010101010100011010000101110100110000010100001010110011010101100
001010001101011001001000111100011010011000011100001011100011111110001111001000000101111001101011
111100101011100110001101100111010100000110010010010000011101111101001010111010101010100011010111
010010011001111011101011001011110101100100011011110101011110000011000111011110001101000010011001
111110000111100100110111000000101101000110110001111001101101100101011111100111111001011111110110
011110110000010011110001111111010101010101010001110001001010011100111101010001111010111111011001
101001100000111000010010100111101010111010011111000001010001101100100000000011001110001110101011
111011001010011110011101101011101010110110010100101000011100101100100110100011000111101100000101
111111011100011011001100001101101011100010011100010010101010011100000000010001000001101001000010
101101000111001110101111100111010001100111111010001011010000000001010010110100101010111111000110
111010001010110100110110000001001010001100000101100111011010011110110101110001111111010010000011
010010011001111110011101000010110011110001001111100011011101101101001110001010111001100111000111
100000111100111001011110000000100111000010011100110110110001101110001100001100010010000101111101
001100000100111011100001101001011111010111001001101011110000011101110101100111110011100011110010
111100011010010000010110001001010101101001001111100010010101100110011001010101011000000101111001
001010101111101001000110111010001010110110011000110011101110010110111111111111011011001001111010
111110100011100110101110000011100000101011101101000000010011011011010011011011001000100111110111
001100011110011110111101101010110011000100100001011011001111100111111100000010110000101110011010
101000100110101111000001100001110011010000111011011001011010011010000011110001100101101100111111
010101001001111101010000100100101100110100111010101110000101110100101001001100100011101010100000
011010001100100100110101110111111111101001100100000100001110001010010101011011101010111111010110
110001100101001100001001010100001000011110111001101011001001111111001000001000010011111100011011
011101101111111000011101001010011110000100010010101011010100111110011011110110000010011100111001
100011111110110101011001100010110101111110011100010001000000001111011110101011001110010001000000
010010100000011000011111011101000001111010110010111011011111100000111110011100110101010100000100
001101011101001110000110101110110001001010001010110101011011010000010101100101100001010000100000
011001101001010100010011001111110101101010100000110111101001011110100001000101110011010101011001
001011000101111011011011000101000100110101001000101001011101000110100111111100011111000011110101
011101000011011100010101111101101011100110001010011011100101010011110101111110011010010001010111
000000100001100110001000000001110001101000001111111010111111101111110110100010110011111010010010
001000000001101001101100111111100110011111111111101100010010110111111110100001011001000110111010
001010100011100001011010000101011100001000001101011100100100101010110110101101001001110011010010
001001100101101010000010011110110101101001111111101100101001111010010100111111100101100000011001
010110100011011111100100110010001110100010100011101001111010000110100111011101110101100001001001
100001010010010000110111010101000100111010100011100000111011101110000000111011011011000010110111
010000011110000011101100100001001011111111000001010001101001101000100101000000010001000010101010
011000101001100110001110100010010011110001110010010111110100001001100100100110011010100000110101
100010111110111001111010111101001010000111001101100101110111110101010010010001100000011110111000
001000000110100010110100000101011000110111001011010011111110000101011101010110100000000011110100
111011001001001010010100011100100001010000000111100100101110011111110000110011010101010101111011
111000001010000010101000111000100111000001001001111111000111111000001000000111010100110110100010
011100011110000000111100011110110110011101101110000111100001100010100110111100100111101111111010
011100110100101011001000110101111100100110100101111111001100110000001010111111111111001111100110
111010010010100001100111110001101001000000101100100100011010000000000100011101110001110000100011
011001010101000011000100101101111000110011101100110010000110110100100011111111101011111001000010
010011111001011100110111100110011011001101111111001100010000110000001011111010001110011010001001
100011101110110111000110101110110000000101101111000101111101001000111001110001100111100110001101
010001100110011111110000010101110011000010101000000101011010000011001010000010010110100110000111
000011001001011011010101001000011001001100010010101111101000001011000101010001100110101100000011
010011111101110000110111001101101101101011001001001011110111100111000111010011111111000100110110
000110010111100100111101001101001001001010011010000110000100010100100000110110011101000000100001
000001011010010101100111001011000101001010010000111101010010110001000000000111001000000110000000
010111101001110111111001011100101011011011011111100101011100000100100101110110110111001111010010
100111001101111010001001100011010100000111011111011101101010110101110100010001011100001110000111
000010010010100101001110100110100111101001101101100100110011101010110100111111100001010110110110
111101100001111100011010110010101000000110101101000100000111110110001011110000100111001100101111
110011101011111100111010111011010010000000110111101101011111100000001010001001000101011101111001
000110111110000000110010100011011001100101110111101010011101001010011111001000000100011101001000
010111010011101101001111011111011110101111001110110011111101111000111111011100111001111010100001
111100111000100100100111000101101101100001100100010000001100010010010110111000100110111100110111
001100000010001111010110011111110110011011100100101111111111001000010110011100110111010110000110
011100100010010011111111100001100101000110011111111001000101100110110101110011000000000100001010
110111110101011100100011110000001111111001000000100111100101011010011010110001000111000111001000
010010001110011000001010110110111111100000000010110111010001111111010101000101100101110101101100
011101010000111000010001000011011001010000110001000101001110110001001111101100011001110101101011
101110001011010101010000001111010101110101010000100111110001110101010000101011000111001100111000
100000001010001111010010001101001111100011010100010010111001101000110000000010111000001010111111
000100110100011010100011011001001001100000100010100110101110000110000100110101000110110010101110
000001011010111010010011111001111111101000001000000111010111110110111011111001110001111110111001
111101010101000010111011101001111110100100100110001010101000101110110011000110010111011001010101
010111111001110011011010001000110010101000011000111000100111000101101100010110011001100010010111
101011110101100001111110011100000011101001110011011101001010010010100111111111100100101100010000
000111100010100100000111000100100111101010001101110101100011101001010100011101100010110101101010
010001110010000001001000110100001101000010101010100101010011000101100000111000111011011010110100
011001010101111001100000000001010111100000001001000011110010000010010010111001001101101101101010
110011010110110111111010111111111000011011000100000101111011101111011000010000010100101001001101
001000011111010010011000000001011101010001111100110110011100100010011001011011011110110000111000
001100110101110010000100111100000111010100001000100010111101000111110100110000011001111100001001
110110110001011010010011010101100011000011110100110111001101000001101001010110011100111101111010
110111110101011100101000001101010011000101011011000111110101000000000011110111001110110011010000
001100110001111010101010101011001011010111000011001011111010001011010000011010001010011111110010
111110000111010011110110111010001010011011011110111000000011101011110000101111011000110010000010
111000111010101000111100100101010011101101101010101011110000100000001011100100110111111111110001
101101110011100011110010000111001011010110011000101010101010001110101001010111001000000110011110
110011100111110011001111100001000111001111101111001100100110001000101111101000100001000010011111
100000110001010100101011011010001100101000100001001110011010111000000000000101001111111101000010
011010000010101100100101110010001111001001010110010101011000001000110110001110001100001011010111
000101100011100111011011110101110101001000010100000011010010011000101100000010110000100011000011
010110011111010110100001101000010011011000010111001011000100010101101011001001000000001110101101
101010000101110101100111111110111101110001000111101100010010000000001011100000110011010101000101
010001000111001011111000110011110100100010101011010001010011000100010101010000010000100111110011
011101011100111101011100100101001101011000001001011000011000001001110101110100000100111111001010
110100000000011111110001111011011001100101010101010101011011011101001110010011101101111100111111
011101101110101100100001001110111100011001101010001010101000111110101111100010011010111000110100
001111000100100001101011111110011010101010011010101111001100011111101000110111101110010010011010
010010001011110010001010011011000110100100111000011011100100100001110010100011100111001011011010
111101111000001100010011101011100010010011110011110011001000010000000110100010100001111000101001
010011001001100010011100101111011010101110000110101100111111000100110110011011001110111111000011
111101111010101110110111100101101000010000101100100101011111110011111000010010011100101010001000
111100000100111110001000001011110101001110000110110110010010100010110110100111000001000110101101
000000111011111011101001110011110101110110101010100100000011001111010001101100010011010101001000
011001110111010011101101111111000000011010010101011111110011101111000011001001111010000011101110
000001100100000011111111111010001000010101111111011101110011101001011001101111011011001111011010
100010000111110101101101000011100100101100011111100000111001110001011110111001010101101111101111
000111000110110100101001000110000001010011110111101110000011011111011110011011111100010000111001
110000110010001001011011110010010111011011011111110111110011111010010001001000010011010110000101
111110001111011001110011100000001100000110010101010010100111100110110001000001010001011101010100
111011111111001010110010100110101011001111100110110010101010101101101110110011000101100101000001
011001001000101100100100001011011000101001101101111100100111110100101111100000100010101100001000
100011111111100011111010111111110001100101101010011001110111111101100110001110100010001001110011
001110010111101011011010011001111001111000001001001111001011001101111010000111011111011001101110
111001001000101101011010110110000111001111100000110000000000010100110100100000101100111101100011
101000100001110000001111011011010001100010000100010010101000111000011011111100010101110111001000
010000100011011101110110001101100110111110100110010000101101111011110110111001011001100110011000
010111000011111101000000100100111101111110000010111001101010110101100000001110010100100000000000
110001111100111110011001110110010010101101010001001001000011100001100010001111100101100000110000
100101010100100110000001100010011110111101101110010011001110111100111111011101101001110000100001
000011101000000110011001001011110100111111011110100001000001100100010100100001010011000010001110
111011110001001110100100000100100001111100111101101100011100101011010111000110011110100001011001
001001100100101000010100101111110100110101010000010100111000001010000011110101101110010001010000
011000000100010001101100001000111000110100100100011000100000100101010100000110101101000001110101
000101010101011101000111100010111010000101101001000111110101011000010010000100000000001010000110
000010001111100001101000001110100000011001001001101101001100110000011001000011000011101001001110
000100110010100010110010000000100010001011100101110000001101101101001101001100001011001000100100
001111010010000001111110010010001010100101101000100011101111000010101011010110000001010101000111
010011100111001111001011011011111101100000011100000011111000001111110000110011111010011101011010
101001010001011100000110100101110100101000111010000000010010100001001100101001111111010100010011
100101001010100011001011001000111101100100000000010100010011110110000111101010010101011111011111
111011101111010011010101000011011010010011101101111100000001110111110101111010110110101100010001
010000100110011100101110111010101100011011110111000100010011000011011010001010001111100111100000
111101111110111010100110100001001110110000010001001101000110101011010111111101001011011110101000
001110111110100110101011000111111001111000101101000110100000011101110101110010111010000111000101
100011100010000011101111000001010101000011111000101101100100011001110001001010110001110010001111
100011110001101101000010100100011111010100011001001001000100101010110100111100011110101000000000
111010000011111001010110100110100100010011000000001111101100010101000101001100001110011000100110
101100100001111111100011110110010000000101010010011111101001010010111111111001100111000111100111
010110011110100011111100111101011110011011001101001110000010110110011010010011011110010101000110
011110010001011100010110000010101110100111100101100011111010001000011101000100101100010101110011
010110001100111001001010011001000001101111011000111110011111010001000100010101000000110011101001
110011001101010111001100000011110001010110110111000111011111010001100001111011101011111010110001
100011010110100010010100000000011101100011101011100010101011000011001000110010101101101011101110
111010101001100001101000110010010011000110000110011110001111110110011010011010011010011110111011
101110001110111111111011001110101100011010100010000001010110111110111011110000101111000111100100
011000101100101101111011101110111000111010011001110011110100000100111001000010011010001000110100
111000001100100100011010000100011010011010111010111110111101110101111101110001101000000010001000
111011001110010111111100001110100111111000101000111010100001100110101101001111010111100101001001
001111111101000110111001110101101000100110100111000111100100100001001100111010111011100011100101
101001101101111101010110100111100000000000000110000010001100100010100101100100000000111101100011
111000111111001001001011110010000101111110110010110100000110011110000111111111011101100000111110
001111101110100001101111110000011101110001010111101100101001010101001001011010100110111010010000
000100010100110100000000011000001010101111111010010101100111001101011110010110101010001100100100
011111110010010110101110101010100101110001011111101001101011111111000000010010110101000101011001
110010001110111000100111101010100110011101010000000110111101010001000001101101010001001011001101
100011011110100100010000011101000110100000100001110001001001100001110111010010011000110010010010
010101111001011000000111100011110011011001011011100100001111110100010110001111101110101110100101
011100010010011110010111000011001001000010000001011111000110010010101010011000010110001111111101
010011010111110001001010011000101000001001101010111110111000001110111101010011001010011111100111
001010010010100100010001010100111100101010100011110110010110111010110111101011101111000101110000
100001000111111010000101101101110001101001001100101000101110101101010110001101001011010111101000
100110001100000010110101101000000011011010000100011101111010001110010011011000101011010101010011
000101111011000110001110000000101010111111111010101101110100010100011101000001111110100110010000
100111111011111010001110111000010000010110000111110011111000111101101110010111110101000001111110
101101010110111100111011110011000001111100100000111001001010111000100000011101000101001000110001
101100101001010100111101011100001010001011001001001000101100010000110101010001100010000011110111
000111001011011110001101101111001000000000110110000011100100010111000100100011001110110001011100
110111101011101100000011010111111010000000111110000001110101100111101111011100110100111101010110
010010000111101010011010111010111000101111010010110111111100101111011000000001101110001011101011
100011110010111010111010111010100011010101101010100000111011110010000101010111111000100011110011
100000110000000111111111100010101101011100000011000100000001100101100010101010100000001000010001
100010101000011110110100101001110101000101001010101010111100101011011111100011101101000101110101
101001110001100010110001011110000010100011001111101011001001111010000000011011010111110000010100
000000000100110110100001010111111101011001101010101010110100001011011000000110111011110100101011
101011000101011010110001111100000011111000011110000010100001100100110011100100110100000010111011
111010010000101011100111110001001110011011011010011010010001100001010011100010100101001001011001
011011011010011001100100111100100011010110100100100010000010000010111100000010100111010111010111
011101101110110100000100101101100111011101100011100111100111001100110010000110111110101101011001
010111110111001011010000101011011010010100101111101011101001110101001101111001010111101111110111
001100111100110000110011000100110001010000011100000011001101101101010100111111011111110111101111
101000001010100111010011000010001011001111110001010000101101111111000001100011000000000010001110
101101000110000111000011001011111011011001000110001100010110000111101110011111000000101111000110
011001000010000111001011111000100101011000101111010110010100001001010110001101001001111010100110
011000111101010010100110100001000110010010110111111010010011001110110001001001011110010111101101
001000001101101101001010101010110101010100101011110110010101001101010011110100010000010010110110
000111001001110010110101010110000101100010100101100101011100101100110001100110011000110001000001
111010010111100110111010101001111101111010100011101011000100011100111111010101110001101110001000
000101111110011010010001101010001011110000111111111000011110110010110111000110001101111010000011
100010111010101011010110000010000010110000110111110100000011011011000110001100001100000111101101
000111100000011100110001000011101100010000001000101001010110101010101100000111100101101100111000
010000100000000110110001101101011011001000001100110000101000101000101011100100011101011100110110
100101010101101110010101000011001000011110001010101011000010111101101110111011101101100001000111
010101110100110110011010101000000011011111001101000011010010000000001011101011011110101110011111
011101010010011000110101000110100110101011001110100100110000111110011111001111001000001001000101
111111010101110101011000010101100110111011100011101110010111001011001101000010001010111110011111
110101111010000110110111010111101111010011110111011001101010011011011001001000011100011110011000
111100111100110101010101101000110110110010000000000101111011011010001100000001110110001001100100
000101001000110111111001010010011110001101001100011000011100111100111001101111010111000001010000
101000111100111011111000101111100110100110101110000110001111101111011000101100001001011110010010
100000011101111011110110111010000001111100001111100000101110000010111110110110101010000110001001
010001001100000000110011111010111000101001111001111110100100001110110100110010010011101001111000
011011101110110010100111010100110100111010001001100101011110111001111010100111101011010000111101
000011111001111101011110110110110001110100000110100101111011110010100100111000110101100010111111
001101101000010101000100110000111110000011110011110111110010001001101101011000011111011001010110
100011011101011101001010011011110001001100011111100010011011011110110101100001011111001111000101
110101001100101110000010101010100000101111101110110110000111001000001111011010111110111100011001
011111101111110110100001101111101110100110000001011100100100011010110000110010001011000110101000
010010100010111011100110100010010010001100011100110000001101010011100100101011100001100011001110
101101101001011011100000001111101101001000110101101001111001011010110000111001101011101111011000
111010011011110011000110011011111000101100011001011100101100000010101101011101001111101101111100
110000010000001000111011100110001101111100011000000000101110111001001001000111001110111111110101
100111000111100000110100001010110000011101111001011010000001111111110010011000101101100111011010
101010100100001101111000110011111010011000011101110010010001011111001000011100011000011100011100
011001010110110110110000010000010100010111000110010000101010111101100110100101001100110010101110
101010010001110000110011011111000011100100010111100110011111111001111011110100010011001001100100
101001101101110110001111010100010001101001011100010100111000111110011110111100110100011111110010
001000100111001111110111010010010000001001110000000111110001110010001001000100110111110011011001
010110011011110100000010101011000000110100011100110001111111100101111100001100010111010111010101
111111100100000011100111111010100101011111100011101001101110110000011010001100001001110011011100
001011110111001000111011101001011000101101110011110001011110001100001011100000011010000100011000
110101100001011111001001101000011111100111000111010010100010101001111110001110101100100111011100
101000000100111001100101010010000110001011010001101110110100101110110011011011111000011001100100
110011001011101101100001000001101101111001101001000011001111101101010101011100101011100011111011
011000010001010100010110111110101010001011111111110001011000000000100101001010110001101000000000
101100100101110000010100001000100111110010101001101101011011111100110100100111111001110001110111
101101010110011000000000011011111011110011110100011101010111100100000100101011101000110011100100
000000000000111001110001001110000100011100101001010001110110100101101111111011001001010001100110
001011110001011100100101010001100111010101111100100101101001111110111110100000110111101110001001
101000111010110100110111000110110101111011111111010101111001111101110101110100011001111110101000
110110100100011110000010010110110011001100010000011101111001000111010111100110100010011101101100
011000010010100101001110110100000001011010101010001000111000100010101100011011101111101011001111
001100101011101011000110111111001110101101100111111100111101000000101011001011101001111001001001
001011110000011010101011011100001101100000001110101101011111111011000101110010001000011111101100
000111010011101100110000011100000011011011011001100111100110011110101011110011101011000000101001
010001100000011111001111101000000101001000111001011000100101000100101110111000101101010101101010
001001001101101010110011000101000110001011011111000010000011001101111101110011110010001000010111
000011110110000101000100011110000000010000011011011011010010101100001000010000000010000100111000
101011010110101111010101101000111011111000000100010001011111110101001110110110001100101110110101
111111111100100101011001011101100010101101001010000000010110111101100101110000101111010101111111
001111101010111000000111011111110100111000111010000100111100011000011011101001101001001100001110
101110111010000001011110100001110010111001000011100100000000010011010101100000101111100001100110
000000010010011100101101011110101101101010100111011001111010001000001101100010101111111101010111
011111100010010111111100010100111011001001110000100111001100001001101001111110100111011100111011
010111101010001100001001011011001000000010110000110001111100011111110011000100001011000000011111
001111111010001001000000110100111100001110110101001001001101001010010000010000111111110110011010
001110111101101011101101011101010000011000010011000010001011000100011011110111111011010000001010
010100011001011001010111101010001101101011001100001001000100100111011101011111001011001011000110
010001101001100100011101100001100111101001000001111111110010111010100111110001011100000100001101
011101111011010001011011010101001100011110110011110101001000100011111100111010001101000001111110
100000100110001111100110001101011111001101110101010011101110010111110101001000110110100000010101
101101000111010101010101100101111111011010010100001110001000000010111100010000110100001001010010
111100101100000111010111010001000000000100011111001011011001001101011011110000010001001100011101
001110100010100101010011001001101110100010010111000110011010000111001110111110111101100001101110
110110111101001010111001100011010000100011011011111111001001100010000110110011111111010001100111
011111111000000010111000110000101100010000000010111110100111010111110111011111111010000010000100
110001001000000101011101111101111001110010100111000110011001001101011010010010101110100000110100
101100110001011101111010000100011101100100011110010010110000111100011001011001110010101100110110
100101100100000101110011110101010111101111001010100100101100111101000010101001000101101100010110
000001010100011101100100001100101001100101011010010100100100001010010011100101011011100100000110
001100000110010001001100011111101101110000100101010001010000100111100011001100111101011011010110
010110000101010111010111010111000101010000010101001101011000011110011010010001000100101110111011
111000010110100011100110111111000000100000000010100101101001110110011100110100010010011010101111
011000011111001010011101100000010101101111101111111001000010010100110011100000011011101011000010
100010001110100000111011111000000000011001011110101101010110101111001101000011000100000001011011
101101011111000110000100111001011100001010101110110100111001001101101001000000110011101110001101
000110011110111011001110000111101000100000111111110101110111010101110000000100110010100110100000
110110001101110011000000100000101110110001010101011011100011100101111111111110001101101000011111
000010100101110010101011100000001000000110010000110111001110111001010101110111011100011100110110
010101011101010010110000001111011101111110000010000111101110001011011101100010011000010000111001
101001000011010100100101111011111011101101010100100101000100101001110110110111011110110011000111
010100010000101111011110011011111010100100000111110110010001010000110111111101010101010000111000
100010110011001101110000101101101010101010111101100011110101101010111111011000100101111111001011
100100110011011010011101101000101011000110110011101000110100101110010000010110001110001000111000
110100100111100010111111010111011010100010110110101010001101111001011101001000111000111111101000
001011001001011100000000000110001010101111101100011001001111101001100110101000001111000101110011
011111100100110110000011110000101110011110101111101110011011001010100111001101100100100000000001
000111100011001011100011000101100001111110010100100100011101101001101110101000111100110011100110
111001111001000000000011001011111110100111010010110000100010100011111001011000010101001001100100
010011010001011010001100111010110111100111011001001111011110011011100000101001101001000100001110
111100100000010011110101110111111110100010100111110010011001001010000101000100011000101100011111
001100100101111111110001000110101101101001101011010000011000010001111101010010101011100100101101
010101110111100001000010111111001100010010110010100000010101100110111110110001100011000111101100
000101010001111000110000101011010001011111100001111010110110110101101100101100000111110000110110
011000001101100101010010001011000111011100110110001111010010100101100010011100011011011010100101
000100011101111011101100000011101000110001110110000111100101000011010011100101110110011111011001
101011111110111011010001000100110010111110011101010110000111100101110111011100011000100111010001
000010111111101110011110111010111001100011000101100100101010100001111100111100100111101111010100
101101100100001101111100101101011000001100111000110111101001011011111000101011000000101100111000
011100011001111010110110101100011100111111000010111101111000001100001111110111100000001010101000
101110101001001101000000111110011001001111111110000011111101101111011111101110100011111110000100
111011100011110000110100110101011110101010000000011100100111010100111110101110111111000000111111
010100010110001011010111101101100001101000110010100000100001000100110010101101010101100000100001
111011010000111001111010011101010111011101011100110111011110101101100111011011101000000000010000
100111100111011000100000100101010011011010010110011101000001100010001101010001011011100100110001
100111101011101110000001100000101010110010011001101111111011111100111000010111001100011011011101
001000100100011011011000011011101000111001011110100000001111101010111101011101001001011010111100
010001011000011110100110001010111101111011010001011010011110100110110101001101101011101010100010
011110011000101110110101100000101111111010101100100111011001110010110101000000101101100010111001
011100111111100010100101101101111100101110001000001000111000100010011111111001000111011101110011
111011100100011001100101111011001111110011101010100101101010001100110011110001000101000010010000
100101101100001011011000010111111000100001101101011001101111110001000010100111010010100110011110
001101000010101101011100000110000100111010101001110110111011001011011101110101110010100011000011
011100010001110000101010111110101010101110000101101010001011010001010001010011000001100000000101
001000110001101001101000010111011111001100001111101000001000000011111100000101001000111101111111
000001001100010110010100111110101101010111000111100100011001001010011110100000001111000101111110
000001101110011011101011100001100011001100101100011000101101101010010110000100010000001110100010
100011110010111010011110100101100110110011100101101001100010001001110101001110101110100001110100
101111100011101110111100001101010000101000000010101111001111111110000100101001110111000100101001
101010011101001100000101111011011000101011101001011101101100101101111001101010110100000010001110
110110110110101011011100000111001100111100100001100000110101101101101010100000111001110010100100
001000001111101000011110010101111000001011010001111011111000110011110010011000110110111011111101
000001010010111111100101001100000000100110101010110001111001111011011011101011001011000101011100
011100101000110111010001011000110001111100000110000111101011011100100001101111111011100111001110
011110110001101100010110000100010000001110000010100111001011101100001101010010001001101011010001
100111101010101011110011000001010010001100010011001100011001010010111100111110010000010000000111
011111100100000110110101100000010111010101000011101111100110010010111000111110111101001111101110
100110111010100001010001001110100111011000001010000101000100101000010000110101010100010100001001
111100111111110000010111011011010010101000011111100111111011000001000111010110111000000111011111
110001111111100110001110010011000111101010111101111001110010000101101100010110011001010101100101
110011111000010101010001011101101110001111010110011000100110111110111001010100010100000110000111
011101100000001010000100100101110010101101010111001111011001010101111101000101111000000101010110
001010110000001010001111011000101010011101110111110111110110111110110010001001111010000011101110
110110000110000101110010100001000010001101001000100100110110111010001011111000001001111110111010
111000101100110010000110000110001000010010000110101010001000000001101100011100000110001100101101
011000101011000010101010011010011101011100010100001111111100110111111010111111000110101011011011
001011101110000011111001101001000111110101101010001110010000110010110100110001110011011110010001
001101011100011111101111100000101011111100011100101100010110100010011000001001100000001111010101
100011001110011010111100010100110101100101010110101001111111100100111001000010001111111001101101
101010110000010000000001111111000001011001001010010000000001001011001111010111010100010010111011
000111010111100010100100000001011001010110000111011000011100110000000011011111101100000011100001
101000011111110100010101001101101000010011100100010000000001010000110100000010011110111111011100
010001111100010011000010000101010101011000011010011011000001010100100100010101111100000001101100
110101010101101000111010110010110111000011101110100110110010000010110101001011001110001011110101
011010101001100011101111011110101010010000000111000011110000010110110101000110100000101111110101
111000011111001100011011100000100001100011110100100010000110100000000010000001110110010011000101
000111101011010110010100001101000010000000011011111111001011000101011001110011111010100011011110
111100011100000010111010000101110100110011011011110110011110000101000011100010001100001101111000
101010100110010101010100010100110100011100110010111101101001111001001110001100000010110110010100
111101100101010101011001111001011001100001000100001010101000110111010100000100111110111011000011
011100111000111001011011010100011011111100010101111110111111100111100100011001001100001110010111
010001110011110110000101011101011111000101001000001111010110000111011011110001010110011110100100
110110101010010100110001110000100011000110101000110010101101100101110011100110100101110010111001
111110000100011111001000101110111110111111010111011011001011100011001001111110110011110010000111
011101011000110110111110100001001011100000110111100011100010001111111100100111000110000000100100
010010000000001100111011010011011010010111101011110101000001101010111111111011011010110111110110
000110000111111011001111101100101110110011000001000001100000001110100001100011000100100111010100
001111101010010110101111011011101101110101011110001101101110011000010110110000010111111101111011
100000001000010111110111010001010010111100000110110110111101101110110101101110001010011001010000
001110010110000101000001100111110011010111101100000111100110101000110001000000100100111100111001
010111110000110111110101000010111001111110000111001011100100101100000010101100010101110011000110
010110010100011110011011011111001110000010001111001000011010011110111001001100011110000001010101
000011111101101101110100011000110110110100010101010101010000111000111111101111000111101111000011
001001100101110000000100111100000101010101101001111100000101010100001101110111011101010100100111
000011100101100010111010011100011011001111101000110001010000110010110000101000001000101001111011
101010111100101011111010010110000101101011000000100100110011001100000110000100011011011010100111
111001000101101010101000000101000010100100110010001010000101101000000111111000010000111001000110
111110111011101100110110010011000000010101001000001011010000000111101010101001001110100101010110
110100100111111000011011101000111001010000001101000001100010011111110010010010011100001100011001
000000110010011010110000001000010010011011001111110111000101000000110000100001011111001100111001
101001001101110110100110011000010001000101001001101110001111111101001011011110110111111001001001
000001010110010101100110001100101110010011011100111111011000001010101101011000011011011101010010
101011011011110111110111100000011001110110010111110011000111111110110100000100000010001100010000
011011000110100011011000111011110001110101010101111110001011000001100001010100011010001110110100
010111010101100101101100011000001011110001010110111010010011111110101101001000010011010101100110
111011010111100101001110010111011101100011111001100101010100101100011011101100000100000001111011
001001110011001100110011001001110111010010010101010010111101011100010001101000111001011111010000
111100011010100110010111010000011110010000101110000100101000010011011011001010110010000010110010
101111111001001010011001100111101100010011101000110001010010101100110010000000001001100111011000
100110000011000010101101110111001101101010001001011100010010000001100011111010111011010110100111
110001111001110001001000111000101010010101101100100101010100110100101011110100100011110010011010
101000111100101011001111111001110001110000001100001011011110110101100100111001010001011001111011
111110001011110001100100011001100001010011010100101000100010110011011101101101001101011011011000
001000010000111110100100010011001101110010110100001101010001110011000000100101110001000010000010
010111010000100000010011001101111110000111010111100110000100110001010100101000011110111110001000
011000000100010100010010010011011100101010110000000100001011011110110011000011010101110110000100
110001101110011000110100001101010111111101011111100111010011111111101001010000111010110001011101
011011110000000111110110001111101001000011000000100011010100010001000011111101010001101111000101
101111011011101110010111101101000100000010010111010111011001011111111101101101101101000100000111
100011111101010000110000110001111101011100001101011110000111010001011100111101111011111111000110
010110011100011111010001001111110000011110011010001111001101010100110100100111000101001100110011
011110101111100010001101101000101101000101110110111001111001010011101100010011001110101011100110
111000011111101011110000110111100000100000101100111101010101110101001111001010100010110110101101
011101101010011110001110100010001100010110110001111011100100000100011111010010010000100110001011
000111111100000000010000111001100110001001000001001011101010000000010110001010010110000001011110
101010011110010100101100010110010000000010101011111010110110000111010001011111110100011000011010
010011100110011010100001001000001011000011010101011011011100010011110100101100100001110010110001
111000011100110010001010001101110101111011100010011000001101011101000001001011100000010001111101
001011001001001111010111011010010111000110011011001010001110110001111101111111100101000101101100
010010100011100100000100011001001001101001000100000001111100100011111111001101101011110101000111
101000100101100010111101110111111000011011010111011111010001000001010111010010111011100010110001
010111100100010101011101011111101110111110001100100110110111101101010000111100010010111010000100
011100110100110110010100111111001101001011001110010010101111101001110011111011010101011110010100
111101101001000011101110010010110110011011001110010110001101011110101011101011001011101011001000
100111001011111100101101100000101101011010010101100000001001001100100001101011010010100010000110
101000100001000000001111000001001100000011110100011001000001100110100110000010001101110111010110
110100101011110111101011100011011111110111011011110001000000011001111101010011101001110100101100
001000100000100101110111010111100110011011000001000010100101111010100110010001010100001110110001
100110111001110010011111011011100100000010110101101101110101000011010101111001111110110111110110
011011111100110101101010011110101001111000010101111100000011101010111010010011111000111111101110
110010011010111000100011000000000111101001000011101100100110011111111001000010101100010101010010
111100011100111001011011100000111101110000110110101010110110101011100101010110000010011001101100
111110111100101100110011111110100010001111011100011111010111011001111101000111101010011000001001
110101101110001110111110000111001010000111110000101001100001000010000000000001010111001001010001
101111000100000110001001010010000001111100000111111011111011000000111101000101011011100000100000
110010001100011100010011111011001100011101100010010111111101000000100100011100101000100101010111
111100010000111111110111101111100001010100001110010110111111100100000001011100000011000001101100
111100110000111010110000110111000001011111000001010000011000011101001001101101101100100101011110
110100010001010101011010111111101110101010111001000010100000011010101001111000010101111101101010
011111010000011000001011100010100000101011001111111010000101100010000100111111000000111100000001
000000011110100100101010011011110000110110100001001000010011110110001110111001110111110001101100
101001101100111110111001001001011011010000000000100010011000110000011000101111111110011001010101
001010001110011111111011011100111100110101000001111111111111010001011110100110001001111100101010
100001010001111100111110111110001000010010100111011111001100111101100000110100001000101110011100
110011101111001000011001111111110101011100011000100001100001000010001111110010101111001000100101
101011010011000110011010000110111011010101101000011111001000001001010100001100010001010010001010
101111010011111010010001111110101111111100110011010100100111001000010010010110101101111101001111
100110110110110000011011110111011101011000000000100010010100001100010001111000011010101101001100
010010000011110000001101111011101111111111101100010011101101011101010111000010001100000111111011
100011111001000101000101010110011111100101110001101000000111001101101111010011111111100111101100
000010111000101001110111111010110101111111001010000010111010001001101011110011110010111111101001
110110110011111111100011000110011011000110001001001000111001101010101111100101100000111101011010
110010001000000001001010010010100010001010100000111010111110010010010101111001011100010111100111
011001010101100110101000010010101100100111011010000011000101100111111001101000101110111110110110
100100111111011110101010101011100101110101111001001000110010100100000101001100111000001001100110
011110000100011101101100100011010110011001101100111001110110011111101100001000101101001011001110
011101000110101000110110010111111000001110000000110100011010000000010011010000110111101000010010
101100000011101001101111010000010000001100001111010110100101010101100000001010110100110111111011
011111010110000110011110001110101101011111000000110110000001100110110000100101101100001001011100
101001010111110011010011110001111000010010010000101110000101100001101000110111101100110001011001
000001100001101110000011010011100111101101101111100111000111000000001111111101011111000101000000
110111100100000000101100100101000100110101010010001110001100111100101001010000111000100100010101
101011010010100111011101000101110000010011110011110111111101010000110111110011111001001011011110
000100110110110001101110010001011001111100101111000101000001111101111111111001011100001001010101
101010011010010100100111000011100111101110000110000010010010000000010110011101111011101011101010
101001000010011110000000100000111011010010011110000100001100101001101111001000110100101101010010
100111001000000111011011011101001001101101110010101001111011001111010000001110001111101010010010
011010111000100011000101000001100101111110111010100110010000111011101001010011111000001100100101
100001111001000111011111101001101010111000011010111100100010000001101101011000011101110100000110
101110111110100110000111011011000110111101111110011000000111100011010010010011000110100000001101
100011100000101100010110100000100001111001110011011000100101011110100001000100111011101111001101
111100110000111110000110100011010101101000000100111011010010100001100011000000001101101011010110
000010111010100000111011111100010001001010000101100001000111011001010010011101101011111011011111
110000100101100000001000110011011000001000101000011011011001100001010110111100001101111001001101
000011010000000101111111111000110110110110001011011100111010011110100100110111111001000001100000
101010010100001110010111000011000100000101001110001011011110100100101110000111111111111100011111
000011100011100001001010000100111101110000000001100101111011111001110001101110011001001010010101
111011111111101011000010010101101101001101010010110101110110110110000100111100110100100010001111
001100010100100001100001000000111000111001101011010100110011011110001100111100110111100111100111
010010101111010101110110111011011011011111000110010101011000011101101000001000001011101101001111
101000001000001001101000111010000101001111010000000000011111000001011100100101010100110001001111
110000000000011001011010100100011100000001010111010110101110010001111001001011110010110101110000
001101010110011101011001000100100001000011001010010111100010110111000111000011011101101101000100
000111101101010100010001010100011111100110001101100101011011101111001111011001010011101101000110
111101111000110111011101001010101001111110111110100010101011101100100001001011010010100011101000
010010111010001010101000001011000101001010001100110010111100111000000100110111010000101010110100
110010101001011000100000100110110000010110000101001100101011110010110001001010100100001101111000
001111000111010000001001111010100100111010010110110001011011011010101000001000110001001100111010
010100101110111111110100101110110011000101101000110000011010110011100001001110100011010010011011
000001000000111101000110110100000010101011111110010001110100100000011000111010011011001110101101
111110110011101011011010100100011100111110100011001001100001010100101111000101111001010000111001
100111101010111101100101111111001100000000101000100111110110010000111001100000011011110111000101
001010010001111111111000111101010110110010100001000110100110010100110001001010110000001111011000
100001100100010111011011001011011101100101100110101100011111000000001110011101111001111000011010
001010001110001010011100111000100101011011011110110100100000101001100011101111111011100010001101
100010011000010100100100010100010000001010100100111100001010100001001011100010110010101011100100
110000110010110001100010010110111101000101111110011010011000001010011000100010001010110000000110
111110111011111011011100000010101100011010101011111010010001010011111110001101011100010000101011
011101101110100011111110100010010001001001011001001001000100001000101000111101101011010101101011
011001110111110010110000001101101111010101011100100000001011101110011011101111011010010110101011
100110011001011110111110011111011100011100111111100011000000101010011111110001111010000101001000
001110010110001011101000111101111100011101110101111110010000001110100000000010111101111011000000
001101010011111101001011100010100111110010101001111010000001000111110101100000100001110011001111
101011011010010001011010001101010011010011101010000011000000010100110011001001001100011110010001
010100100111010110101101001000100001100000001101111011101010010101011100110111000011001100001110
111111111000010010001000110110101111110110101101001011000011101101001111101111110101001011111000
000001001100011000000010001110011001000010111010000110110010010111001011011110110010110101101101
100100111100000100100010001000001111000110000100000110011110011000101000101000010000000100110101
010110111100011010011010000001101001001011000110101100100100000001011010000111010110000110110000
011100011000000110001101010001101111111110100110110010100101111010010001101011010101001100100110
100101001000000011011000100000100010110111011011111010101001111010111101000110100101011011111010
100111100100100010000110011001011010111010111100001110000111101010011011101001001111011110110101
100011010010101001111110111110100110101101011110010100010011001111110011011000010110011011011110
000110011110111000111001100100010110110111010011011011101010111001110000001001001110100010010101
011001010000000101111110101010010101111010100001110010101100000011110001010100110010000001101110
100111100011010100000001101001100000001110000011111001010110001010000111010100001101010110101011
011101110100011000100011000001010011000001011010011010110101001011101001011110010001010010101010
000111011001111011100100011100000110110101001000111101011110101001111010100001010100100010011100
010111001110000000000011111110110110110111001111001100000101110100010011100010011110010101111000
111110101111011001110010111110111100010111010111110011000000011110010110001100110101000101101100
111101001101000001010010010010101101111001110010110000100100001101101100111100000001010110110001
010110110101011010110001100001101001001010110001000100100001010110111100010101100000001100110111
010001000011100110110111100100001011010000000111110101010101011010011110101100010000001101010110
101000101000011000100101100010101010001000011101101011110001011011111011011101100010001000011010
101110101110001011110011100111110011101011100110001011010111000111101110011110111001010011101110
000010011110101100001001000010100011100001101000000000110111100000000110000111111111000100001000
111111101001011010101101110101111010110010100010000001100011010001110000011101000000101001111000
011111110000011010101101011001011110111011100000000110001000011001011111100110110011111000111101
100101100010101000010111000000100110110001110010001001011111001110000110010100101011011111010011
010001111011111100111111010000100110101010110101000011100110100101110100100110111100011101111111
100100101010101100110011010111010000110001011111101110010100100010100101010011011010010000100101
000100110111111100010101001011000000111011111011000000011110101001011011110011110001010001111010
111110001001111111010101010011101100011101010010011000011001100011100110000100110010111011110111
001111010011111001110111101001110011001100100100110110100001100100011101011101011000111100011011
010011010110011101001010010110000010110010111001111110110000100001011100011101110101110011011001
000011110011101111101101001100010101010001000010110100101001110001011100000101001000000100111110
000110110111000001010001010110110000010001111101010111110101101000111001010111010100110101000100
000010001110001001000111011100001100100001110100001001011100101100101000001010011101000010101110
100100100001101110010001000010011101100001101100101101010111100000001100010010001110001010111111
111111011011101001111100001101011100100101111100010100011110001110110000000011000011111010011010
101001001100010111101001101000110001101100000100011001001101010111101011111011100011000001011101
000011010100000011101011100001001111011101011011110100101010010010000000010111111000110100111111
000000100000101011000010010001000001000110110111100001100001101110011101010101010010110011010111
000000010110110000110100011100110001001100001110110110100101100001100111000011101101110101110101
010001000100110011100010001010110100010100111110100100101101110100001100000010011110101010111110
111010100001001010010110010101011110010111101000101110011001111111001011010001100110100011011010
001110101011011100111001110110001110101100110011110111100010011001001001011111000101110010110011
000100110110011110110011011110110000110101111001001001101010111101010100101001101011000000100001
110010000111111000101110010111101011000111110101100000100100101101000011100011101101010101000110
000000111101001101011100011011100110011001111011011111010001101111100001100011000011011110111100
011111100101110010010111010101101010011000100110010001001101001010010111001111100001000000010110
111100101010101110100001100101010100110110011011100100101110000100011010101111000100101111101011
100110001111000011010010101010101011010001001111010011101010011101000110100111000000111010100111
110011000110010101101001101100011001100010111011100011100100000010111010100001111100011010011110
100111111010111110101001000000111110110001010000110110101101100010110101011110101100011101010010
011110000011011010110110000010000010110100110000011000000110110111101101101110000011110111110110
011100101111110100000010011110100010011000110001111010010010010010111101000011001111010110011011
110010001011110110101011001111000111100000000100000010011111000001111001110101111111100001010011
100111010110110100011111100100100111001101111011010111011110111010000010011010000010001100001101
011011110011010010010011110011000001010111100010111110101100111110111111010010010101001100011110
000101100101100010101100101000100001110001110111000011100001001100101010000110101111101000101000
001100101010001101000111111111101010000101101010010100011001011000111000111000100001101100110010
