101100111010100111111110100111001010000101101000100111110000100110101101111001010101001011101111
100010101010111101101100011001101101000011010010110000110010100101101100100001100011010010011110
110101001010101010100111101101111001111011001000101011011101011101110101110000101100101011001101
000001010100101111001110000001100011000110111100000111100101100010111111111000000000111000011011
101110101011111101010101111111001110101001010101111111111010110100111111110111111000110110001001
101010110000111110001101011110001001100010110100010100010000011110011101001110110101000100100000
001100110110100010110110011000001100110000110111010111011011101000000001010011111011100001010001
000000011110011101000111000011010001111111101011110111100100001110000111000011001011101111110001
100111101111100101011100101101100001011000000111010110010110111011010100111000001001010000111110
000100111100100101110011001101110110101010100101010001000000010101011011011111000001010001101101
001111111010011111001110101100010011111111101011011011110100100000000010100100101010011101001010
001001111011111101100110010010110000010111111011001100011011101000111100100000000010100010001000
000011100001011111010101001111111010110010000011110000111110101000110011110011110011101010101101
100000010000011100110100001001101000100001101011000000011001100000011000111101000011100001001010
000110101001101011101011001100110000110010000001010001011011011100110001000011101011111100010010
101001111101101110011000111101001011111101100101100011010010101101110101000100101111110000011110
001110000011011110110101110110111111011000001000111100100100010111110010001100010000011101011110
111001100110010111100000111101100111000010000000100111000001011111000101110000011100011100001100
100110001001001100000011001111011110000100101010101000101010111011001100100010100011011100111100
100010011100110110100001010100001010101001100011100011001111001110010011000100000001111000100110
000001101011010110110110100010000010111000110010000101111100010000000010001100101001110101110000
001100010010101000001110111001001101111001000000000010101010100000000011011111010011000001010101
001010110110010011001100001011010010100110000011111100011011111001101100010001010110000000111100
001100010001111100101111110100011101111001101101111001011001000111111000011110001010111011101111
101111101110011111111110001001000100110001001110110111011101010001100010011110111101011100000010
000100010000110100001101010100001110011110100110101000000100010111100000001010001100010110000111
011000101110000010100101000001010000010111100100011111110110010001111110101111000111100001110001
111001001110011100011111111001010001000101110010100000000101011101111100001011110011110110110000
110101101000010111111011110110100101111110110111011001111111011101010010101001010101100111001011
011001110101111010110000110001000101011010001101100111101101010101011010100101011100100100001110
100011011000001010001000111101001010101000100000111111111110010110010110110010000101000010110010
000100101011111000000001111110011110100110000011011010000010101000110011001110110110111111001100
011000000011010100111100000010000101100100001101111010100000101010111010111100000110111011011010
101110000100001111000000000000111100010011001111010100111011110100011000100011101000100010100110
101100010000110011101101110111100011000011100011111111001110100000000111111111110100101111100011
000101100110011100101110100011110111010001100010001100100100111101000110110101111100101010100011
101011010000110011011010100111100011000101100011100101110100001100001111001011011001001001101001
000011100110011101111001101101010100111000100110101001100000100010110110010110111001011000000101
111010011100111000110101011110101010100010111110111101111101000001101101110111001001101101010101
101010101100000111010111110011010010010110111101011100010001110101101110100110101001000101000110
100101011010010110001001001100010100000100100111011001000001001010101111000111001001000011000100
011101101000110000110000111111001100010010011011010101101011110000010100110101101111001111011111
100100010000000100110011100110011001011011110110111111010011011001001001101100111011010111001101
110010100001011110011110111101100011101100101011101100001011100011100111111100010111001001100011
110001101110000010010110111010000111101001010001100000001100101111101110101011111111011001011011
001001100001010110111110101010111000100011111110110100000000011000100011011100100110100110110001
001100101101111011011000101010000000010000010110111111001000111101110001101011001010010000010010
001110100110100110011101100101010100011000101000111001110010111111100111011010001011011111101111
001000010100010110100011010101110100000010111001110011011010111010001010100110001010011001111111
000000101110100001111101001000110001110010110000001110001100001100100010110111001000000100111101
001010011101011011010001000011100101101010010100111011010001001010111101101010100010101100000101
111001110000011010101000100001101110010010010101111010010110010110000011000100001000001011011100
111001000111000101101011001011101001100000011110101111100010101100010001010100011101111011011000
100111001111000011111000001101001101000011110001110111100000001011101101011010011110000011001011
010001111111101001111100010100000011000010011000100010100100011111010011100110101001011011000110
111101100000101101001111001001110101000110001011111110011111100100001100001010111011000101010000
011111010011011011001110110111011010001001100000011101000010100110000101000000010110101000110111
100111101000111001111100001110111001101111000101010010110111000001001110111101110100011010010100
100000000001100100011000110001111110010100011011110111100110101001001000100001000001011001000000
111101111011111100011010100001000011010110001111110000000100001010010100000101111100000100000101
010100100111010011001011100001001110011001111111100010100001110000011010101111000011101100101011
101000101111101110000000000100011100100101011011110110101001010100100110111000101100111011110111
011011100011101000110111011000010100001110111000010000101000111010110001111100001101011010100100
110100010000001000001111101100100111110010011111010010001011010100101100010010101110000111001000
100000000010101100101011101100111001011100110001101001000100000010110001110100110101100001000111
000001110100001111001011000010001100010000101111100001101111011111001110011011010001001001000000
101011101010010110000101111101000101110101101000101111011001000001000011000111100110111110100101
011111001010101001000010011111011001111011001000101001010111001001011101010100110010110000000100
000000110000101111011101001100001101000001111101110011101001101111011100011100011011000000000110
101011010011011000000011110111011101010110110101111011010110000011101010110110001100001101110100
000010011111010011111010101110100011010001101100110100010110011101010110010111010111110010100100
010010010111100001010000010100100111011011000110001111111101101001000010110001010101010101001010
101101011001001011110110010111110101011001011100111100110011111100111100001111001000010001010001
011000011001010111011110111001001100110010010001001111000001000001010001010101000011110010010101
100000100111100011111011110100001101001001111000101010000010100101110100011111101101011110101010
010010011010011101110010110000100000101101111100110011000110001110101100011010000010101100010110
111101000001110111011100010110100001011010001101101000110110101011000010011111111011100111001110
101101011111101001111101110001000111011001001100110010110011100111110111111011001001011110100001
110001001111110000101100110011000100001101000000011101101100011110011111001111110101001001110101
000010010101010100111100000101001100100000111000111110110110011111100011110111110101100100010100
000000000001100101100100001001100101100010100001011101100101111111111101000111011101110100100101
101000010011100110101100111010100001110010000111111101001000001110101100100010111111001010011010
011110000010101111101010110010101000111000100011011110101011110000000111111101110110100010100100
101011011110011100101000101100110100111010111111101011101101101011000011101000111101000011001001
001000011101000010101101001000110000111011111010100000101000101000100110110001001100110010000100
000111101000100001001011110111101010001001001000110110010100111110101111111111100101101010000111
000010111010011110110110000101000010101011100001010000101011111010100100110101111111111100110100
010111100100100100101110111000100010000011100001011111000000000110000101001001111100011011111000
100100001000000011000001100000010101111111100010101101011110010111101010101110000100110001000110
010010111100011001011001001111011100000100001100111011110110000110001010100110110100111110100111
101110001000001000010101000001100110101010010011111110011100110001011000000101110100111111010010
010011001100101001110010101001000111110001001011100101011010001000010101110101001111001000001100
000101011000100111011111000100011111010010101000011110110110001111000110010110110111001110001001
011101100000010111001101001001110000010000100011000111010101010011010010011011111010101111010111
100000100001100000010001001100101000101011100100100010001110010110110010100000010011000100011000
111010000001010111111011111100001010000011110110000000101111000000110010001011000011100000100101
110110101011000001101101101111000011100110100010001011001011000011001001011101010001000101011010
010110000001000100101111100010011111100011100001010010000000000011100011100100001000000011000111
000011101101000111010100110111010010010010101001110110110001000000001001010110011100111000101100
111101101101011111000100100101110011000011011110011101111111100111100110111001101001011011000000
110110001100010111100101111111101101111000001110110010111000001101011000010101000111101010010101
001100110001011110011000110100011110100110010001000110000011110101111111110000110011010110000011
010100000000110111010000111101111001010000001001011100001100011100010111010100001010000011100001
000110111011100101100111101010100110001010110100110110010010111000011110100010111100111011111100
001111000111111000110010001100000011101000001011101001110101101101111110101010000110111111110010
010110110000110000000110001110100110110001000000010110001011101100111011001010110110101101100100
110110100000011011010010101011001001110111110011010111111000011101010101110010101110100110100011
000100111101000110011001000011101111110000101010001110110111011110011101001010110110010110000000
001011110111111101111000111111011000000101110100011001011111100110111011001100101111111001100010
100001001010011100110000101000011111100000000101111100110110100100001001011110011111110110000001
011100110001001100111101101111101000011111100111111010010001110010110110000111000001011011111101
011111110010011000110100011001001101110100001011110100010010011011100010010001110001001100010010
100011111111100101000000110010110100001110000011110110100000100110000000111110101100001010101011
001111110111110011100000111010000100110111010010101111101011101111101111000010100000100111000010
101001101011011011001101101000011101100011010001111111111110101110000010000111011010101001100011
101111011010000011001000100100001110001001000111000010110100111010011101011011110100111000110011
101100000011011011010001110010000011111001100001111101100111001011000000011000110100011111111010
100100011111001111011010001101110000000000011100100011011111100001100001001000110100001001100011
101000011000001111110000010101100111111111111110100010000000000100010001100001000101001010001001
110000110001000011010100110011001010100011110100001010010110010001110010011000100001110000010000
101001010011001011010001011101100110111101001111000010000101110101111110100110101000010010110000
010111110011100011000110011100011011100100000110000100100010000110001011001101110111011000011000
001111111011111011001101000111111011001000101111111101110101010011110000110011010101101111100101
010011000001100101011010110100011000000110111011111111000010111100010001110110010111001101100001
101101000111100100011001001111100100110011100110100101010001010000110011010111100001000010011101
010100010110110111110001000001000001000110000101111000001101111000010100110111100001010001111100
000111011000001111111010000000001000110011001110111011111011001000010110100001101101111110101100
101111101111001100101111000110011010001011101011110111010110100111110011110111111011001000110111
111111000111101010100110011110111111000001111010000001101100011010101111110001010110011001101110
110101011010001101001110111011110101011010100000101000111100001000101111000101000000010101011010
100100110101011010010100011010010001001011000011011110100001110010101100111100011110000111100001
000011110111001010011011101010101011000100010000000111011011011011000101110000010111100100000111
010100100101000101110010111010100110110111000010001110010101101111000100001111000001000010001000
010011011001001001111101111110100001001011110111010011001100111100100001000101111100011010110101
010111011001110001110100111010111001000101010000100011100111001111111011110101100111001101000011
111100111000011010011110100011101010101111010011101000101101011111000011000001101110100000010000
111111011000001000101100111111000000101100101001011011111001011011010110010010101001001001001000
100110011011101010001001001011110000000100100100101100010100101000000011000011001011110001011011
011001110101101111110011100101001110111000111111110101101101101010111111110000101000001000000011
100011101011111010011011100111011111110001110011110001010001011000000011110110001011000110011000
010110010010010001011101000010001101011011111010111001011110111000111111101101000011111111101110
001111000101000100000100100010010010111000110000110011001011101110011111010011010010011111111001
110111101000000100001100001100111001000011111111010100101101111100111111100101110011001100011011
010111000011000110111110011111010010010111001100011010110011010001100001000001011000011010110010
100011010000010001000001011001101001000001010001100101010110010001001000000110101101001101000000
001111011111010111110110000110100100010000111111111110111010001011111101101010110000111100100001
110001010110111000110110010110100011100010000001110111110000111000100110000101100110111000100101
101101000101110001010010011001011100111011111001101111001101011100111111101100111111111101001000
100101110111110110011000111110001011010111000101110000110101000010110010101101010111001010000011
010110010110111001101101000101011010111100011010111010000100110101000000010100010101000111001000
010110111111001101110110010110111100001111010001111110000101000000001110111101010100001100000110
010011110010010101010001101110111110011001110111010100101100010001010000010100011010101101110110
011000111010001010011010010011000110011000011011000100010101110101101101101110101011001000001001
001000110000100000111111111101101011100001111011010000100001100001111100000100111101100010110001
011100110001100011100001100010100110000011101110011100100000101001110010010100001011010111011001
010010000100001010010011000110000110110100101100000011010001101110001110101100010000110100000010
010101100000000101001000010010100000010000011000110000111010110011001001010100000111101110010011
100101111000110010111000110101000100010000110010001101011110001100010110001100011100111100100111
000000100001111110111010000111110100100110100101000001011011011001101101010010000100111001000101
010110110011001111001011011111000100010101111111100100000111110111001001100110101011011100101101
000111100100011111000001011001001000110000011001000010110011001100101100100110110101010110000101
000010111111000110101001110010010001010101010001000111110010111100010011100100000011000001010010
000001000111111010011011010101101001011011111100011001011101001111100100010100011010110101000111
011010010010010111011100110001101110000101001001101111000100010100010100010010110111110111011001
110100100101101010011000100011001011111100101001000101100011101110100010101101001110010001110000
001010101010110110011101100101000010010100001000101101101010101101101100011100011001001101101110
111000000111001101011101101111101111000010111010011010100010010000001110100000110010110101101101
100111011011001011101000100010010011111000001111001110011000111111101100110111101100110001010111
001110010100110100011010000111001011010100001110101010110101001010011010010000111010100111001110
101111011110100100010011011010000100111100011101001101100010101011011000110010000011111010001111
100000110110101010111011011110101011101101110001101101110100011011101000010000110111110101110011
000111101010001010010011101010110011000111101100100011010110000110011111011101010011000100010111
011110111110001101110110111001001000100011010110101101001000101101101001000101100101110100011001
100100010100001011011000010110100100100000110111010110010001000011101010100011010110010001010010
110001011110111100010110100111110110000111001100110110011010011101001110100000000101011111010011
000011010000010001011010000101100011000011000000000100011011010001110001111000110100101100011111
100101111101000011010110100001100011000101010101010100000111011110111101010001110111101010100000
111010100111011111010000111010101111110000000000011001100111100010101000011101011011000011111001
100100011100001000100111001101001000111111110011001110100001110001110001001010000110001100100111
010001101100111111000111011000011101011010010010000010111011110000011100100100100110000111101010
100110000110111110001110000111001000000110110101110110100000010110100011101101000011010111011110
110110001110011011101100001101100011000010011001101101110110010000010001000101111000111011100111
001101110101001110001001101011000111010011011010110001000111011000100001011100011010100001111010
101101000111110101100000011011011100011000100011111011100110101011000111010011000000010001100101
111110011011000110110011110100000100001011101101011011110001000101001111000110000011111011110101
101100001010111010100111001101110111111010111001101001101110011011011000101100000010110110111100
010010101011000101010101010010010010101101110010101110110010100101100000001111000000110010110010
100101111000101011100100000001010001000101011100111110000010111110011000101101101010001000111001
101010010000000101100000001110101100101111100010011010010001010001101110000110110101001100000100
101010101001011100100001100100000110100100101001111100010000110101111110111010101111010111010001
001101000010000001100110011001111100011000100110010001101001111101001110001101111000010010111110
011111111010010101111000101110111101001110010010011010000101111111101000110111001001000110110101
000110011100100001001111100100100110001010100000000100010001001011110111010000001001011111110011
100000100111001100100011001101100100100010001110010001011101001001101101011010000001100101010001
011001011110001100001011100110000110011111000101100001001101010111110010111001011000101110000111
011001011001011110011100001101010100000011001101001110100010111001111010110101101001100101100111
111101011111001100010110111010011001000011010011010100111110110010011000110010010111001111011111
001110110101001001100011000110100011000111011001111101011011111101000000100110100111010011000101
100010111001010111101011111001110010011101111011110101010101011010010001000110100000000100011100
011000011001001101101001110101101101001100111110110111100111110101111101000111011110000110011001
110010100000101000110100001110100110110001001011011110111010000010010011101101001010100101001000
101001110000100011011010110000000001111011011000100110101011101100110010011100000111100100011000
101011010100001000111100000000011001010010011100011110111011101011011001101100101010010110001110
110001110101011010010010111111101010011001100000111100001011001001001101000011001110000110101100
111100011111010000000101000111111100101001111011000000011011111000110011101011100111000110100010
101111111110001100111111100011100000001011000010011100100100010111011000011101011000111101101101
010010000000000101001011011110011101011100110011100000000010111100101000001000110110110011111101
011100010110110111100001000001110001101101100100011010011101101111000100000000011010101110101110
100000100000000011101100010100111110100101011001110001001110001111001000010101010111001000111011
001111010111110010000011001000010001110111001000101110110010011101100000011001001011000000011101
001110111011110000110101111100101110000001010110010011010111001100101100111101100101100010011000
000011001101000110011010010001001100100001011111010110110011101000011011010100111101101111110010
000011101001100001101100011111101111011000010111001000111010100011011101011101010011010110010100
101111100001010101111011011010111101011001110101010011111110010101010101100001011000101101101011
000110010000111111101010101111011110000110010110010100000111000100000001001101000100010111010100
100001011011000001001111011001010111101111011001011111000111110000000000010001011111111111110011
111100101101101010101101001100111011111001101000000001010000000000100000100101010101101011011110
011000011001001100011111011010001011000011011110111100010000101010000101110011010001111101111010
100010100111000110010100000111011010011011110010000001101011110111001100000101000000101101111101
101001011101100001001011010110101111010111101010111101101110000010100011101101010101011101110101
101101100001101001011100100111110000000110110100100001111110011001000101000010010101101100111001
100000010000110101111101000100110011101111011011000101110011101101100101011111000111111111100111
100101011000100110110010011010101011000100010110111100000011100010101110111101011111100011101110
001010001110011000011111100111111000100011100010000101001010010011100010101011110100000000011111
101000001010111100100100101111101100111001010000000000101100011101001001110000111110001010110100
101111001011011101000110111011100000000101100000000000000010000000000001111000011100001111111010
000011100000011111111110100100100011000100111110000111101001100110110000000010111000000111000101
100111111010110101110000001011011011101011001011001111001010011010100111011100011001000101011100
110011011001110100011110000110000100101101000001111001100011000000101000000110010100100110100000
110000100110011001100101010000111011100011001101100100111101111101011110111011101111011010010000
111010000001101000100010110001010000011000011100001000000110000111111010010101011001111000010100
100111101000110100010011111100100101101000000010010000001001010001000001011011100110100011000101
111101011000101101001001011100101110011100011000100101100001011000011101111001111101100100111110
110001100001000100101101101000011000000111011101001101001110110100000000110001101001010110111001
001010011110110010101010100001101001111001101101011000111111000111101011110110111101001111110110
001000111011001100011001100100101001001011101000110101100100111000010111011011101010111110100110
101101001001101001010000000010000011001110100111001010101010010011010100111111100101101011111010
100101000001010011010111101010001010000011000100011001011000100000000111100010011000100110101111
110001011011110000110011101100100010001011001101010101001001011100000010001111001110110110110010
100111000101110100110000100100011010110000000110111010010101100111101011100011011100111101110010
101000000010100111100100110111110001011001100000111011010010111111101011111101000001111101010111
000111001100110101011111110011001011101111011100111101111001100100100101100000000100011111001110
100000011111100001010010001001100010010011110111010011001111000101011111110101011110010100110011
001111001111110001010101110110010010111110000101101111010001010101010110011011100110010110111111
010010000110101001000111000010101011000001100001111110101010011110101001101010000110110111111001
000111100001101011111100111010001000110010001101101000110110000011101110100110100101011110000010
110111111000101111110011011001110011101011111111000011011010001000001111000100011000110010001101
110010110011101000000011101001100101001101011000001011011010110011110011010101011000001011000110
001011011011010101001001000111010010001110001110110010111001111000111111111000000000101100000001
111101111110100010011111110011101010010111010101110000001010000000101001111110100101100111001001
111001011100101000100110001011010101111010011000100011010110011101011101101100011010111011001001
000001101010010101011000001101001111111011110001101010110001111111010111001000110010111110110100
000000000001101101110001101001110010000011110101110011001010010101011111110011001010101111110010
110011101101101101010101110111100110000000111111101011110001110100101010001100100001000101110000
001110011000011100110100101001010001001011010010101100100010111101110101101100000111001101110011
111101011000011101011100110010101011101111110100111111110111010010101101110011001100000011100101
111100111100111001000011100001000110101101110111010001111001100101111101111111010110111011101011
001000101001001111111010000111001101011110111101010101110100000100010000100010000001010011011011
101010001100001101001100011111100010100011000100101011010111010000001111001010101011100000101111
100000110111100100001010001011100000100110110110011010011010000011101101111110001110011101100011
100001011011010001101100011100101011110011101110001100101011010011101111110100111000011001101110
101000101010011010110101011001010101111010000110110010000100110001100000011011011111001101010010
100010001110100111001100100100101101010110101100111011000100001111100110111101111111010001000100
110000011100110010100001000011100010010100010110001111001110111001101110010101101001101101100111
010110011010100000101101100111001101101011001110111100000101001010000000110100110001011000110001
110011110110111001011111100011101101111101000111110000011010001010100100001101110010001000010100
010011001010100111110111000111011001101001100000101001010111100001101011101111010011110100000100
110110010100100000100110110101010000111100110000111111000100110001101010000000100110011001101100
001011001111001110101010101011111111110101011101011101000001101000110100110001001001111101100100
100000111100000011010100000110100101001010010110100000011100001101000010011011110111101100000110
011110100100101100011000011010001111110011011111010100000101010011011111100100011000101010110110
110110001101010101000100011110001110111110011100101111111110111110110011000011011110000101111011
000010000000100010101101110000011011000101000101100011010110000100001110011001110110100101101101
011001001011001111000111110100110100011100100011101110000101010110100000000010010111011011000011
010100110010101011010101001001101000010001011001110101000111111110010011010011010010001010101001
011101011010100010010100001001001100011011000011110100101101010111101001011100010001110001101101
111111000101011111000100010100011110000111011001111001010100000111011000010000011000100001100001
101010110010111110111001000011011000010100111010110001010111010001101011110111111011011110100010
101010000111100001001011001110110010001001111000111000100101110111101111011111010000010101110000
101001111011000001000010001101001111000110110001111100101011001101100111101001101000011111000101
110100001011100111001110011101000011001111000010001110011100111110110111100000100101001001011111
010100000101000100101110111001010000100110001001111001001101000001001000110000101011100011011111
111001101010000111110011110100000010001011110101110111000001110100011101001000111001001000110101
100011111110111101010100000010011010010010100111110100000110000100010101111100110010100111110111
110001001010000010010001001010010101110101010010011100010011011010011101011110110001111011101011
011110010110010100110000100110111011101001110101110101100100000111110010101101000101110011100000
000010100100000110010010110000100100110101000101011111001001110001101111011011000111110111110110
010000010110111101111001000010000110110000011111010111111011011111001100110010010010010110110101
011001111100111100010100111100100101010001110101101011000011011111100000011101110110000101000110
101010110100100110001001110000011010111001101011010010001110111110001010000100010001101110111111
100000000011001011010111111101110011101110110110001101001010101001011010010110110110011000101010
010000010011110010110100011110001000100111001100001110110000100110101010011010111100110101100011
111110110101100000111111011001110010111001110011100010111011110100110101001000000010010100101010
100110000100101010110010110001011111001111000010110011011110000100011011100101110110001111100100
010110101100101111011010000101011100100101101100010101100100010000000010101010100000001111000101
111110110010101001010010000110011101001100011001001000001001111110110101011011001101110001000000
101101000111011101010100001000010000110111100101101000110011001010100100011111100101110100111000
100100111001011101000001100010011100001100100011011000000001111001000001011001011000010101110010
101001111000101110001010001100101100000011101011101001000010111110101111011111000101100010101011
110100000110001000101000100001110111110010100000101011010100001100101010001010001010101111010000
000001111100011010001110101000110100110010001000101110010000111101011010000100110100111110101011
110110110010101100111010010101111111011101111010001111100100011101001111100010101011000010101111
100100100001111001100101101111111000010000111111110110001010110010010001011010100101100110100010
110111111001100110000010110001001110100000111011001101110000010010011010000001001101111010011011
011110111111100111001010010111011010110010111000010100111001101011111101010110010100101100100010
111111100111111011110110101001110000110001011011100101110101111001101000101010000011101101000001
101111100001000011100000101011001101000101011000110110101001101101101001100011001101011010010101
001000111011101000110111110011100111010110110111111001000001010110000011010110100111000010100001
111010010100100111110111001110001110010100111000100100110101010110110010011000001110111110011001
010010011001110001110001011010010110111010001001111011011111111001000111010001010110000110100110
100110000001111110001001100101100100011000100101101000110000001111010111000111011010000101110100
010101101001010011111101111100100101101110111000110001110101010010011110001001100101011010011010
110001101101111011111111111000101111010101111110011000010110010100011011111110010010010111101101
010000100110010101010101111101101000010010110111111000100011001111000101111100110001100001111010
100101001101100011100111001010100001101010100000111110010001001000010010100110111010101111010000
111110101111001010101011110011101000111111111010001001010100101101001010110101101101101111010101
000111011000100010010010100011001000101111001110011001100110100001110111110001100011011110110100
111001111111001111011100100111111101111100011011111110101100101111100111011010011000001101101000
000110000011010001101010000100101011011000101001010010001110110111000001100100111011100101000111
011100111110101011010001000000110110010000000010000010110111100111010110000010111001010110101100
000100001111110100000110100101100000011111010100101010110101001100001010000111010001100000101010
100111110010111100101100000100001100000100100110001101010111011110101100000010110000011101101111
100100010100001001101101011001010100001000001111010111111001000101101010000011111110111110010000
010111111010110101101001110000000001100001010101000001110010110100110010100001100010000110010100
100001111001011000001100001011001100110010010001000001010111001111100011001101011101111000001101
100100011001101010111100011111010101000101100111011101111101111001000011111010100001001101111101
100011010101100111010111110100001000100010100111010111011111101011011101000111010110110001000111
000001001011011011000011110001010101011100110100101101100101001111110111000010010110010001110111
101000111110111101100110001000100001110110001011000011001100101011101101101000110100110000000010
100101010110101011011011111100101100111101110001100001011001011010101010110010100101000000101100
101110100010110011001110100101111001010000100001001100000111111100000111111110111000011011100101
110110011010011010000000100011011000011101010101110010100101111010101100010110100001001001000110
000010110111110101100010101110100011010100111101010000110000001111110110101010000111100000010001
001111100000110010001000000111000101000100101101100100010100101001110111010101010010011000011000
000100000000000000100110110100010000010011001011111010000101010100000101110000101001010100100111
011110011111111111000010001010110011111100101111101011100011100101000101000001110001001010101000
101101010010001100110011010000000010110110011001010110111000001011000110111101100000101111101010
010101001100001001001010100000110011111000100101101110010110101010111100110101010011011000101000
011010110101110110000111110011001010111110110110100000100111110111101110101101001100111111011001
110100111011100011101101101000001001110100010101000110010010111110100000101111111000000100011110
111111111000000110001111111010110001110011010000000110110111111000101001110011110001010001011010
101011110111111011110100001011010101110100111010101100010000100101101000010010011011101101110100
011011001110110011011001011010011100000100110100111100000001111000001010011010111100111111110001
100110010111010000100011001101101011100011011000101111011111000101100101110101001011101111011111
001010101111101110010001000011011010000110111101011111100001001101011001001101100111010100001101
000101001101011010010010000011011001000000001111001011110100001010110000111001011101010000000110
011101010011010110011010111010000100011010000110101001010111010100010110111000101111110111111111
001011110101111100011101011000101110011011100001000000000011010111000010110001111111110000000100
110111011111001000111101101110101101010001111110001101010111001100011110010111011011001011110100
001000011010011110101101001010111110111101101110101011011000000011010000100110010110010101001101
111111101110000110000101111101100011001000110010000011000001100111100111110110100001001011001001
000000101001101011110110010000100101001000111100011100011111110010001010010111011110100010110001
000010111101101100100111001001101001010001001110110111000010100110010001010110001011001010001101
011010001011010100000001011110000010100011111100111000110011010011001000010101100000111111001101
011100100001001001010101110111000010100010100101000000101100011100101100111110011101001010010110
100100101100100111111110001101010110101100110110110001111001100010010110010110110001101101110101
111101011110110010101001000101011111011110110011111001000111100010011011000001000110010011010111
011110110000111110010000011010101111000101010100110101010110110100010100111011000101110000001010
011010001010010100111010110010001010100010111111001111111110011011011010100011000110101111110000
101011101010111000010011011010001010010111100100111111001000001000010111011001111000100110100010
101000111011110100000110101111111000001110001010111000101111001111100000011101110000100111110101
101010100110010001001000100101100100110100100000101000100010000011000000001010010101100000111101
101111011010001111111110111101100011111001000001100011111010110101100101010010111001100000011100
110000110111111011011001001111011010101011111001011110001000011101101001010110110011001111100011
111101000001101101101101011101001000100101001111101100001110101000100011001100111111101111011001
001110101010010100100100000101110001001111001001100000100111001001000111000000001111100000111011
001100110111001010111011010111011111111001011011100000011001001100000101100011101000111111001110
010110010111001000111010001001011010011010110011011111001001001101001111011010010010100000100101
001011110010011100111111001011000100101101111101011001000011110000110011000001111001101111010100
110000110101111000101111011011010000010011000000100100000011100111111010010110011100100001110111
110000010000001100010111110101111010011001001110100011110000010100110011010111110011110111001000
111101111011001110000101110001001101010101010101110000010001101000110101001100111111010111100000
000100110110001000010011000000001010000110001001101001101000011100001010001110111101001111110100
010101011001000011111001010111111100000110101010001001011111001110101101101010100011110111100010
000110110111001010010100000010011101001000100010010001000100000010100011111000010101001001001010
110100101110000101110001110111001001111011101011010000101011111111000010110101001110111001010000
010000100111011100001010010110100001010101101100111110110010110011100011000001100111100000001100
111011100010001001010100010010011101100111110010111001111001110000010110101100100111000101110010
110101111011110111100000010101000100111010110101111111001100110000110010000001101011001000111110
110000000110001100001100110110110101111110011000110101001000100110110111111111001000010110011100
011111000100010000111110010110110100101011101111110101000101010110111010010110011000010100011111
011001101011010010111010111010010110000111110011101000001011100010000001100010011010011001111111
101010000111100110110110101010001010110011111110011110010101000100010000111110101001001111111000
001111101000010000011001100110110100110110100000010011011011010110101010000010110010101000011101
100110010100100011011011001111101110000111010111110010011010001011011111001011100101000011111011
010100010010001001110111011100001111001111011001111000101010011010101010000000111000110101001101
001001001110111001111100001111011111011000110100100001101110010000010000101110100101110100001110
101111010100111111100110110010001111101000110111100111110010001110110110011001010001000101111011
010110110010000110000000100100011000000011101110110000010111010110110000001001010110110100001001
000100001111101001011110101100100101011100101001100101111101111001111100010100110011001100011000
110110100101111100000101000001000100111100001110011000011101101101011010001001100011001100001111
011100001001111100000001011010001111000111110011100101110011100100011110010011110000111111100001
101111000101010101110110110100000101000101100011100011100110110110010101101111101000110111111001
101001111100110000100000010101110011100111111010011000010100000101110101111110000100010011011101
011011100000001100011000100001101000000001100111111010000111000010001001111101001011100010000110
001000001010011010100101010110110101101100111100010110000011001011001000100100001010001110000111
010000101100011010001101110000111000100101101100011001111010101110001001110110011000111000111101
100111011000100000000010110001010010010010100101100110001110111001010000110011111001100011101111
011000111011100111001011100111100001101101010001100100100101101010010011101101100011100101001010
101110111001111010011011100111011001111101001010000101011101101100110111001010101101101011011100
110110000000010001010010001010000110001101011101111111101010010010011110100110111010111001001101
010101110100010111000100111001100111101101001000111110011111111010001010111110101100110010110110
000000010001001001111111011001000001101011000100101111110111101110011110100000010010001111011111
011111110011011000101101011000000111001110101010101001000111011110111011001111010111010111100101
001001101001100101001101001100100011110100000001011101000100010001100111001010100100111110001001
110001001011010011001100010111111100100000010000110001001000001111110010011000010111110100100100
001111111110010011101100001101101101000110111101101001001010100100111111111001110010100011111010
001011001110011010001100111100001010110101011100001011100101101111011011101001100010011001100100
010110111011110000000011111100110010001111011011000011101111010100100000010011111010111111111100
101010110110101000010001010001000101111000011111110010111100100101011111101001110110101001111010
010100110000100101111110001011011010101101100011010111001010011110010000011010011111101011100100
011000010000101010101010010110110101000110010001111011111000100111110000101010010001100010010101
000001111011001000100110110111010000010000001001111101101011110110010101111000101010000001001110
000100000011011001000111100001110110011011010000111001101101001011011010100000100100000010111100
001101111100001100011000000100001100010101001011101101111011111101111010100010011110111110011100
010011010100110110001010100000010011101100001001011000010101100001011000010010000010010110001011
110000010111101010011011101100101110110111011010000101011101110100010101101000111110011100100101
011111101000110001010001110000110010011001111010001010010100000101010011010010010100101100111101
000010111010100100000010111000001111100100111110001000100010001110101001100010010011010100111100
111001101001101111110000100100001011111010111100100100000000111001110111100110100010101100110100
011100001010110010011010111011011010111011010110000010011111101101011000011110111100111111101111
000001001000011010100001111110111111001011010111110100011011011110011110111110110001101010100010
110010001010110101001010010100110011111110001000101101010001101000111010010001100001011111111110
111001001100001001111101100001110010010000011000111110101010100001010010100001001000111111010101
111110010000001011000010111001001100000100010010111000011111111101000010000110100111010010111100
100100101100110101001110011001011111111000011111010010001000011111010110100010110110011010010001
010010101111011100011010001101011101101001011011100000010111000001001101000000000100101110010011
111101110101001001110111100010100110100011000101001100001001100010100100010111101101010101011001
011111010100010000000100111100100011100000101001011110110100010011010101001001110010000000001111
100100110110110111101011010001110110110101010100000011010001100000000111100100110001010011000110
101111001111101101110011001100001100110000101010000000001111100001101011001010000101000010111100
010111001011100110100110111100110000110010111011110011001010011111101011101111110101111101100011
010010000100110001010000000011001011000111101011101110100010001110110110000111100000011111110010
111110010110001011010100100100011010011011101000101111111010111110111110000001000101101011000101
100101101001111100001000100111101001010001000010111011101000011110100000000111000011010000110010
001101101110101101111101100101011101011001101010100010000110101010011000001000010111100111000110
010000111110111011111110101011001011110001001011011101111100011001010111001010001111100011010011
110000011000101101100001000001001100110000100001100000001111101010110100101001010101011010101101
010000110011101010100010110101000100010000101100100000111010110001110111111100011000000100000110
000111001110000100100010010010000010111011011000010010110010010000011011101001011111100011010101
100101100100101111101110010011110001101001111100001101100101111100101100111001100110000111011110
010000111101000111111001110100000101111010110110000000110110101101100011101110100111010111001000
001101111100010111010000101111111110010100101010110011001001001101011100001111011110111111110010
100100101100100001010110111100111110100100011011110110011001110101010011100000010011101010010101
010101001001110110111100010110111001101001111101101101100011110000000001111001001011110110110000
011001110000101011110000010110110011010010000100000111000010001101111100001100000111010010011001
101001010001100100000000001101001001001001010010110110011101011001000010001111011100110001001011
010111100001100101011111011111110011001100000001001011001001010010110011100001110000110011010011
101000110011110000100110011101101100101000001110001001010110101000101011001010010011000001010100
101011101111101000101010011100001100111001111101001000000000011000111101101001011101111011010001
101000001000100011100011111010001010010111100001110001101011010010000110100101010111110101111100
000001011010000001110010001111111110111111000110100100110100110100010011101011011100101110110110
100000111110011110001100011011101101111100111000101010111111011100000100000101110111000101011101
010001101011001111000100011110000100111000000001001111001011100100011101110101000011000010001111
111110100010101000001001001100011011110000111010000000101100100101100100100110111010010000100000
110101111111101011110000110000101101101011111101101001011010100111011111101000100000001011110011
111100001000110010110110111000001010011101001100010110000110000000111001101111101000000000001111
001000111101101111000100110010101011000100111100001111001111011001101100111110110011111110110001
110110100000111000011100111010000010001000111111000111010001110001000010000111001000010110001000
000110110010101111011111011001111111100110111010100001101011010111101100011101100110001101100100
001100101111101000000110110010001110010110100110000011000101011100011000110101011100001011100011
110000000100101110111101000001111011101011110010001000010000100101011100000001011000001110010000
011000000111011010111001100010110101000100110100100110101000001100011010010010011110001111000101
000111110000110100110101011011001110011010110011011000000111100010011111101101101100001111111000
110101100011010011011111111100100011111100011011010101101000011010000010000110110100101111011100
000101001111110001000111000100110000000011110000101010100100101111010000110000000100101100110000
011100010110111101101011000110111100101111010001011101011001011001101111110011001111100010011010
100100000101110101001010111110010010001101011110100011011001110000111101100110100100011001000011
100001001110011000110000111000110101100100001001000010101000011101001100010101010011110110111101
001001010010010100000010110001001101010101101010110010011101001111110000010011110111001000110110
010000101100010110101001110101110111010000000011011000101010010110000111100100110111010011011111
111011001101000001011101000010010011000110011110000100001100110010111100100111100101011101001001
011000001101001001101011001100010011111011101110100100101011001101101010111000101010011000010000
111010100001110111000110011000001000111011101011100011111000011110000000001010101111011100110001
001010011001001010101010101000000111110101111110101100110000111111100010011100011000110001110100
001111000101101011000111101011010111011011001011110110101100110000111000111110101111100001101001
111000110010011001000111110101110000011110001100100110101010001101111011001000001010001011110100
100110111110101000101110111010010100011110100111000000000111110110000110100111110100010000001000
000101101011010000111001011001101110101010000001100101001011000000100100001111111110100111010001
011000110001111001111101101111100111101011011111101100011101000001101011001101101101000100111110
100000100011000101000011010100101011110010101110101100010101010101001000110010110001011001110011
010101001001010011000000001101100011110001000010000101110010010010110011101011111010000001110000
010101000010110110000001001110111110111100000010011000100100110001010111110010001101101100000100
001010001101101011111010100100010111010101001101110110011101110101111010100100110110101110010101
000000100000111010010110010011100101010101100111000110001000010100000011101101001011010101110000
001001011011111011101101001010100100011100110001010111110101010000110011101111110001100101110001
101011101100111001010011110100100101100100010011001001010010010110010110000111011101010001001011
010101000100001110011011110101000100001010111000001111010111010111100101111011010010000001001111
110100100101101110011101001101110111011100010010111111010111000100100100101110100111111101010001
010001010101101001110101111000110000101111011011000110110111010111101111011101000001011110010001
011010011011101000110000100100111110000000011010111110110111100000110001010110001010000110010011
111100011001010001001010100010001110000011111110010100100111000011111000100101101000001010000111
100010100000010101100101100111000111011100100111101011001001110011100111110000000011101101001010
010010101001101010110011110101000000101001010000111111110111011011010000110100100001001010111111
011000010000010010011001000111111111100010000000101111011001100010001010010001010011111001001111
000111100100111001100110110101111000111111000010001100000101001010100110001111100010100001010101
100101001111011100111011100000110111011100110011000101100010000110101011100100110001010010111011
000000111101101001110111000111110110111101101000001010110111110101111010010001011101001110101010
101101000111110100011101010111101010001110110110001101101111111101111101001001101100100001101000
011000100011010001011000001000001101100101101111100001011100010010110110011011111000010011010100
110001010111110101100001001001011110011011100101000001001000100101111110001001100110111111101001
101001101011100101010100111001001000101010111101100101011101010111000010010000110101101011010111
110000010111111100101101110101111110101101010010011001011100001110001110111001000101011110011100
011101110101110101000101000100011011101101011110111100101111110101010110001110111101000101011011
001101001010111111011110000011101000110111011110101010011010001110100001110110001010010001101110
111010100111001011011111100100100001011000001000111100111001111100101011110101011010100011111010
101000111010011110101101111000101101010111110000100101011100001101101011101010001111111010101101
111010001110110001001011010100111010110000000111010101101111100111001000101001111100100100001010
100010101011110010100000110011000011000001010101101010011101010001001001101011100101000010011110
101001100001110100011001111000000001110101001011001110111101100011111110001111110010111111000011
100100010111000010011110111000001110011110110010110000000100000001001001000110000011010010101111
101101000010001100010101101110100100000110101100100000010111011000111000111101011000011001110110
001011111110010111110100000001000010110011000111010000101000001111001001011001011010110001101101
011101001010001010110011000000000011111000011010000101000100010010000111010100100011000011010000
110000111001101001010000100101000011111000100110011100111101110110010100000001011110000000111011
110011001100101011011000011111100101010000000011110100010011011000001011011110101100001001010111
101101101101001111000001101000110101011110000001111011011101110001010100001011001100101101110101
111000000101011011011010000011010111001001010111110001000000011111100110000110010011100001011101
000110010111011100001011110110001100001100011001110100100101110101011000111101000001011110010011
101011111010101000001011110010111110100000010110101011000001100011101001010010100011101101011011
011101100111100010101111111000001100101111001000111001100001101010110111110100100011011011010101
001100101110011110011111100101001101001011110001000000001000001010011010110100001000111010010111
101111011110001001000011100111010010100111000101101111100110000111110111001111100110110011100011
100001110011100110100101100111011000101101111000000110111110110000101100111110000001110011010101
000000011111100011100100110010100111100001011111110110100110010001110100001001100001100001001111
001000100000011110010111111100110110110001101110001101100010100110000111110001000111001100000101
101100001001011011011101000010100001101111010111100001001001011100100011110101011100000001100100
000010110100101100111101100100110001010011000100100001100101100100101000010000111000010101000101
001111000011101010001000010011101111010001100010101100100011011001001100110000101100101000111111
101100000100110001101000010011011001011111101010010010101000111000001010011101101000011010000110
011111101000100100101101110101011000001010101011000000110010111001001101011010101101100110011001
100100110111110101100111010101111000011011100111011001011010111010101011111010100110010000110110
011101101100001011010100111101011100001101111001100100100100001000111110000011100011100000000001
111111011110100101000111010101000001101010111111100010010001110111111011111101001001110010011101
110001001110110000001111110011010000001100100010010001110110010001111100011101111101000000001101
100111101100110100101101001101110010110101001101010100000111110011010001111111011010001101000101
101111010000110010000010100110101011001101000011000010010110101110100110011011010101010010011000
111010010000101110110010101011001100010111111000111111101100011000010001111110010000111100011011
100111101111101010101110100011010001000011001100101111001001000001110100110110101001011100011101
101011000011101101011001001101100000111001010010010100100000010100100010000110000110011110101100
111110111111000000101110011001011001010001100001001110111100100011001011100001111101010011011010
000000001001001011110110101100011101110001011001100010100000111101000100011011011011010000000010
001111100110011010100110001101111101100111011000010011100110001111010100000010010010100101010001
111110100100011010001001000101001111011010110101011000111110010110111001000110000111111111000101
100111101000110011010101011100110100110110011001000100111111110100010000001001000110100100101000
110101000001111101111011010101001011100111110110001100110110000100000110101111010100010100011111
111001110000011010100111000100100011011010101000111000000110100001000011111110110101110110101110
111000100110111101001111101101110110010111100001101010100011110000001011101110111010110010010101
110110010000011111001100001011001101000110001000100110101110111010000111100001100000010010111011
101010011101100111011000011110101010011111110111100110001001010001100010001111100100011110001101
011001001001010111101010110001101111000010010011010110101011110111011000011010100000110011000110
000110000011001001101000000001111101110001001000011010111101000110100110111000001101000101011110
000001001101010001100001000110110010001111100001001011110110010010111110111011000110000001010110
110101100000011111111001101111011110011111110011110111010111110001010101100110000011011010111101
011001001000011101111101100110010111001011111000111000110101000000000101010101000001000011000101
100111000101001011000111100111100110101011000111001011100100000111110110101100101000001011101000
100010111100111101001111000111101110001010101100001010111111011001001111010010100101110110101111
110010110101111110011010010011000110111001101010111111100011100110001101111110001111101101110110
100101011110100011110011101111101001111110111111011011101100010011011010101101010100111000000101
011011100111001110010101111011111010001110001101111111011111010001111111111000011100010110101010
100101110110001100101111110111101111110010000111110111011111001010001000110101111111100110100001
110000010011011111111011010000010101001011010001110110001010010011110000101110101000011001000000
011011101010011100111111011010011001100100100010000100101001111111110001000001011101010001000110
011111111111110110100000011110000100000001100011011111000001000100110110100000100101101000100100
011000011101001111010100000000011101010010000111010001111000100100111111101100100010100101001111
101101110101111110000110000110011101011001111001100000110110001111100010001001010001000100010101
011100000110010101001010000110011001011100010011110011010100011010111100011001110001100100011000
001110111101010001101010000001010011100010111011000100001011101011000010111110100011101010101011
110100011010101111111111100110111001001110101010000011010011101010011000000100100101000010111100
101111111110100110100100000000110011001010110110001101000110010100100010101110011001001110000100
100010000100111010000011010000101000001101101101001100111110000100101101100001001011110100101000
000000110000100001101111110000101111100111101100000010011100111001111100010001100010111000100100
010011101111101011000011011100001010101100111000101010010000110101010101100101001001101110101100
100010001110100110100001000111111111001001111011000000011000010010110001100110110110000101011000
100011100100010000000000001111000101111100000010001101101001011000001100001101101011100011111000
001011000110010100101011100000000000110001010111100111110011111001100101000110100100101110100011
011101111111000110111010101100111001000111001110111011110110110000011010011011110001010100110000
110101100011100010010001010010000011101011001100011110000001001100011011110001111110100110000100
011011011011001100100011010001000110011100000110000010010100100001001010011010110100110011101100
101011101000010110000000101001010011000001000010000010010011000101011100000011101001010100001100
100101110111111011110011111010101001101101011010101001110110100001011101010001100000110001010100
001101100101010000110001001001111101101011101101001111010000001000111000110100111001011010011000
011010101100101110011100000011011100110111111111110001100101000101000011011100011110000010001110
101111100010010011001110101001110110011101011100000101111101000101111000110011111000111101100000
001010011110010011110011110110110011000000110101110100011101101000001110000011000000010110111001
110000001011001110001010010011001001111111010101010100100010100101011111010001100110000110110000
010111011011011101100011000100110111100011011011011011111011000111111111111110011100100101111000
001111111110001011101001010011011100011011000101010101101001111101010100101000111100011010110001
100001100101001001010110100111111101100001011101000011110011000100111111110010010101011110111000
011101011110011110010010110101110001000100000000110001110011010101101010101101010111010111001110
001000010111001000101001101110110110110100000101111000101101111101111110110011101010110111111011
111011101000110111111001101100001100010001110000101000111011101101110001101001000001001110100100
011010100000100110111101001110100010001111111000100001101110111101010101101011011111110111010110
100000001110110100010100100000000101111000000010100011001110001100000110110110011011100011100001
111100011011011100101000111100011110001010010001111111111111101101110101001111000101000001111110
110100111100010011000100010101110110010000100111011001111110000000001000110000110111101110100111
100001000001110000000011110111110111011100001100110001010110011110000111110101011001101101101000
101110100011111001001100011100110110100010001010100110001111000110111101100110001011010110101100
000101011011101000111110100010110010101000000110001110011010111101110101110110011010010111011010
101011010000101000000100110001000100101011110000000011010010100110011110000110000010000011101111
100011100001000011101110001101100110110100101010000100011010011001000011101000110001100100110100
001111111110011110001001101011110110110011100010000101110010010010010001111100110011001001110010
001101010000110101001011011100001001110011001010010100101000101011111000000011000110111011001011
110100100010001001000100010101101101011010100100001010010110101010100100100100010000011010001101
001011011101010110010110100000110101001010111011110100000101100101011010111000111000001000001000
111100001011000010011010101101110001000101001110100111100100011101100101010011101100001010011111
101101100001001111101111110100011010110110101101001000100001000101000110010111001100000110011000
100100111010011111010100111110011101011010010100101001101110011001001001110011000011011100011100
110111011101100001011110010110001011011100000100111001101000000111000000111101001011110111010110
110111011101011111010101011100101111111000011101011011111101100110001110000001011111001111011010
000010000010010001101101001000010011110011101000100110101001100011100011000100001110100110111110
101000101000110101111110001001111001111000011010001111100111110110001010111101001000010001100011
111110010000011101001001101111001000101011000101001001001110001011111011000111001111111011100010
110111100000101001110100011100111001100110111010110011010001000010001110110011101111101000111111
000101000110001110010110101111101001111011100001100111101011010001011001111000100010110000001011
001100000001000011011011000110100001001111100101101010010001001110100011000001101000101110000111
100111010001110111100000111100100111011101010110011010110010110000101011000001111101111000101000
110000110010100111100001001001010101111110111100010000101010100011010011111111110110110111011011
101100100100010100010000100101011010111111010110110100101111010110111000111010010110110110100110
011100111100100000101000010100110100001101010111010011000010111011001110001001011011010000100010
101011100110100101001101111100010001000011101011001111010010011101010010001100010101101010011001
110001111111001010001011110000001100000101010000011001000001110101101000000010101111100101011100
100101111100011011001100001100000110010111001001100000111001011111111011101101010000100011000100
010001011011010111000101111011001000010010111101111101001100100001010110011100100110101010001110
000110001001010101101011001011110101110110000011111000101000001100010010111001010101111011000101
010000001011011001110101100010000001110101111101111101110010100111011001101111100100000011000110
000100000101010110000001101110000100100001101100000001000111101001001000111110000001100101010001
100010111010011100101011011110110001000000011000101011111100001001111100100010110000011011011000
110110100110101101100110100111111010010001011110111100110010110110111010010100111110100001110001
010100101110101110101100000100100111110101011111000011001111110110111110010110101000101111110110
110010100000010011011101000101011001110001100110001111011000100100011001000110111000100010101010
011010101010100111001110001000010110100100100100110111100000010100100111100001000001111101000100
111111111000011000111000011111100011000111111001001101010011001000111111010001010000111100001100
111001001011011101101110000101010010111101100000100100010011010000100111011100111111011111111000
011111111111000101111010110001110111000111000110010111101001101111011001001011100011110110110100
111000000111101010011100000101111011011111110001000101000001111001100100101110000101110111110111
000100100111010000000101011011010111011001110111111001001000101110010011101100111101110101001010
111110000001010111111001001100111111000110001001011001010100001010011101010101011100110000101101
001100111011111101000011100010101110100011100001001010010010010101111011101000101101101111001011
001010001010010011101011100101011000011011101111000001011100111111101010000111100110101010000101
100111101000111011000111101100111001110110111010000011011101001000110001101111101100011000110110
000110101001011001111001100000110000101001111110010011001100011101111110101011101001110011101101
111011101101110111100100100011110111111010001111101111101111110101010010000000001110101101000111
000100101110110110110011110110111000111001010101111001100101010011100011000000001001100011101110
011100101000110111110000000010001011111011000111000011000111111110100000100101000101001011001001
100001010000111010011010101001100000001001010011101111001101000110111001011111110100101100100101
101000000100011111110110110110011001011001001110101001100100110011110010010100101001101100011001
010100001110011100111011111010110000011111100101111010000000001111101100101000001111000101010100
011101110100101100111001011001111000100100001100010111000111101001111110111000100000100110110000
011011110111101011101111011001011110111011101110110100010101011000110011110101001110110011110000
100011111001010101011100010010001011001011101100000001001000000010010001101111101111010010010100
001110110001000001110111111100001100100111110000011111010010111100000110101011011000111100011011
100010111001100101010110100100110101000101011010110100101011111110100011100101100010011100010111
001000011011000011010001100110000111000100100111010101000000011010111100100001110010011010000110
100000000111100101110011111101101000011111101010111010100101010001001100010111011000110100100001
010101101000010011010011001010000000011000010001011111100010111001011100000011101000000101100011
100100100101000010110110100111011000001111011101001101100111010010001101001100111111001101101110
011000001001010010010011010101100000101100111101001100101110000000111100010001000001011111101001
001111110001011111001111010010010001111110011001001101001001111010011010001111011111010000010000
011111101100101100000010001110101101001111111000110100100001110100101000010000110001001101101001
100111101101001011111011001010101110001111101000011010111101010100010101100000010101101101111000
101001110100111111111100100000000100001100101011101110100000011100000001001111101101001001110001
011110000100100011110110010010000101010010011111100100100010111100101010011110000011001000011100
001100010101100010001101001110110011101111110011000010000001000001111101011010000000011010001000
000001000010110010111000111011010111111010010011001100010110000111010011101011010101100010001100
110010110001001010111101011001010010110111010001100000001101101001001010010010101000000101100111
011110101000011111110110111010011100011111000010101100011001001010010000100101010101011111100001
101100000001111110111101001000111100110001011110101110100101000101011001011111001001001011000011
001001010100110100100000001001011001100011110010001101000101011101100101101001010010001100100010
101110010101111100011101010010001100000011100110010110100100010011011101100000010101101001100010
100000111110011011011111101001100010101100001111001000110001100001110111101000010000001101111011
111101110101110000100100111110110001111110100001100100100010101011011000110010010000100110111110
011001101110000011100101011101100000111000110111001011000010011001101110101100001011011100010010
100100001010010000110000010101010110110101001110011111101010000010000111000010000101110100011101
011101000001010111010010100101111010110000100111011000010110110010010011010011100011110110011100
010100111111011111111001001111010110001111111101001000100101011011001100110100110111110100100110
111110001101100000001001000000100001010011101011011111010111011101110001001100000000011001011101
010000111001001001011110010111011100010110100011110011100000000000010000100101010100011101000001
100010101110011000100111010100001010100101101100100010111100110111101110010110010010110001000100
111101100101101011100110110000111100100101100010110111111111011010001100101001101111101111011111
010000110010100010101101010111100111000000110011111110100100001111000000100011011000101100110011
011100101101110001111000011111010000011000101011000110111011000111110110101001101000001001000001
001110011110010110001001000111000011111001011111100010010000110001000110101001101000110000110000
011101001001000110001000100010010101111111000011010000100001111011000000111100011110110110111010
000111101011001010111001000010111011001110011101101010000111011101110001101011011101010111010011
000101000010001100011010100101001010011100011101100001101110110101010110010010010010000010101111
100011011110010111110100010111111001100101101111100010010000100100001011011011100111101100110110
111101101110001101110101110010010011010001001100101000010001010111111000100110111001110111100000
011001000111100100100101010001100110000100100011000110110100011100100101100010011110101111110111
011000010111000111000100001111010100100110000011111111110011111101001100000101111111001001001001
101110101010011101010010100100100010101100001111000011111100111110011011111111000001100010101010
100111001111011000101111101000101001101000011010001000010011100000111101000110011001000000111000
000111111010100001001100110011111101111100101010101010010111010110001110000001110000101111101001
000100011001101110001010110111000011011110001001110001000110111111111000101111101000110001111111
010011000010101100101000110100110001101011110101001100101001011110010011011011100001100110001011
101011010110010101111010111111100110101001011100110100000000101101000100100101110111101001101100
010001101110001011001100110110001011110100001101010110100000000011101111110101100010011101001100
010111111011001010111111000000011000110011100100001001111001110101011101011010010101001011111010
101001001001111101101111001001110111010111110111010010001100001010010111111101011101101001000000
010100110111010000010111001101000001101111100011100101001001101000010001001001010101110101100100
101110101101100010001000101101100011110101101000101001101010010110011010100000000010010101110010
110100000111001011101010101001100000101001110000100100111000001010010101001111001100011000011011
011110100000111111001001110001010111110111001010100111000011100001101010001000001111101010100101
011001100010111100010011100011000110111110000110110000011101110000111010000010101001101011110100
101010100110000011101100110001010110100000101010010001101111011110001001010111111011010001111001
111011011000110100101010101101101010001101010000110110100100101000101010010101111101001101001101
111100110101111100011100000001000010001010001011110010010100110011111001011110111010001011111111
010010000110011100000111010110110111011110100001111110000000010000100010000110101010000000000100
010110000010111101011100011100111011111010011101101000110011100011001000110101010000100001101101
011111101000001111110011001110010010100101101101100011100101010110010100111011000001111011010111
000100100011010110000011010100100110010000110001110011010011100001101010001111010110110101000011
000000001011001011011000101011101111000110100110101111100011001001001001101001111001000100101100
000010000111100101001011101000110101011100101101101100110110111111100011101110011011011010110010
100011011010001111110110011001101100100000010101101011000001001111010100100010001100110011101000
101010010111100011100100100000111000010101100010000110001100100100100001100101000010110110010011
000110101011101010110011010101011011000010011011100000111100000101011011000110101001010000011100
010001011100001110110111100101111010100000100001001110111111000011110111110101100011000010100110
110011101011001100010110101100001000100110100010000100001011010111010101011100011000010001100110
011111010001100100000011101110100011110101101110100111000100010010111101001111100111111101001011
001001011110001100100101100010001111011110010001101010010111100100011101011000110000011111001111
111000111101011010101001011110100000010101010111110110111100010001100011101000000010110101000100
100101001110000111011011010000010111011110010000111100001010010111010111101011000011111001101100
110011100001010000010110011011100011110101110010110011100100001100011100010011101010111101010100
010111100011110111010001101111000010010110010100100111101100100101101100010001010110100010001101
101000011110100111111010010010101001000011000010001000011111111010101000111100001110010000100011
101110001011101011111111000001011100001111111000001011100011101000100000110000011101011100110010
111101001011011110001010100101111100001010011000100000110000111001101110100011110100100111110110
000111001101000110000001101010111000001010000011010100101110110010100101111001011011101011010011
010100001001000001100001101011001011011001101011000100010110010111111000011011111010101011001100
011010101100111110110011000110010101001110010101101011010011010110100000011111001000011011011010
010100101111111100110011100001010101100111001110110110000010000101000100111101000011101100110010
101000010011011100101010101101100100010111000100100100100101011011011101011110010001100101010110
111110111001101100001001101110011011011110111111100010110011110010100010110100111101010101010000
100101101111110101100010011100000010100000001001010111001001001110101111110011111001001110111011
110001100100111000011101000110110111001111111011001110110001000011001110111110111010001011011111
101001111011101001000101111111110000110011111010000110110001110111000000010001001010011101011000
101011110101010010000111000110100011000110100111100001010101100110011000101111011001110011100000
111101001000100001011101101110000010110100011010001101010101000011101001010000100000011011111100
001001101111110001001010011101111100010011001010110011100100010111011001110110100000101001010001
100100011001001100111001100000010000000101010000101101101000111000011000010111110100100110011010
000011000110111001000001110001011110011011111001010100100011010110101001011100111110101101011010
010110010110100000011111011001110110111010010110000000001001010101000110010001111001101110101011
001001000000010000111011111011100110000100011010010111010111100110010100010011111101111110001011
110011001100011100110111111011001011011011010001010010101001101110101110010110110101010110000101
101101000010000001011111010011111001001001111000011100010011001101011101100111110000111110001011
111010000011010111111101000101000011001111000111110111011111111110011000110011100101010101011011
111100000001000010110111011001010000010000010101011111111101011101111011001111100000010011100001
111011001011110100101011000001010011001100001111110010010100011000001011100110100010001011000010
000000001010001000000111110100101110011110000110010000111100111000101100011011001011111101100010
101000101011100010011011111000011011110101101111101100001111001111000001101000001101011100110000
000111100101001010111101111100101010000000000111000000111011110000011010101010010000110110000010
110000100011000110101000001101101000001110001001000101100000011001000110110010110101011111101000
001100110110001010100011001101101010100100010011110111000011111010001110011110010101010110010010
011101111000101011111000001011010100110010111111100000110010111101101000010101000001101111111001
011100111001001110000011101110110100010010100110110100110101110111110011010110111010100011101011
010000001011001010100010111101001110011100011111111100111001000101111100011110010011101000100011
001010100111010100000110010010111011101111010100111010010101110000000100101111111000100111100011
011111001110110010001111011100100101100111100111010011001010000110011111100000110110001100100110
111010100101110011010010100110011011010101111110001000100010010100111000010000001101010011101000
011001001010010001100111000111100101000010101001111010000100110111100000001110001100000001001000
110111000110011111110000100101001101011111011111101001001000000110100010111000100010010011001100
010011100111100111110001101001010001011011111000011101011110010000111010101100111000100011111100
101111001000011111011011000011000101100010010101110010100100010001011010011010011000011110110111
011010110111100111010101100000101010010110000001111111011011100001001010110111010101000001110001
010011110011110100011101001001011001100000111100101000110111011100000100000110010111000111110100
010110000101100011001110010111010001000100110000001100101100011011000101000101110010100110010101
101111000011000011111010111010010010011110001110001110111011111100001101111001110000110010110011
101010001011111111100010110011010110011100111111101001010010000000101101011000110001100000001000
001111100011001101001010101000010100001100101011100100100101111010000001010010000001111100101011
111000110010101101001101110100100100000000111010101101111001011101100111001010111110110000001011
110100001000001110000011100010000010101110110001011111001011011111001100111111001001101101110000
110000011101101101001100100010001111000110010011100001011101011110110100010110110010100010101000
111101110110100011100101000100100111101010101000010111111100101100010100100101000001100001001110
011101010111011001001010101010000010001011011011001100110011000001100111110011010001111111011110
010100110111000001101101010110010100001100000101110110101110101111110000101000001011011110011010
100101000110001011111100111011110000000101010100110010100111110101001001000001011101000100001001
001000101010011111000000110011111011111110110100100000011010001010111011111010001101100010011100
111100111101111110001010101001000011110111101110001111101011100111100001111110101011101101011110
110011101000111110000110111100001010011011100110100101001011100001110000101001001111011111100110
101010010000000110010110101111001001101111000111100011101100110010101100011110100011011111010010
010011100011011110110010110111110011100000100101011001111010011111101101110111111011001110101011
001100001011001011010100100001001001001001001000111100010001100110111001011000111010011010111101
100111111111010000001100110010010010000100101011101000110110100001000110011010100100001101010011
011011100001111101011000110110010101110010100000111001100101001110100011011100110011111010100100
001010011011111011010011010001110110101000000110010010111111001110111101000000000110110110011101
001100101100111111011111110010110110101101101000000001000111101100001000100001011101110111011001
010001111001011000111111011111100000110010110100010010001011100101001011000110110101101110010010
110000010111001101111000011001101111100010100100100110011011100111010110010101011100111100011010
011100111110100011100001011001101100011100011001111100010001100001011001011001111111010000100000
101001000111110101101011010100100101101101011100011011101100001101011000000001111011100101111100
110001101011001100110000100111100010100101000110000100111100000100011100111001111111010101011001
111101011111100000111010111001011001001101001111010011001111101111010001110001011100111101110110
011110011111110001010010101011101010010001000011101100000011111110111000011010100010111101110111
001001111001110100101000101100100110001101111100100101001111101100011011111110000111101100110000
011000101110110011101100001110011110001000111110110100001100110001011010000101011000100110010011
101100000001001010101101110011000010001111100100101111100010011101000111110110110010001001000101
011000001101111110001001000000011001101110110111010000001111000110111101001000111010111110110000
111111010000010101010000001000101110101001001010110000011000011100001110000000010110000101000001
101101000100001100111000001000111000001101010011111000001101110111000011011100100101000111100001
000100101111110011110110010001000001110001100100010010110001010110111011100000000000001110100101
