010001101100111101011011110111110001000000111000011100010010001010000101000110111100100111110110
010010000110010010000011111101010010011101110100011011111011001100110011100101010101100111001000
100101001100010010111010100100100101010101110111101000011011011101001000001101010111011110011001
011000110100100101001110010111000110100100111001100101100010001100110111000101111001110001011001
000001100001011011011101110000000100010000111101010010001101110100111101000001000100011101001001
100010100001111011011100011010001010111110101001011011101110101111101000000111110011111111000100
000011000010000000110000011100111100111100000111110010110100001011001010111100100111100010101011
010000011001001010111011001110010010110110011010110010110100111000110101010110000101100000100000
000000110010100110001110001111010111011000011001100001111000001100011000111001101101010001110011
100100101011111001100110100000001000001000110000001001110110110101000101110000001101110001111101
011101111100011111011001010100111101111101100001000111100111001100101110001100001010100111010011
001000111110000111110010101101110111000010111011101010010110110001000110101000001000001010011011
110000001000101100100110111011110101000100101000001001011110010011100110110100011010100000001100
111001110100011111000100111111000111111010111100000011101010100011001111111000111111110100001111
110000110011101100001111000110000001010100101001001111100100010010101100001000110100111000110010
011011101101001110010000011001101111001000001110101111000010100010010001110001000111111111111101
011011111011110101101111111010000000000000110100110101111011110101010001101111111000111100000010
011100110011101101000001101001101110111101100000110001110010100101101100100011010000000101000101
110111000101001111000101100011011100011111111000110000111000011110000100001011111011101100010001
110000111000110101010101011101000010001100101000011010100011100011010001110100000100101101111001
110110010111101111000001100110011000010100001000111111001010010011101111010111110100110001100111
111010001101011111011101010110010010110100010010010010100001111011101100110011011101101101010101
000001000100000011110101011110010100011101001001100110010011011111100101000000110001001001111011
011000101100100001000101001100010011010101010111010011111101010111111001110001010100111100000100
010110101110101101101101000101101010001001011111100001001011010011001010110100100000100010110111
101011011001100001001111011000000010011001100110101111101010000001000110100101011011110101001110
101010111000101100001111001111100001101100100100000111001101111111000111001111110100101101001110
011010111111111001111111010010000111100111010110110000100010000001001010001110111101001110111101
101100111010001000001010110110110111100001101100101011110011011111010101110001011010010100100100
001100100111011100100101001011011000110100100000010000100100110111100111010001101011011010011110
011000001011001100011111110100111100101011100100011100111001011000000000011111111001100100010110
011000111000011111100100011011111011100100100011110111000100100111000101000110101001011110010001
011101010100111000110100010011100111000011011110001011011101111100001100000010101000110101000010
011110011010001000011100111001111100101111100111010100000001111111010000111000010001011001110111
100110000111000101101010101100010000110101001101010011101011000111110111101100000100010101111011
110101001010110110111001101101010110101101111001011100010011001001010000110110110011111101010001
001011000100100100001110010001001101011111110110100101110110011100111010010001000001010110010100
011001001010100011101100110101100110101111110000100110000000001110101111101001110101110010111011
101111010100000111001000010000111010001110110011000010000010110111110010110010100011111111101111
111110110000100111011010100000011100011011100110101011001001011110111011110001110001101101101110
110110101111011110111110100101011000001010100001111000110010110100110110100000001000000001100110
110101110000111011011110111010101001001110000000111001101010001001100101110010001001100010010100
000111000000000001101111000001001110101100001011001111000000001001111001001111101111111100101010
101110010000110010110100101000111110110101100010011011101010100010000111001111010001110011010001
010111011111110101101101011110001000100010110011110100001011101010100011000111001111101010010011
111011101110101100100011100101111111100101010111110001111111100100111101011000001110000010000110
101000111010111011001000000111101110011110000001001101011001011001000011111101010010000101100110
110100110100111111101111101011000000111111111001001000010100100111010001100001011011100011000011
001101010010000001100011010110100111000000000010110110001000110100100000011000000101010110001011
010101001010111101110110101100110001101101111010100001001101100100011111000001010000100001001110
100011010101011001000001000011000011011010101011110010101101010100001001100011101001110101110100
001011011011011111100001110011010001101110100011010101110001000110101000111110010010010011010111
011101110000010101100001100101110000110000111010110111011011111010010011011010010000100110100101
011001000110111101010111011011110001001001110010101101000110010110001010000110100110010011110001
010100010010111001011110101100000100001100000001110110001110101101010101001100010011111100010110
000110011010001011110100100010010111001100110001010100111001000001010110111101010101110101010000
111110001110111010101010101111100000000011011101111110101100000000101111101101100111101111000101
100100001001001010011100001011001010001010111110010000101110100100100100100100110101110011000010
011100001010111101010100101110011000101010011000101100010100101000001111001101101000101100001001
110110001001111011101101110011001011100110111101111101101001001010100000100010110111010101001010
100100000010001110010101111111111001100010100111111000100100101001010001001011110110001100101010
101011100011111101110010011011101101110100001010110000111111110011011111011110001011110000010010
001110000001111101011101001010101111101000110101001000110011110011001000101110011010010011011110
100001111111100110010110111001010010011010100010010001011000111100110001001101011110101110111110
010110011110100000000101011110111000101101001110011010101111010101101000100011010000110110101100
000010100100101101101101000000000101111010001110011101011000010001001000111011000011100111000010
101101100111001110001110001111011001111111011010110011110000010010010011101110010101011011100001
111100011010101000011001011010000101000110010110100100000001011111010010100010100101101110011111
101101111011101010110111010100010011111001011011001010010101111101111001001101000011111010110011
100110000001010110100111101100001101000000011011101000110000010111100011110010011010011101011001
001101010101101000101010000111011101011000001010100001110010010000101111000111001101010000100100
000101001001101111010111110010001001011011111100110101111010000111111001111101001000001101010010
001100110011000001011001100011010000000100001111101101011101001000011001010000111101001011000011
110100110101110000100000110100000100001000010100101101011001011000110100001101010011001011000010
010001110111011111101001000001110001101101100100010000010100010010010110101001100001000101001100
010000101001101010100000011000111001110100010001010010001000000101111110101011000011111000110110
010010011110111010011010000111111101011111111010101100100100110101001100110110100110101100000000
111101110011101010111010010101111110001000011100000010110111011001100011111111101011100101011000
110110100110011001110010101001011110101101100001000001100111000000101011010001110011101001100111
101010011011011011010110001101001011100110001100100011011000011011010101001000111001110011110001
010110111101100111001011111110110110100100111111111011101010110111001101010101100001111011010010
011011010001111100111110111100101110111111110011011110011001011110111100000111011110101001011110
100000110101001101001010100000101001011110011100010111111010110101110010011110100111011100100100
101001110111001001111011101000001110110101010101011110000101110110000110010000111000101101001000
001010110000010100010111100111010000110101000000011110101110100101010101101100101010100110001001
110000011111110001111110101010111111100101110011111101110100111110011101110000000110100011110101
101101101100010110001000001000000011011101011101000111110100001100101000000101001011011111011100
111000110100011010111100000011111010010101110101001101011101011011000000101111000001011001001101
000001011111010101010100111101010100111101000110011110100000001101001010100100001010010010110001
010111010010011011110011010001010100111111010100110010100001110001110101001010000100001001110100
000001100111101111101010110000111101101001111010111101111010001110111110110010010001001100011010
001001001000111101101010100000110111100010101000011010000100011000010011010000100100100010011011
110011101001101111111011100001111100101011000011100110010101111100001010000101111010000001101011
100010001110100000101001011100101110101110010000110111010101100101011010110010101111001100001000
010010001001010101100110001100001000110000000110010010000000001000011000001010011111110011110000
111000110001001000111110110010000011110101101111011111100000010100110000010010101100111100001001
001000101001110000001100010111001101101000010001101000001100111001001110010001000100101011111100
110000000100011001100010000000100111110100100011001011011111010100101000111111011111110001100110
100001010111001110000001000010101111011101100111110000000011010111111100100001101001101111000000
111010111101100001000111010001111010110011110101000111110111010100100010111001111011011010000111
000101010011010111101111000001111100000001011101000101011011110010110000111100100010100011111100
011111101001001010111011000001111011100000110100110111100011001101011110001011100010000111001001
000110111011110010110111010001110100011011001110110010111111010000000010111001000010111000100100
000101011000100110111011010010111111101001000000011100111010010111100010110000111001000100000010
101101100111001110111010001010010100011001100110000110000101110010000011111010111101000001011000
010000101101001011001111111111001101100111001100001100000100100011000010000100101011111100100001
011111011000010010011111101001100100101101001101101000001110100101100110110101010100101010001001
000101001001111111101011110000010100010111010010010101000111100110101010110001001010111100001010
100000101001011101001000001100001111100110000011110000010001001111000100110001111110001001001001
101111000101110001101111000101100100011001110010010101101001111010110110110010110111101111011011
110110010110100011100100111010110011100001111101010000000101001110001101001010110011011110010101
010011010000101001110011111011010110010001100100001101001101010001101001010100111000000001111110
101010101100100100101011001111011000010010100100100111001001111010100111010010011000110110111110
010111100101010010110110110000111010001101001011000100101010100000100100000011101100001100111100
001100110000000011011101001100000000100110010001010110001001101100110010101000001011101100111000
010101110010100011100110111101001011111101011111110111111010110000101000000111100110100110111100
010000110010011000111110010011110000111100001000100000101101111111110110111001101001100110110101
001111111001000011001011100000010010011110110001111000100110100001001010001010110100010101111101
100100100000011010011001010111101111001001011100100111100110100001101100001110000110010000111001
000010001010000100111000111011101110010100010100110111011110001001100001000111110100100101001110
011011111001000011000100001000100110101110011011101000001010010110011101100111000000010101010001
101000010001000101101111000000010110111101110001001010100011100111111110010000011011001101100011
100100110011011001110110000111001101111101000000000001010001000000011010001001111011101010011110
110011010001010111111001101110000001101100101000011111101111010010110101011110011001100110110101
110010101111010101011000110010111001101001010011110001000001000011011111000010110100010101001110
111010010111011111100101000111101010110101011001010010110101100011000110010001100111000111101011
010101110001000100000001011001111000111110001100011000101111010101100001001100001011000011110110
011010000111011100111010001100010001010100101100010110000010000101010111100100010100001011101100
000000010101000110011110000101011010010001010000010001110010100111011111000000001001011010100000
110110010101101110100110111011000000100100111110000001001110001110000101101010101111100010010011
101001100101000110011111011010100011101110110000110011111010101111000000011011011111110110011011
011101101011111111001010100111100110111100111111101110111111000111110000110111011110010011101110
101100100100110010010101000111111011001010100110100011101001100000000001011111101110010000100101
001001111001111001011011111000010011111100011111111001100111010110001011100000111010000110101111
011011010101110000111010100010000010101001110011100110110100010110000010010101000110010010110010
010001111000111110010110011111101101100001110111000110100111111011111101101101101001000111101010
110111011100110010101101000111010101101010101100110101010101111100110001100011010010101000111010
001101010100011111110100100111110110011010000011011001110000100000111100101100110001010110001010
100001001110111101000101110100110001100111101000110110101000111101010101110110011110001000100111
100101010001000001101111010011100001101001111100100100101001000011001100011110110010100001010101
010001010101100001011011101111101011000100111111011100101010110100001001001111110001001001001101
000000011100001000010100101011000100111100111110011001001101010001101011110110110001100111011101
110100110110110111101111001000110111100001110110111101000001011100010000010100100001110000000110
100010000111100011011000100010100000001010011101000110101001101000100001010010101001010010101001
010010011011101110110110010010101111000010001100010110011001101110111000101110001000001011111001
001001100011010010111010101100011000001010100000111010010110010001011001110000001010101010001101
001000101001100110100111000000011011111110100011000000001110111111001001111100100100111001101100
000111100110111100100011000011011010100010000101010111111101000000100011111110101000111010001010
011000011001110001001111100010110100111110000010101001000001110000010011000010111000101110000111
101100000101001010100001000111101100100000111001011101111011110110000010010110110011001101111100
001111000111111010011111010101010010000000100101110000101110110000111100000101011100101010111000
111110011111010011111011011100000101001101011111110111101000110111101000001010001001010110001011
110101011101111011101100010001011000111100001100101100100001011111000010111011110101001010011110
101100010110000011010001110110000011000110110111000110000010010111011101000011111111101010001000
010101101011000100100000001100001110010001011011000001011111100100111010000100010101001010100100
011110000011100101011110011111000110000001111111100111100001000001011100001100111011010000000000
101110000101010001011011000011110011111111101001111100001110011111010000100101001000111101011101
111101001010010001010001010101011101001111111100010011011110000100110111110001110111000111010001
011000111001011111101101101011001111101000110011010010011010001010001110001000100001011110100000
011111111010010100001001101001101100110001000000001101111000110000001000111010100010111111100010
101010100101110000010001001010011001010001011111010010001000101110000011101111110001101011101011
101001110010100001110010011111111011011010011011001001000111011011110110000010010001110110110111
111111011010000101011110101010111110100100000011110100010101111001100011001111101001001110110111
001101001010011011110100011101100111101111010101111010011111001000111100111010001001101100001100
111110101100100111001110111111000001111000000001000001110110001010011011100001001110000101011100
101011010011011101010111111010100010111011010000010011011001011100001010001100110011100010100101
101010010100010100111011001111011000000001111001100110100011101101010101101001101011010100100000
010011010110100110000011000011001100010100011111101111001100100000100011100000011001010100001010
100001011100011010100011001011111100111101110110100011011100001111100111110010110001000111010011
110001000011000110001111000010010010011001110001111100111000100001011001000000100011001100011111
010011000000100101011010010011001000010100100010101001100101011110001001101101000001101100000001
000100001101110101110010011111111011010110000100110111101111101101001001101011101101010100101101
100000110010100101011110110010010000101100100111100011111010000000100011111110101110100111111101
110011001110101010110111111010101111111010100001111011100001001000001111110111001100100101001001
010000001111011000111000010010110000001111111110111100101101001110110000000001001000101001011011
111101101101000100100000101100000101100110001000010010111001000010111001110010100111100110001111
100011100100100111010100100111111110010110100110100100110010110011000110101011111000100100011101
010110011010101010001111110110101110000110110000001111010011111001011100111101100111111001000101
111101001110011111100100010000011010111000110001011010101110010101111000011010011101000011000000
101011110100000011011011000000010001101001001111000010001110010111011100101110010110000111010001
110010010101110101101011010001100001111111101010010001100110011001100110000010010100011100110011
010011001111010100001001011010000110010110111110000111010011001100010111110100111001011100101010
110000111101011010100111001001010011010010101111110010001101110101011100110000110101000001100101
010110001010011000010100011101001000011101100100010111101101110111010011011001100100001001100111
111101010001001100110101100000110101001101000011010110000000111011010000001011000001110100100101
000110111110001100100011110010000010011101011000110110000001001011101011100011100000010100001111
010110011000010000010011101010001011111011111010001011110111000001000011111100010011000111001000
110110000000001111110000010110111010110100110000001010110111111010101111011101111000000101100001
010011000111101001001010101110001101001001101010110101110011001000010100111100111011011100110101
001101011110001101111001010000101010101100000011111001000011101100110111011010001100000001010111
100001000011100101000010100000100101010110011100010011001100101100100011100110100111111100011001
000011110100110101000001000000000101111000000000100110101001000111111110011111100110001100100111
001111100101101101001101001111011100100000100011101010011011001001000111001101010011000001010110
000001000110100000101100001000011101110001011111100110010111010001100011001101111011111111011110
000101001111111000110010010100101110011110011100011111111001010111100011010000111010011101000001
110111111111011010001111110001011111010100110001011001110111011100111000110100111000111111011101
001100101111001011010110111101010000111001101111111111001110111000011111110110001010000010011111
100010110101010000100111101010010000110000100110100100011000111000010010011001110000101100100001
000100001000100100110101111010100101110011111111000111100011101010010000100101001101001001101010
110100111000100111100000001111001110000000101001000010001010010100000000001111010000011101101101
110000111111011011110110100011000101001111100110011010010011000001111000011110011010110001000011
111110110111011100100010010000111000000011101000111001111001010110110001111000010000010000110101
001110110100010101010100010100110010101101001001010111001011100011101001111111111110101111101101
001111111000100110000001010100110001101010010000010100010000000110011001011100001000111101011111
001110001101101111110101100010001001011110011101101110011001111010110110001110110110100110101010
000010101010100001001011011000111100000010001000100001011111110111101101001000001111001001000000
111010100001111000010111100011001100001100101010011111011010111010011110010011000010000000000001
111100011011001100100111110010001110011011101101101101110011010111100001000001001110101110101010
100010100101010111000011101000011010001000000111100101100111000100001011011110101011001011111001
001110011000011010011001101110100100001111111001011110001111010111001101101101001000111010100011
110000010010111010100011111001100101011001110111111011011001000010100100111110110010010000111110
000011100101011110111010101011100111100101010101101000111111100111101001010001111001010110101000
101111001110100111000101011010111110001100011011011001010000000110001010111100100101000000111001
101110111111101100000100100011110111101100011000011011000000001001000101001000001110010000110101
100001101100111011110111111010000011011100000101111001001100111101100011000001011010000100001100
101101101010011010011100010101011111000110011110011100100011011110110000011000110111101100010110
010100100001111001101101111100110111101110110100101001100111111100010101111101100000100110110000
010101011000111111100001001011110010000001000000011001111000011110011111110111001011001001010110
011101000011110000100110110001000010000000011010100010001011101110110011001000101000011101111011
111110100110110010100011001111111100101101011000000000001000011110111000001101000010011111001000
101001111110010011011010101101001001110111101011001101011110000111101101011000100110001110111000
001000011010110000000001111010100100111101110001001000010011110000101001001010001011110001010000
110000001100101111101100110001100010100110011111010000111111110100111111101111101011011000010001
110111011101101001010110101001100111101011001001100111111001011111101000101111001100110000001001
011110000010110111111101010100011000111111101011101111001101110010000100000001001010010010100011
011001001000111000000111100000011010011101010011100100110111100100000110111011111000000110011010
100100000000100001101101000000111100001100100101001001011000101100000110010001100011101111100011
111001000101110111001010010101101100000101011011100001110010010011011010100000100000110110011000
000110011001100111111001001001111101110011011011110100011101001110000110001001101100111000110000
111010001100010100101100110001010011111010000011010000110101011001111100110010111001101011110101
010010100000000100111100100100101010010010001110011100010110010111010111000000111011011110010100
000101100001011011100110101010100000010011010101110011011011110000000111011010110111011110110101
010110100110011101100101101111111111111111110100100111001111010110001100011000110110001101111100
000010010101100011010010101111100101011001010101011110010100001101110010000000100101001011000100
010000000100001101000111001111110101000011011101100111110010010010011011110101001111001001010010
110001000111010101011010100100111001001100000110010100000010010101110111110111001101110011110001
111110000100000100001110111111111100111011101000011010001000110110101001100011100100011110101111
111100000100110010111001011110111111001010100011110000110010111001001011011101001001001011101011
111010110010101110000001101110011011000001110101110000110110101101101001111110000010111000010100
100011101100001110010001101010001101100010001101111101011011010111110000010100000100011010111100
010010000000000010000000100001100111100101001101001100111001000110000011001001001010111101110111
100010010001111100110101110000111000010001101110111011000010011101111001110100010000111111001000
011111011011111001101010100101101000000110101101000111001101110001000111011011111001001100100101
010101110010001000001011100010001101011001100101010010000100111100110000011000111001001001011111
011011101000010011011000010001010100010110101101101101111110111010110101001011011000000001000100
000010011010011111101101010100001100011100010101111100010110111111100010000001011010001111011110
001110100100110011111000101011110000000110001100100111011001100010111111111000100000110000111001
100011000010100111010011011010110010010000110010110010110010100000111011001011111001000100111111
000001000001000100111011101001001101000011100001001000000010111000011001100110101000101010101111
111001000110000010100001100101101011000110001001101110100000001110000000001110010101100100101010
001111011100000010001001011000110011001011110101100010011010101111001101011001101010101010110100
000000101110001000010011100110011101111000100100001110110000110010001110111101000010010000001110
111111000000010001000110100011000010001000110100101011100100011000010000011110010110100110001000
000101000001100000100011101110101110111110010111100111000111111011110101101110110101111110111001
011111011010000101111111111000110101100100100000011111110011000110101000000010100010000101000010
000001111000010011111110110110111101100010000100110011111100101101000000000010111111010100110000
101110011011110011111100000110001000010000100101010111010001001101000010011001011011101101101100
100111000101000010000100110000101100111101111100000111000111010100101001100111100001101001111001
101010001110011000011000110111111010001000000110101101001011101001110110101110101001111111100101
011010101000111110010100110010000000000000000111101011111110001100101000110110010000101110101001
100010011110100010001000000010001000101101000010100001111110010111110110001101010111010010111101
110010100110011100000000111110100110111111000000000111100001000110110000110000000100101001111111
100100010101101010111110101111011000011100000100010001111101010110011111101010001011110000111111
011000111101101101010110111001110000010100111010001110011100110010000000100101001110000100110001
001101111011010011010111101001000011001001110010101000110100111101011100001111111110000111001101
011101110111010111100010000111111011000001000011101111101001001010010101101101111101100001101101
001111000100011000100000000110111001110101100110010001110111011100110011001111001001110110111100
111011011010111010110001100010001111110011111101101100010000011101000010110110011110011010101000
100000100111110110101001010000000011101100111100100100111010101101001011100000110010100111100101
000011001111011111111111110001100010101101100001101111100000001010010011101010010111001110111111
001110010110110000101101001001101001001100100100101010000110111010011000010001100100111100110011
111110010001101010101111011111100110010100100010101000010001100100000011110100111001111010110001
010110110110001110101111101010001111011101111001101001100011011001011111001000001101111110111101
101010100101101110100101110000111000100001011110110010110010101010110101111011011101000101011101
101010111011011110000011100110010010000100110100100001110010100010110011010100110011011101110110
011100111000101011001001000110101100111101010010010011100000000100011111000000111110100100100100
011001100001000011111101000010000110011100001100100101100100111000011111110010001100001011000011
101011010010111111000010111100000000100101100100111111101100100100110010011101110011010100100101
110000001001010111100001010011100000011100001110001001100001111010000001111110110100011001001111
010111011100101100000010001101001011000000001000000111100110000000001011110100001101010010010110
110100011010110110101111111100101000110001110100010010110100100010010100100110010100110001100111
001001010111011110010101000110101110110110010100011111001111111001000000101000001001101101010111
100100011011101010111100101010111100111101000011111110111010100010100111101111100001100000000110
001010100111111100111010011000101110101110101100111101010110101100010010000010001011110000011110
101100101000100011000011010010001111010011110011000001011010001011011010000010100010000011111110
101100011111011101110010100110001110000100100011110000010010101100001111110001100111000010111010
111011011110001110110001101010110010110100101000111010011011010000010011100101000110001101011000
000010100010110010000010101010011100001110010101110001011010111000111011001111110111010110001101
011000100001110001000001001110010010111111110110111000110010100110111100011101111111110010110000
101011111011000010011111100111010000010101000011011010001110100101010001111000011110101101111111
011110100100001010100001101101000010111110000101001011101010000010011001010001111101000100010101
100001110111110011110011101011110110001000011100101001101100101011000100000001001101010101000000
011011000000100001011000010000100101010011011010111001100011101001110101111000110001110100110000
111111001010100111011100100111011100111101000100001011011100101100100111011001100111000001110001
010010110111110010111001011110101000000111001100001101010111110011111000000111011100010111001101
100101110011001111010011010111010011100101010101011101111111100001101010111000011100011101100110
111100110110001010011111101011110100111010000010101011010000100110000010110100011000010110011011
001110001011111000110011001101101001110010101001011011000001000001010010010111110111101011101010
100110111000101100001011000011010111011000000000110000001101001000101111000110000110010010110001
010110000100001100011101001100100110110010110110001001111100100011101111001010010000100010100101
101010101001010111000100000010000000111110010101110001011001000111010010001110001010111011011011
000011001111000110111110000001110100101000001001111000101000010100111011100101110100100000000111
101010010011010100110011000100010101111101011101101001010011110101101010101100000000001010101000
111011101111010110010001101100001100001101001010000101000110111000111111110110011111110100110011
010111010010010100001000011011010110010100100100010100111101000111101101101100010011011111011111
111011000111101010001010011111101100111000100011000100110000111010000011110111111111001001100000
001110010011100011001010110100110110000110100011010011111011101000111110001110011110001011011100
001000000110000011011011111001110110101110010110110101001011011011101100000001100010111110100011
001011101111111000010110011011100100001101011111000000000011111110001001011100001101101010100110
011110110011100111011110111111011111100111101100101001001001000000110111001001000111001111110110
101111101001011011101011011010000111010101010111000001110110001100111101101011010101100000110011
011001110000010100011101000100110111100111011010000011001100110010111100111001110100111111000011
110111000110101101101111000011011001010111110100011100010000111010010001000101110101000010111010
100111001001111000110111000000110101011110011111010010000001000100010111100101001111110010000011
111011111111010001101000001100010001110100111100000110011100001100011101010110100101111101001011
000010000001101001101010101010101011001011000101111011110001101010011010010111100100111010101111
100011101001110000100110111011110010001111001000101001100101111100000110000010010011111010111110
001001100000011100011000001111101010101100100110111100111000011110110100110110011000111011011010
001101010110100000101011111101100010101100001110000010010110111001011110001100000110100111100010
100110001001001000110011110011111110001100100111011110101000000000101101100001000000011011001100
111100010100011001010001100000111010001110100000101011001010100000110101010100111110100001101011
111101000100101110011111010001011001000011000000101000000011100010111010001101011011000010000000
011111100001001000000000000100011100001011110000010010011000110110100000111010111101101001001100
110010111110011001010010111001010001010000110010000111011111111100100101101101001010110010001010
010110010111100001111100001010110010100110111100001111110110111101100010001110011001000001110001
000011010000010110100101111111011100010101000111101101101100101000010010001011111111001010111100
010100101110100101111000110000110000100010110100110010000101001110001100111111000101010100110011
001100110101110001010110010111101111001010010111100000110001010001000111101110011101100100011011
011011100011000001010100000010010110010110010011110101100001100111000001000001100000010111100111
111010111001001110111101111100101000100010111000110000110010000010001001101100001101110011011011
101010101111000110100111100110000011100100101001111100100110001011111110011000011000111111000101
001011111000011110110011101001110101011101000010100011010011111010100000100001011110101010101100
101111100001101101001100101110011010011011111111100001001100101000000000101111010110011001100011
111000010001001001010010010001100111001010111001101110100101101101101110111000111110000100001010
100001011010001011110100100010010110010110101001101000111010100001011100110011011101001001001010
100111100001011011011010100111110010101010101011111100101000000101001101100010010001111001010110
011101101111010010111000101101100100100001100110100101100010101101001101001000000010000110110101
111010010001011100001101101010110111101111000001111111101111111111010110100000111001110001001100
011011100010100001001010010011100000000010011101100101110100000100110100000000010000100010110001
011011001101000111011110011011000110001001001101101010111000001011001101110010010110000101110011
100001011001011111010001101001011110100101001100111110100100101001110111011110000100100001111011
100011100101100101000001001011111000111000010101100111111111001001010010000001011011001001001100
100101001100111101001010011111100001000111010100100101101100000101001101111000111001100000100111
110010000010010001100011011101010100110110101010000101011001010001100001011010010111011010111101
001011100010110011010101011010010011010001010100000111101101110101100011111001111111011000101101
011010011111001101100101011110110111011100101001111110000100010010010111001001000011000110000100
000100011101110001101001100111100001111110111001110101000000101100011001001001000101110000110011
000101001001000011001101111001101110010101100101010111111110101000110001001100011111010100001011
000111110010111010100000101010001011111011101111110110110001111101010001011110111010101010001110
101000010001110010111011110000000000101011001111001000100000011000100110100011010001101011000101
111010101111110100011010101111110111101000000111100101101111001001001010001101001000111111010111
111011101111001000110101011010011001110010001010101101110011100101100011010010110011010001011001
111100111000110101011001001101011000000110100010101100011000011100000010000010000110100101000000
110110101101011001011110100101111111011110100101010010101101011010011000011001101001101101010010
110011001000100001010100000000100110110111101001001110001000101101001011010011000100111101010111
100110010101100000111101001011110101111011000000011101111111011000001110011000111001010000111100
010101110100101111010010011110110010100101100001110001000000100000110001100111010001000001110010
110010100010111110010001101000001010001011110101011110101010101111011011100011001000111101001011
110101110010100101010000101000110100111000001011101000001100111000111000011001101010100011100110
001110110001111001110010011000111010000111101010001101111001111011100101101011001001110000100101
100010000101111010000000101011100100010000011000110100101110011011000011111010011001111111001111
011011110100101000100011000011001111001111110101110001101011111111100000110000110000101011000110
101010111000100110110011001111010011011001001110111101111011011011100000001001111011010111110000
001011101000101000011111000000010000011111010100110010001010111001010001110100101111111100110010
110100101000110000111000010000111001110001000100000111001010111001100100101101000001000010110110
111101101001100011001100000001000011111101000100001101110010001001111100000001101110111110010000
010000010000001100000000100001101011110110100111110100100010001011101000000101010001110100100001
101000111100010111100000111011010100010000000011100111100001000010010110010111010110111000110011
110011101011101101110000010001010110111000101100110100000100100100100011011101000101100001001110
111001100100001010100000000110110001110001000010011000010011010101000011010111110100100000001111
110001000110001101011010001001011001001001111100010111001011010100101010011100011011010110110100
010001010100111111110001010110000110000100111101011110100101001001111011001100101111110111000011
110100100000001011110111011100110100110100100000011100010000110000001101111100011101000111100101
011011111100110001011110111000111010001000000111100001000010100001011010101011001011000100111110
101001001101011010100010100011011001000100111000001001011011110111001100101100010011100111101110
010011011100010001001011001101101001100110100100101001010110111000100010111110111100101001000100
011010001000001100001010010100110000000010010011001100111001101111010001111000011010111101000111
111110011011011100010110000101110110011011000010011010100000010111001101010101001110111010100010
110010110100001101101111110000110100111101010000111110001101001011010000001000001110011101100010
110010001100011100111111100000010110000011110111010101000010001110001010000011100001010110011001
100011000101000110011100111000001101001101100100111101101000001010000101111111011100010111110111
101111010110001101100100000100101111010011000100011110111111011001010111110100000101110000010011
010011100000101101101000101111100110101101100101101111111000101011100011101001010000000010101010
000100110110111000011110011011101011100010010011001011010001010000100110111010011000101001001110
100111011001110010011010101100110001001101101011101011101000011100000110110001010010001101111000
110000100111000000111001101100110001100010110001001000101100101000001011100101010111111101100001
111010111101111000101010110011011001010111101010010101100100000101110011101100001110100111011000
101001110000001001100001100001000010100001011001100110011101011010110000010011111100001001100001
000100001011011010001000110001100101110010111001110110010111100111100010110101100001111111000011
010111100100001110011101000001001110110110010010110011011110111000001000010101111011100100111011
011110111011011010100110000011011011011001110101010000101011000100110101110011001100110011110000
011001000101110010110101000011010001111001101000111011011011101100110001110011100100011001111010
011110111010110011100011010101001010110010010100000111111001111101000100001001101111001100110101
111000111101100011001111011000110100001111110000000101000001011101111010100010010010010100111111
101001101100111100101100110111111101001111011110111001110110110101010000110001101111000100010000
010100001100011110010110111100110101100011110001000101100011010011110000100010110001001100100110
001111110111111010010010111100000100110100110111010101010010001111010000100110010111101011110000
000100110110011000110011011001111100011101100111010101110001111001011001000101101011101100000011
011111100000011100111010001001001110101001000001001000111011101111100000001110110100101010111101
000000010000000111101011110011100101011000001110100100100001101000100010000110101100001011101111
100010111111010001001010000110110010011010100011111100001111100110000111001001010000101001100010
101000001000101001111110101000011010010100100000111000100100001010110100111000010101011101101011
110000111001001111111010010001100010001111010100101101111010101110000011111001000000000100100010
001010110010000101111011101110100001011001001100010011100010110110010110011011110110100110001111
011000100000011110000110001010101110100010100111001110011001001111011100010011110011110111000011
110100110010001111011111001010001000101101101111110010011100111001100000101100110111010111100110
111000001001110101101001101010111100000011010010000010100011110001000111000001101101101100011110
110000101111000000011011000100110001111010110011111001100011111101101100000001110010100101011011
000111000110110000100111110001111000000001111110010101010010110001111011101001111001001011100000
010110101110010001100111111100101001001100110110111111001001100111000100100010000010010101001100
101100000110100000111000010000000011010001001001011111001101110111011001110111011001101000001010
010100000101111000111000000110001100010011010101111010000010101000110111011101110111100111001111
010110011110001010000001110101011111001111110111000111110001000101011010011011111111101111011000
001111110111111110100101100010100010101000010001011100010111111110010101000101111101010101110110
010000010111000101001011101011101001110000010101011001100001010101110111101100110101011101100011
011110111110001110000110001000000000000010000100001010000010100111001110100010001110001101110010
010101100011101000100110011111100010100111011000111000001110000000000110110110101100110000110001
100101001010011000110100000110101010001000100011000110110000100100000110110000110111000100010001
100011100010001100000111111001010100001011101011001001101101111010110001010001001000000100011101
111001001000110101000100100000100000100001001100001100110101111101101011111000101101100101010101
011101000011010100110001011111010010100101110011111001000011001111010100101110110000101011101001
010100011100011100001000110010010010101001011001010001110100111001010010100000111111010010001111
101000111101111100110111001011111001000101101101101001000100111101110000010100101101110000010110
011000000111001101100011111110010110110101011100111001101101010101010111100010111110110011100101
010010010110110001010100010111001101101011011000010111110100000111001011100001001001010001101000
000010011101110111011111011001100111110001000010000010011001100111111111000111010000010001000101
011110001000101100101011100010001110011001100011110001001000101000011110111011111001111010101001
000110111011000011101010010100111100010110101011111010011111011110101110101100101110100010110111
001000101000100110101001000010011111110011111111110110011001100110101101111001101011101110100110
010010100110010111011101100011000010011000111011011011100000100011100100101001101000011011001110
111001110011010000010100100110110011111001001010100011100111010100001111101000101100111010110001
101000010010010011110010001110101001000000000101100000011101010011110000110101101000101011001000
101011110010001111101110000101010111011101001111111011100001110001100011100110101111001000111101
000011001011011001000101100010001000110010011111110000011001100000100101100110101111101001001101
100000110110011100101000010000010110001110110111100011110001000011100011010010111100011000101001
001100010000111100100110001000111000010000011001010011101000001000100000100001100001100001011100
011111101011000001000110011111010111011100001100100010100100101000101001011011000011001110010010
100101000100000001100001011010010101111001000100001110110110011100100000100010101011001000101001
000101101010000111100001101100100011111101111111011011111101011011001010000001000000101111000111
011111001100111111111001000101111110001001111110111000001010010011000011011001000010000000110100
101000111011001111101001101011000001100101011100001101110000001111110110100101111001010111101111
111100101001000011001011110101101101000110111001110110100101001000110011101001010111100000010010
010111000110011101111000100110010001101011110001110010101001011000100110101101010100111010110111
110001111111000000110110011100011110000000110001111111110001101101010001100000001000100110110101
110000110010010011110100001101001111110101010101010000100000011011110010101011010011111011010111
100001011111100111010100110111110110001111010011100101100101011001111111111100000100010111101001
011011001000111111011111000110100111001001010111010001011011010111000011010101010101011010100110
011000100100000100100101110110000001100100010011010001001010001000000100110101010111010101010111
100011101011011010010000111001101000100011010010010100100001110100001011000110100010111100111011
000101101100111010001010110001001000101000111110010000001100010001010000001100110000110010001100
111100110000011011111011001001101001010100011010110011001011010101101011010000110001100100001100
110111000101101100111000110001011101101000010011010011101010100101100100100110111001011000000000
110000010111101101001001001000111111100100010000000011101111011100001000110101000011000000101100
001110101010000000101001011110011100110001110101101000101011010100000101010101110011111101101001
011010111101011000111001110101100100100000101101110111100000111010010000110011001011110101011111
111101100111010111110111000110001100101110101001100101111010110000101101110000110100010111010110
111000111000110011000100011111110111111001010111110001110101111111111001000110101110001011110001
001111010110111001010100110101110000011011101000100010011101110001001111101111010110110100010010
010111011110111001000110111111110001110100011010111001110000011101100101000110001011111111010111
001110001101111001110010110101010100000110010100001010101101010111011111000011010010010101111110
001000001001101010001010110100010111100000110010010011111110010001011100111010101111001010001011
010000101011001110101001001001100101111000000110100000001101100101111010000110001011111010000110
110100101110000111011001100010001011000101101010000000011101101000110010100001100011001000100001
011010001101001000001110100000001111110011001011100010100111110011100110000110011001001011011100
010110111110001100111110110000111100001010111010110010011111001100010110011000101011000111000000
001000111100101000101100001010100100101011101101010011010000000001110110110100001111111100001111
100010111110011000010010010011100011011111110100101000000100011110110000101101001011100100100001
100111000011101100111110101011101001011000000010011111011111000111100111011111100100100100001011
100111001110100101001011010100010110011000101110010100111000111000000110111010010000101101111000
110000100110001011101001001010011010110111000100000011110001100010110110010001010101101001001100
100001101110000001001011100100111111010001101011110000111101000101100011000100011110111011000100
010011100101010000101001001111111011001111000100111001010111001010100010000110100100110011010000
100001000000101000111001100111010111001111110101100001110111011101111101100010001100001010101001
110011010000100011110110101011111111100101100110011011011101110010010111000001110010011110100101
101000100010011001000101111011011011010001000110101001101000010001011001011011000100010101101110
011000010111010101011100010000110110100110111110111011100111010110001010000000110110100010010100
000000010100010011101101000111111000111100111101011101100010100101100101111100001001010000010000
010011011111000100001011110110110111010101001010010001110110110111011110111000110101100001110011
010101110111110101000111110101101010010000011001111000010110001111000010011000010101000100000010
101100010001100010101001011000011010001010110100000001000111110110011001100101101111111101101000
111100011101100010010110011011000110111101110001011100110111110110101000101000101000001110010110
111111100000011010100010101010011101010101010111110111111101100011110010000110101001001100000100
100001110010001110011010110010001000100011010111111111000111001001010000011011010100100100101101
011110100001111100001001001001010101000111011000111011111011010101110100111011100001110010111111
011101111100101101101110011101011011011010010100001101000011010011000110011000001100100000000111
101011101110011000110101101010010010000011111110101100111110110000001110011001000001010111100000
010111111011101001000000100101010111011011000100110110010010001001101000100011101000111011001010
111011010010100011011000010101001001000011100100000110111110000011100010001100101110010000010111
011101111100111100000011001000001101100101001000101001001111110110110010001110110110101100010111
001011101001100101011100000110100111011001001010100000111010001001010101110011001100010100001111
011010110110111111100111011100110001100010111111111111111001100010001001011000110110001101010101
001110100010000110000111011110000101100101101000110111001100010001010001111011110001110000000101
110110011111001000111000100110010001101101010111000111101101001000110101100101010001011100111000
101110001000000000110101101011101011100001001011011111100000100010001101111010111110100010111011
110111011011111100101101000000111100101110111110111110110010101011000110000110011000101100101100
110100111110101100101010000110011010011010101000110110110110000111110110011110110111010001101110
101100101011100010101101101001000110000011100101110110111000100101111111111101010001100010001100
101011000100101000011000000111110111111111101110111001011110101101011100011111111010010001101010
101111011100111111011110100011001000000010101001110010011110110001001100100000010000000101001011
110100101000011100011000001010111101110011101011100011001100110101011011010000100001100000011011
111111010100011101111011011010000011111111100110101101111000011100010001101110110100010110101011
100101001000001001100100011101010000110110100001111001101100001111111111010000111010110110111111
001001010100111100011100010000001011111010100101011101001000111110010110100100110001111000100101
110110110100001011011101100001000100010110000001101101001111011011001110100111111101001100111100
011101000010011101010100011101001100000101111000010100011000111110101101110111010010100010001010
010010110011011110100111011110110000010101000111010001000000101111001110101100011101011001100001
111000100001010101110111100101110010010101101111110111100101111111111100110011010001100001100110
010010111011101110101111001101101001001111101001011110001010000100101111111010001011000011100111
111101100111011001100010011010100111101101001010010101100010110000100110101010001001110000011100
000110111111100010111101111110101111001100110100001110000111101111110000101010000111000101111001
000001010001011111001011110000100010001011100101001010110110000110101111000011111000001100100100
101111000110101111000100001011111001101111000110000010000100100101010010000110011011001111110110
010111001011000011000111110101000100000111111011110101100100001010111100101010101010010000111100
001100100100010000100001110110000000101000001000010000111110101111010111001110010011011011111101
000011111011110100001010011101001110011110001001111101110010010010011111010101101001001111110000
111011001100010110110101011011011010010001010010011101010010111011010110101111001000111110011011
111010010110101011010001001011111110010101110110111111100100000101111110101100000000000001010011
001101001100010010001011001001011011000000000110011011111010010111110111010101110001000101001001
000000101001101001101110101010011100101010110000011000001111011101010010110110101010101110010010
100011101110101000010010010010101001100011111010111000110011110001000000100011100011110001110010
100101001000100011111111100100111110000100001010001010010010000000100000011000101011000101001011
100101001010110110101000001000011111100001010110110010010010101001000110100001001001011000101000
110010101010001011011001110010101101001011111101110001111001011000110111110101001110011100101010
111101010001010101000000000111100100100111001010010010111000100011111011110010101010000011011111
001100001110010111011101000101000000100101010011101011011100111010101010110110100100101001111000
111101011100111000100100001000100101010110110010000101111010111000110101010001101010011110111001
110101010001001110010011111111000011110101101110010011110100101011011100111111110011001111001101
010100011111110111100001111101000101001001010011010100101111100110101111010100010011100011011111
010110111101111000010110100000110110011101010111110110110101110100011101010000001111111100000100
101001010010001011000100100001000101010110001000000011000100110000001011111110100110101010111010
111011110010011110101010011010000100010100111101001001111111000011011101101110100010011110100110
011010101000001011001000010000000110000101000011111010111100110100110101111011111001110111101010
101110100101001110101000110000110101110100010011001110110000111001001001101001111111010111010110
011100110000100000110111010011101111100010100100101100111001010101000001100001110000101111001101
111001001011010001101000110011001111000000011100001101010100011100001110001110001011110001111111
111111101011001000100111111000011010001101100111010000111101010100000110110111010111010010100011
001001001001000111001011001000011010110111110010100101100001100001000001010100110111000110010010
000110010101111011000110000000000001100111101111101111000110000000001100000101000111111011011011
000001110010111111111110000000110001010100010010001000010001110100011100011000111101101011100100
000111100001111111000000101110100111010001001111011001001110000101110000110010010110000001001101
100001010011010001111100110001110000110111011110010010000111011001000110110010011011111101011000
000010001111000000000110101110101001001000011000000010010111000011101101110110011101110010101011
010101011011111100100001110010101000000111101100111000000001000100000100101000101010001110111000
001010101011101101010110101011101011011001110011001101100001000011001010000100110100000000000111
001110000101000111010001001110110010001101101010110110001010011111110011100110101001001001001110
111010110010100111100111010101101010101010101101110010100101000001010011010101100000011011101100
100010110001001000110010111001100111100111101111001010110110111111110101010011101101011001111101
110011100111011110011111010011101111111000101011001001101001001111011101100101100111011011100000
100111101011111010100110110001001101101011111010000101101100010000000110011100000100100101000111
000011101101100001101101010000011100100100101101000011001000001001111110010010011000011011110101
110011111111101111000000000000111111101001110010111111100110000011110001010100010001110000110100
100111101110100100100010111000000100011011011110011100100111101001011101111100010000010100000101
001111000101010011111110110001011000010111101001110001000010110100000001111011001010001111000011
001000010100001001111001000011100110011101011011110001001101011010011100010000010111111111101111
011011001011111111101101011111001100000101010011011011110101000100010111101010100101110100010100
011100111110110000000001000110001011111100110101011010101011101101011010101001111111111110101101
011101101110101110010100010000101100011111001101100011000100100010100011101000011100001111111000
101101101011101000011000110001001101011100001000010010011001110000110011011001101100111111011010
011010101010101111110110010011100000000100010001110101111010100011110000000100011011000111101101
101111011011001011110110011011111000111010101101001111001001110000000001010110111111000110010111
101001110001111110011100100001110100001111010110101100011100001011100011011101111111010011101011
000011000011011100000101011110011101011100011111111110110011010110111100001110000110101010110000
110100001101110011010000011111011011110100110010001110100100011010110100110001010000111011100101
000011110001000100110010100111010011101110011101000110011101011001010000101110110110110011010111
000000110000110110001011101010100010111011000110010010100100110011001000100010100000111011011110
100000000011101010101010011000101011100010011111111010101000111101110001011110010101110000001101
000011011111011001110110111011011010000010000100011110101011101011110000010010101100101011001101
100000111100100100100000001010100010101000010110100111010101100101111101000011001111111011101001
001011011111010011001100011111111011101000000100000110110011001010110110010111101000001000000000
100110111101111001100011110111011001010000001001111101001011101111010011101001001010100110011110
011011000110000111001010111011000011000011101111100111101100101001011101111110110000110101010110
110000111100100011100000101100011001010010000110010111000101010010011110011011101010011111110010
010111010001000000111001000110001010110001110000110110011011100011010110110001111101100010101010
100000100001010110011101100000101100101101000110000011000101111111010101011110110100100010011010
011111011100000111000011100100000110011011001111100110011000011101101101110110101011010110110100
001111010001010010110100111100111000000100001111101001010000011011010000010001011110011000101011
001010001101101101000101011101001010101001001001000110010011010000001101000111110101011100010010
011001011000101010011101000010010111010101110000011110001111000111010101001011011100010010101001
010101101010010101100001000001001110100110111101100101111011000001010011011101001001011111010101
111110011000010100110011111001101001010110010101000010000110010101001001000111010011110101110101
111011001111001000001101110000111000000010110011000100000110101000110011100010001000111001100000
100010111001000010011111110100101111011011011010110100111111100001011110000110111001110000011010
100000100101011001010100100010101011000111110001111111101110011001101010011100001000100100100001
011010011011001101100001100101101010100000000010100000010110100100100011110110001101111101010000
001110011000100001101000110011110000001001110001100010111000010100110000000010000100010110001101
101100000000010010010010010001010100011100101100101011011000100110001111001000011101111111000010
101100001101010111101101101001100001101011001000001110110101010010110010011101011010000111111001
010000101111100011110010011010110011000000001101011010010011111110110111000000001111010101000111
110100110101000011101000010110111100100000000010100001010111000110110001101010100001111001011101
011011001011000101010111011111001110011111010111111010010110001011000111100101001001101010110100
001110101001010101010001110101101001010001001110110011111011000011100110010011110000001101110111
010111100110101011111111111100101110111001111110100010110110101110011111110110111110011110000100
001110100110000100011000000010001101101000001100100111001011111111010011001100101011100101101000
000111011110101001110100100011101111000101101010101000011111100011100010011100010110100110111111
001101100000101101101101011100011001000000001000011011110010011011100001111100001010101101100010
001101010010001010110011000110000000001001100010010011011011100011010110111011010000101011000110
001001101101101001001010111100011011111111100100101010001001011000000011011011001101110110001101
011010100110101111011000100011011110011100110111111101001000100101101110101101100100001111111000
000111101110100111000101111010100011001111101110101011111100110101101101111101100000000100001110
111111111001100100100001010100001110111010100000011100010010100110100010110000010010010100101001
001110101001000101101110001100111001110010000010011011101010010001010100111001110110110101100110
010000111111100011101111111101111100111100001000000111010001100111100110111100001010110110101100
000100001010110000110100011011011010110101010010100111101101111110111110100000111110010010010100
111101000010001011010000001010010010111000001000111001000001010100010101101000110000000011110010
001011000101001100101111100101011000111011100000011011010111111000001011000000110000010111111110
011011010001000011001011101000011111010001100011011100111011010011101001000101001011101011011000
101101111010011011110110010101001011100011101001100111011000111100000101101001000111010001100000
110100110010001101100100111100010011010101010100101001110110111101000100111110000011101011011010
010011000001000010011000101001111110011111000110001100011011111100100101100110110101010110010001
010101101110011110011000111110011000010011110100110000001101010111100001110100001101001110101100
100010011001100101111000110101010111100000000100110000101100000001011101001111110111101000010001
011100110111100001001101011101010101110011101011000000000011000000100111100111010101001101011000
000111000101111010101001010100100111010011110110111111011000011011100001010101010100010001011111
101111001110100000001011110010001000100001011010000011111011000110011001100001001010100100100010
101011000100000010001011101110001001110010010110000100110001100000101110011000011001111101111110
011111011110100110001000100011010011001010010011100111010110101110010100001001100010000010100000
011111001100001010101110110110110111101100010110110000010010101111011001001111101100010010100110
110010100111001011100111111101011010101001110111101110100000001001101101110101000010110010110001
010001111100001110000101011010101001100100101111011000101100100111111011111110111111110011100001
100000000001100011001000000000110010010110111110010100001101000110000001110010000001100110000010
011101000101111001011001000011110111100000001100110010011101101111101101101011111010011011000001
010111010100101010001110000100010000010110101101001011010111100000000101100011111001000011010011
111101101011111100000000100110001000100101111100101000111101100010001001001010101101101110110000
000001111010111100011010000110100010010110101110010110001000000001110100010010101010100001001010
010001001110101000101000100000101111000101010000111010100011001011010110111001101100101000111111
110110100111110010011100011101000110100011011011001111100100110110101100111010001010100101101011
110110001001101111111010110101011100100011111101100011110000111110100000001011000001100101100010
000010000000100110011000010101010110111001101000110010011101101110111011111100000111101100111000
111000101010011010001111010010011011010000011000100010001101111101100010000001011111101100010101
011000101100110001111001110000001111100001010110011100100110101011010010011010110011010010000111
110101000110110001001010011011110011010000001110100001111111101001011110001101110000000010110110
001000001010000010010010010111010110001101011001000010001100000011110110111101000011110111100110
100011101111001000001111010100010111011010110000110101000001111000111010110001100000000100111100
100010110100001011011100110001010000001011000100100010010100100011110000111000010011100011010111
111100111011100101110011000100010101001111110011101110111000111000001100110001100001111000010111
000110111010111111001110001101111100111011101111111101000001001000100101100100110111010111010110
010001010101100001011110100111110000100011011101101011110000110001010111111110101111100101000111
001100011000101110011010111000011011111001001111111010000100001101001110001010100010101010110000
000010000110000010000010101001011100011010001100010000100011101010100100101110100110111110101111
100111100100001011000110100111100111101010101010101010001001001100000011000111010011001110000110
101110011110001000101100101111110000001111000000111100010001111110111100101000101011111000011100
111101101001011101010011101000001101001010101100000111001100110110111011101000001010011111001001
011100110111001110101110011100100110111011101101011101110111101100110100100100110001101010110011
111011011010100001011010011100010000111110111101011000111101101001100100111001101101000100000100
010101011001110011011100010000100101000011111010110100000001111000101010111100011111101000001110
001110111001110111100110000010101100110101111010001000011001101100010100010110110101010000011010
100110000101001111110000111110001000111011110100111100100010000000111101110100010111001110010100
010000101101000101001110111011101011100101111001110111010110101101101101110110100100000111001110
000001000101000111100001101000100001110111010111000011110000101000101100110000101111010101101100
001110111101001111110110100110111000000101010111000110111010111001000101000100111100000001110100
011100010100111111000000110101000010101000110011110001000110011101000000110110010001111110110000
000000101111011001110100010110011110000101101001100111101001010101011110110110001011001001010100
100111100011100110101010100110011100011001010100010100000001010111010101011110010100011000011010
000001000111001101000001010001101001011010010001010010110010010011110011010110000100010110111110
011001011101001111100010010110100101001100010111101000100011000101010101001101110110000000011100
000000011011011111101001001001000011001011101011101011100100111011001011011010001101111010110001
001000101000000110010000101000110011101011101000101111110100100111110011111100000111101000000111
000010100110110010100000110110111100001111100010110011000010011001111111101100000110011010010111
011101110011000100101110111111111010111111000000101111100101101110001100110101110010001110100000
010010001010010011011101110111001000101110011010110100100001111110100101000111101000000000000010
100110111101101000111111100110001000010110010101101100010000001001111000001011111011111001110000
000100000111011110111001101000101111111011011010000100010001001111010001000100011010101100101000
000001000011101011011001010000100010001101011010110111011011001111001101110101011111111110101110
100110100110011000001001101111101110111111010001001101100111010000010010010101100101111110110001
010001111001000011011000001110110100001101110000011111100111100111100001000110101111001111000110
011011011111011111010101011101100010000001011111001101111001100001001011000011000011001111111110
101101101000010000100011111010101010000100010110100110000110001101001100110100111011001001010010
010110011010101000010110111001111001101010010110100011001110010001011001101011001111000101111110
000110001110000001101010001001111000000111001011000101001101100100011111011001011110101001111010
000011000001000001001001100111011110111111101001101001010111100101100000100011111110100000110110
100000111001011000001110111011011001000110101001001001010011110100111010010111111110110100011100
101100000001010001111110000000100011000000110110010011100110010010111011010111111111010010001000
001110110100101010111100101101001110100111010001011000010101000100111001111010010011100011010011
100101100001110011101001100010100101110010101101011000010000001100000011111101010011010001000000
110000100000011100111111000000010010110110000001000011000111000101011101011110111110000100100011
110101101101001001111001110001110100011100110100111100001100101101101001001010110110110001000101
010101000110100000111111111101011010011100110001101101011111110010000111000111100101011010000101
000000100111111010100000101111000000110011000111001010001000011110001000101001111100011110111110
100101001111111100101010001010001001001110101010110001001000010011100010011100001001001101100100
100110000000011010111110110011100101111111111000011000001100010111001110111000100000100101101001
001011011000010010011100110001000011101010101100001101011101101000111100100110110101011010010010
110001011001100101000111101010101001001011110001111010001101001011110111011111010111101101010110
001100001001011101111110001001011100111000110101010110000110010100001000010001011101111011101111
001101000100110111101100110011010111011101101000100000011111000101000101011001000101111101010010
010001010100010111110101010101010001010111110111010100010001010110001001110010011100100000001110
101110100000111100110011110111001011111010001111110001100101001110101101100010001010111000101110
100100110001101110101110011001101110101010101110110000100110011100010010010011100111100000110100
101100011000110000011001001001100001000111000011100011011111101100111010001000010011100110010000
011101101101010011111000111000010110101101110110011000110011000100110100101011001011111110101000
001010000000010000011000000001010000110110000000001001001001101100110011001010011000110100100110
111010001000011111100011110011101000000001011111011100110000110010111001001111111000110011000101
100110011100101111101001110100011000010001000101001110101011010100111111110010100110001011000110
100100100000110100010010110001010010000011000111111111100001100010001111010111111110111100101111
010111100011001101110001100010100000001001111110011101100001000011011101001001101001111011111001
010110100110100111001110000101010100001111111101010010011110001100100010110011111110100101101001
011011110110100100111010011011111010000001110101000111110001010110110110001100010110011000101110
111001001000100100000110010010000000011000100101111110011010000000110000010001110010100101000101
011100010111100110001001111111111010011111100000110101000011011000000001100001000001101001001000
010001101111110101111110011100110011011011111100101111110111101101111101011001101000001111110000
101110001111110001011000100101101011110111110110101101010111111110111111110100001001000101100101
011111010110011110010110000110100111101000011011000111000110100101000010110110110001010001111100
000100101110001100001010110101010001110101100100001011010110010110001111000111010100100000000110
010010001100111000110100100000110111101011111001111011111010001011101010011001110111100000101110
001111101101100110001111001011001110010110001101000111101001001110111000001000001001100001111001
001000001110000100010110101000110010001110101101011000000011110101101111100100110110110000100111
101010001110111000111000000110000001010100101100001011011000110100000011000010110100010000110101
110000100000110110000110111000001000001101011001101111010110101010000100010101000010000100100001
010100001101101100111010001101010111000011100010001101010000011110001011101101001010001111010101
111101011110010100111010011001100001110011111100011111000001001110111000110001111001010010110101
110110111101110001111100011100001011000000000001100100110110000101000101100100000011000000111000
000011100011010001000101110000000110010111010100111011110100001001110110010010101001111001010000
001010111000100110000001111100010010100001111000101011000011010110011011101101110110100000100100
010110111010111100100000011010011011010000000000001111110010101110000100101001100101111011110010
001101111010101100110010001000110010010001111011110001111110111010000111001100110110001101111011
011010101111000100011101111010001000101010100111111101100101111000111001100010110000000111001111
000010010010100110011111000011111110110001110000010000011101111010001111000111111111010000101010
100111111101101101111100000110000101100111001110001000100010110001000001001011010110001110100011
110101001010001101110001001011011101101000111010000100100101011101001110011111100110011110100000
100100111001001110000001110000110100110100100010110011111100110110111000010101011001011010100001
100001011100010100010100100011000000000110001000100011100110110100101011110011011110011101001101
101100111100001100110110100011111110011110000001000000001111011111111011111101010000100101010101
101111011110010101010000111111111000011000000110010010101111001010010101010000100111111101100101
101001110111101101010110011001000000011101101100001110010111101110110110011101000010110111000001
001000011011010110111100110000011101110011100101101101111100101000110100110110010001110011011100
000100011101000011000111100011000110101111000001111000000100000101100100101101110111010000011010
101111000011010000110010101100001100001100001001001100011111010000011101111001000110010001010001
101110101100110001111111001110110000011001110101111111111111001100000101001100110101010101110111
111101000110101011110001011011110110101110001011100100001000111110100000011011111100101111111001
110111010010000111111110101010100111101110011011000111001100111000101111001110010110101100111111
111001101101100011101111001111101000001110111100000101111010011100111110011101000100101000101101
001011000111111001001011000101001100101110100000110000001000101100100000001101010011100110000000
110110110010100101110110001100110011000000000100111000010000101101101100000010001001111011011010
100101101100101011101101110100100001010000011001110010000000100111000010110000110001000100001010
011100101001100100100010010111110010111101100001111000110000000101010011000010111010000111110011
001001011110001101000011011111011011111000000111011100110110111011011101100010011110110010000011
011101010000100010001011111010110011001000110001110100001001110111011101100010010110001011011001
000010011001001011110011011101110111111100010001100000000000000100110100110000000001010010011111
011001100001101011101000000011100110101010101101010111110110111101110000010011100000111010110000
101110010000011110011000110100001000000011111101110101111110101001110110010010101011001110101010
110010101000111100101001010101000101111101111010011101011000100011000010101011101011111111111000
110001100001111100001110111001001011001110000100001110111111101011111111110100000000101110011001
100010110110010000101101100101111010010011100000110110011110110001001111000000100011001010011100
100110011111000110100100111100001010011010010100100000110011001000000110010100111011001011010011
001011001101000111011111111010100001110001101100101001111001111011001001010010010111000000111011
111111010000100100011110001111000011111110101101101101100010100100011101111111110010111011010000
011001101111100111011000101101010101110110101000110101101110101101000010001111011100000001101011
100110111011100101000000000000001111010000011001001001110011101111000111000010110001110100011010
101011011110000011010001000110111110110101001000000101101100011110111111010011111110010011011100
000101010001111010001000011110001111011001000111000101100101100111100100000000101101011110001010
100001001111110000011011000100011001011111010111011101110110101110110000000000010011101110110100
001000100011110110000010111101001011000000101001011101101110101110101010110001011010100010100100
000101101001001001110100101101001111010000110110110010001011101010111011110010100000111110100000
110100001001000001000001110010001010001011100111110011001111100011101100001110101001110110001100
100001010100111110110100101111101110000010011001010011100100110001010011100111001100011000001011
000011110100011111111101001010101100011001001000001110111111000000011001100111011001011000000101
000111000000101111100111010000000000111101000000110100101100011010101010010100010100001111110111
111101010000111101101010010001111011111101001101000110000011110110010101000111001100010000000000
100010011010110011100010001100001011101010110100011011101100110101101110000110011010101010001000
001001111011001100001010000001101011011110101011111110010110000001001011011010100001111100011100
010001100011000110011001100000001010011011101010101110110011010000110110010110000101101000111000
001001010110001111001110000111101111001100101110001011100011010101111010011011111110111001010010
011111110101001011100101001010001011101000110010100100100011000011000111101110101001000100110101
110001100011110100010110101001101000001100111011010010111011101000100001010001010110010000111010
001100010111001011011000100101000111000101100101010011001010001000100100100001101010001100100110
001001010001101010001011111101010111101000100010010101101100010100000110101101100001000001001110
010010011101101011100101001100111001101101100111000111011000011100000011111000111011001000010111
111100010100110000111010001100001010110011010011101101001101011101000001011100101011001111111100
000100100110010000011111010111010000011000011101000011000000110011011011100111011111001111101010
101111011001110100111111000011011001010000101001010000100111110011010100100000011011011001011001
001000100011100001101100100001100000000010111010001010011111100000000011010110000000001100110000
000111110110001100011110001010111000110000010110000010101010001111001001011001001100000100000010
100100110010001111101111000001010010001000111011010011001100010110101100000111111010001101001010
110011111010100101110011101010100110110100101100010110010001110001110110111010111100110011111111
110011011111111101010110110011101010111111101100000111000001100011010010111111010100100011000111
000010011101010101110100011100010001110010000101000100011011111100011111000001110010101011001010
110010100101010101000011110010011101101001100100010101101111100001010100001010001111110100111101
000110111011101010011011000100001010101010110001010001011101101100100100110001010010110010101111
000111110000001001011001111000100100111101111000000100101100001001101011101101100111111100101100
010111010000110001101011011110011110101110010111100110001110110000010110000011101011000011101101
100011110100000100100101110000101001111100111010100100100101000111011100000100111010101110111001
010000010110011010111001111010001110010101100101111001011110101111111010010001011001011000001001
010111110110000111011001001011001100100000100111101001111110111001110000011100010100100110011011
011011010101101001001100111110101000111111001101000111011101010010110011100011110111100110011111
010001110100010110010100001110011001110100111101101001100111001001111001101110100011010110100010
011001111011010111010001010011100010100100000000000001011100110001001001001000001110010010110000
001001010001001001111001000001000011011000010001001011111011110000010101000100110000101011011010
110010111001010110111010100110010001011101101100001101111011000011110011010100000100110111110111
110010101011010011100100001000000001101111111100010100011110010101011100000100000011110100000011
111001101101110001101001000100010101000100011010010001111011110111010011100000000110011000100001
010000110000011100010010011011100001100010000100010100000011000101001101000001001111101001010001
001001111010110100000100111110000010101010011010010011100001101011111111001110100110101010110001
100110111011100111111100101001111010111101100010011110101010111101011011001010110100100100001111
010001111010101011110010110010010001010011100110110110100100001010011011111011100010011100111000
110010010010010011101110101110100111111011001110101111001011111110001101001011000100000111110001
101001001001100101110000111011011000011101011101011000001110111010011100101111111010101111000001
000010111101100001101010101001111001111011011101111001110111111100001001001100100110011110110100
101001000111100101101011000111001001000000001001011010101111111111010100101110010111110010111000
111111001010000111110000100001000110111110010101101010000101110000100011101101011110000000100100
110101001011000000101001111011111001100000000110110100000010110011111011010000101111010001011000
001010100101011001100001110001001010010110010011011111001001101110001101100000111001000010100111
