100011001101110011110010101000011101101101001111010101111011000110111110001010010010001101111101
001111011100101000001001010110111011001000110001110100011000101111010000111011110111011011011111
101100111100001111010110010100110111110000100011010000011010011011111000000010010010010000011110
110110001110101111000011000111001101100011100011011111010000011100101101101101101101110000111100
111111111001000111010011011101101101011011000000011100011110011111111110001001110010111010111111
110010100100110110010000000011000100010100111001101111000100000100111101100001000111101111101001
101100000011110000011111001010011101000100100101100011101111110100111001101100010111010111001100
011010100101100101110011100001111001010100101100101101000101110100011001010001110100001011011011
101101010100010011111111001001011111110111011100010101001001111110100111011101111100000010000100
100100100111111111011000100100000010011100100111111110001010011110100111101011100001001010001000
101001100110100011100001101101010110101110000001011111111010110111100000001110100001101111100010
011111011011001011011101011010110010111110010010101011100011001100100011110110101110000001011011
000101110010011000100000100011100010100100110000110101011010110111011111100110101111001010111010
111001100111010000100001101111111100011001001110111010000111111000100101101101100010111110000010
110110110110101111011010010001000000100111001000010001101010111010111001100111000111101110001100
001001101100010110100010000011001011010111111001110100011010101000011110110001001000100010011100
011011011001001101001011101000101010011000101010011000000101011110011110101000010111001011010101
100011101001101111110111000111101001010000010001011011111000011001011100000000100110100110101111
111000011001001010111000010001010100111110110111101101001001110100101111001110101100110101111101
101101111101000101010000101100111111000010000110010110101110110001001101100011100111000000111111
111101111100001000111101000001011111011000110100000010001101010000011010001100110000000110001000
010110010001000000001111001010100111000100110011111111011101111100001111010101011010100010000000
111111000100010001111100110010110110111000001101100000010001110100010000010111101110111001100001
010010110100110101101000100001010000101100001111101100011011110101000101011011001011000110000101
100111111100000100010100001011010001000110010000110111101011100001001101101011110101001101100111
001011000101011010101000001101111010010100110000000111010010100001100101010111000101010101000111
111011001000011100000011001011111001111000101100011000111001111000111101010010110000111000101111
110000101111100000000111100001100100001000111011110111011001111001100010100100000010111011011011
110100001110100110110011111101101101101111011111000011111110101010110000001111100001000110100100
011000001000011110111110110110011011101111101101110110110101101101011010010111101001101010110110
000001000111101001011001101111001111111000101110001101101100110111001101111110101000100111110000
001010101101010101000010101000100011100101010001000101001000111001101001100010101110100001000101
111111100011100011100001100001011000100010110000110000111010011111011011011011000101110111000111
100111100110011010101111111100000100010001101110001001101110100111010000010011101101110000011100
101110111101001101100001001010011000100011011001111000010011011100111000000111010000010011101011
010101100011010010100110111100010000101000001101000100101111111011111011011011010101110111101000
011011111110001111111111000110101110001101001000000011010111000101001001110100001001110000001011
000110111111111001011100001010101010011011011000110101111001111000000101010011000011000111111001
101101100110110000100001100001101100001011101101011100110011011101001100011001100111110010000111
010011000011110010011000011110010001010101001101101000010011001010100011011111101111110000000011
010000101101110110011101000100011101010101001111101011001111101110100110110001101000111101010000
000000000000000001000110100001100000110101111001110011001100011011110001110010011111000000000101
011110010000011010110101110000100101111010000110011111101100001110110010110011100011001010101011
111110100010011100000001001101100011111000001010010111111100101001111100101011110101010010101011
010000111100101100101010011000101111010001101111001100110010111001000110100011110101101111000100
010101001010001110010101001010100010010101110111101011111001001010000010111001100101101111010010
010010111111101001101111001000010000010110101100100001100100100101110111101110110000011001011111
011011010111111001110100101010001000101010101110011111000011010000001101011101010010110101001011
011110101010010111110010010111110011000000111111001000001101000100111101110001110101001101101110
010011010111000011010001000011001111000010100011000111110111011101000010111111010111101010101101
001111011101101000001110101111111000100110111010001111011111101111110101101010101111000011001010
111011111011001010110011011110000101101011011111101000011000100110110010101101000110111010011111
011110100100001111101110011110100110110011001111101110011011101001100101100110101110001011000001
011000000110111100011110110110111110100010011001101101000010100010001000010110111110010011000001
010001010010100001000111110100111100100100111101111111101111100000101011001010011000001000011000
010110000011100111100001000100100000100110111111011100100011101000011010011010111111011111010110
100001011111111010110100111000000111010010110001101100000010110000111011110110010011001111000110
010001110101100101110100010111110101101011101010100001101000110111010010111011101011111110100110
111001111001011011010101111001101110100010001000010110001111011101000010101011011100001110000001
100011110011101101111101110000000101101011110110011111010010110100111110111110110010000100000000
101110001101010110100101101101100011100000100001111011010111011011011101001011000000010100101110
101111100111110111011101001111111101111101110001110101011110101101110000011010100110100010101001
110000001011000001111011101101110011001101011100110111110101111010010101001010100101110101101010
111101111100110001101111111100111110110110111111001110010011011011011001010001110010010001001100
010111111001110011010111100111100101000010010100010111111010011110111111000100010011110001110110
100110110000111011101010010011111010000010011111111110110010000111011110011110011000010110100010
011111110001110100111101110011101100111111111000001100111000001000101010101001000101101110001000
000100000001110110110111111100001001110011101011111111001100000001010001101001011010101011101100
000110000101001001010111011110101001001111110011111010000100001011000010100001011101000100100010
011100100001100000110111011101000100010101101111001010100011101001110110110100110001011011001111
101100101001000100111110011100000111001110000001001100110011010011011100011100010000001001011000
111111010001110101001111000010001111000010111101010110001110000000111001100111011010010111011111
010100000100001010010110000100001110010100111100100000001111000100011001010110100100110010010100
101111101010111010011110110010100000100001100001000111010110101011101001010011111111011001101011
111000101001011110101101101111011010100100101010100111011110010110100111101011110011000011111100
001110000101100001010101111011011101100110110011101100101011101000101110001010100010011110011010
101010010110110000010101111010110011100010110110011000001011001101001110001000011100001110000100
101000001000000110101100111100011101010101101010001011100001111110000001011000100000011011000101
011101100101111011010001001111000110001111111111101010011100101011111111001011101100001001001100
100100111100010111101000011010110101010010011011100111100011010011101000010000111111000100000000
010011110000010011110001111101001101111000011100100111101010001101100000111011011111010100001010
111011011011011001011000100010010000010111010011111010011111101111001000000101011100001110011111
000011110011001110100110100100010010000011001011110100111000110010011101000101010001001011000101
000000101001110111110010010001001001000111001101011110011010011000100010010011111111000111000111
010101001011111111011001011101010101110001011110100000111001000001100000001011000000111111001110
011101011000101110011110000001011101010110101111110100111101100010101001111111000001110111010111
011011000110000010000001010100110111001110110101000101011111101001010111100100011000110010010100
111011001010001010101000000111010111011010110110110001000110101100001000101001111100111010111100
010101110011100011101110101100001011101101110010000110101110100110010011100011000011000100111111
000101111100100110001000101010111100001000010101001100111101001111001010011000001001100000101100
001000011110010001100101110001011111111010001001010101100011110110100010101111111000001010011010
010100110110100101111100100010110100010111101000001011001010011110110110111111011000110010111110
111000100010100001010010100010110101100111001000110100010000011110001101100011101001010101101110
100001111100001000011111000100101000000110011100010000101010010111101010000000000001111001010111
000001011110001001111111011000110010111001011010110110110010111101001101111000001000110100010110
010111101011011011001011001000101000011000100111011111010101001100111001001001001110011111000100
111100010001101010000111011001101011001110001001010110000110011000011101001001011111100110111001
011001110010100001010100110111011100100101111011000010110110101100011000000011001110100010011101
110001001100101111000010101001110101100101001101111111011000000101010000110011011010111000110100
010101110111000111010111110010100001110100001111011000110110100100101100110111111010111111100000
000010000001010111111111011110011001010101111001100110110110111101100011010100010111110110001011
111010001100111000011111100110001111100101010111110110101000101100000110111011001011001111101010
110001000100000100111010000110011011000101100011111000101001101001101011100000001000000001101001
101011010011001101011001111101010010000110101000111110000001000001101000100000111100110000011000
001111110000011100011001011010111001110111110111100010000011001001101111111101110010111100101101
010101001100010110010001110001110101101111010001100000000000100110111010110010001010100011111011
011110111010100011010110111010111000011101100011101000001101111000011001010110010101010101001111
001000011001110001011101110110101101110111011000100111011101101000001001100101110011111010010000
001110010111011000011011001010111001001110001000111011101110100100000010001100010110001011100000
000000010110100101001000000001000111000011100010100010101010000010011001000111111001001010011110
101110010101010100110000001110001100001100101101011011100010001011101000000101100101100100100011
110000101110000101100001011001111111010011001110101010010110111100100001001100110111111001100000
000011001101101011110000101011010000011011001111011011001011000110110100000001110100001100110011
001011101001010001111110001110110000000110100101001011110100000001001011011101101111001001111111
000001001100111011011010111001111111000110011101001111010001111110001110000111101101111000000110
010011101011101100010100100000110001111011010101010110000110010010110110110000101101110011101111
100010100111000100010011001100111011100101110100011100001001111110011100100111111111110001011011
111000000101001011111100101111001010101111000001010100000001100111001101001001111101001101110100
011111001100001101100111110010110101110000110101110100110010100110111011010001100101101011010011
010010101101010101010010010000010000010001101111111110000001001100110110010000010100000000111101
010110110111111101111110000100100001000101110111000001110100011001110001011000110010100001010011
110111111011000011111111010100010110010111001110010101110101100000010101110011000011010111011111
011100000111111110101011111011001010011000110000001010010000001010110100101001001010101110111111
110001101000101011111011100010111101111010010000011100101010000000000110000110001110001100001000
111110110001100010111000011111011101111011000101101111011100101011101011111011100110111011111010
110010101111000000101101011001101100100100010001101110000001101000101110100110010010001010110001
010100110101001001101011111010101101000001011100111011001010100010011110101101001011100011101011
010000100000110010100000101101010110110010011010011001100001000110101010111011000011011001110110
010010101101100101101111001011111010100010101010110001011101110000111111011101011001100001100110
001001001111110011010110100000011010011111010010001111011111000011011010111111101011000010101101
000000110101100011110010100011110110101100100000011111000110000111011010011011111110100111100111
011000101011110000001010100100110011111001101100001110010011010111011000101100000101100100000011
010000010101101010101001110100000101100010011100011011101111010100001110101001000010011100000000
011101001100000100100100111100101111010101000001101000001110111101000110100101101111001011111101
001000100001100110011010101001100110111010111111011101100111111011101111001010100010101010101000
110001111001011111010011101100001011100100011111101010001010001010110110111010111101011110010000
101101101000101011101111000010011000101000011111010110010110111110000000011011000011001101110101
101001100110010010001000101100011010101101000001100001110010110000000000011100101100010111100001
111001110001101010011110011101101111011101010010111001101101110001011010111111001100000011001010
000001110001011010111110111000010100011101111011011010100100011000001100100010100101000101100110
100100000011010010101010100100001111010001010000110101111000011110111101000010001011010111111100
100101111110101011100000100100000000010110110111100101000110100101100001110011111101000000000000
100011111111010001100100111111100001100011010101111001110001011110100000000011100011111111011001
101110000101001110110100100011010110100111110111011111000001011101111100101101101000111011111101
010111010001000011010111100111001000100001101110111111000100011011111100011011101101100101110110
100001011101000001111111100011100000010000101110111111011011001100100110111101010101100101110001
010100000001001111010000100101000100010110110111010011000011011100010011010101010110101001000000
111001100100111110010011001111101001000000100111101110010000111011100010101010010110110010000100
110011010001101010000001110001100000011011111110011101001010011110100001011111100101111010101010
110011010001000001111001110010101010101110000101010011011011101011011000010110001100111001101110
001100000111111000110110101000000010000111001000010111101011000011011000111011100101000110110001
001000111111011111110001011011110010010001110101000010001111001000101010110001011110101111001000
101111010110101010000011011100000100101111100101001110111111110000001111001001011001101101111110
101001000110100110011100101001010000110110010111001011101011011011110000111101101001101000010101
110010011001100001110101111100111000001100011111100110111001001000100101011111110011000010100000
011001100010101101110111001100011001110011000110111001100001110110000011010001010011001010111000
001001010111101001011101011000000100100011110101100110011100101000011100000011101100111100010101
101100011101010000110111001010001010011001000011011010001110100000000010101001000100110011101111
001100101010001000110100000100110000111001111001101000101011111011111110101010010101110111110101
101011111110111000110011011000010000110111001010101101010110100001100110101110010000001111100100
111010000110001110100110110100000001110111101000000101010001111010100110110111000111101000110000
110111101001011010101000111110011110011100111011001110011111000101001010011100110110110000110001
000010111001111000110011111010110101010010011000101011111100000111011110111000110100011001011001
111010111010110101111100100101101000111001011011010100101111000111001100101111011111111100001101
000110000100000011011101000001100111101001011010101100110110110011110101101001100110000100111110
011011000011000100100001001010011000111001110100110100101001010110100111110100010011100000110110
011110000110011110011111001011100011100101110001110111101101100111100101011101110001111110100010
000010100001111100011110111001011110011000101001110111010011110100110010110110010111010101011001
010001011001111001010101010100000011000101100101011001111010001110001011000000011111001110001110
111001000100011010110011011110111101000101100110000110010100010001000110100000110101110111110111
011110001011100110111100000000101110010011101010100000111010110001111011000111001000100001100001
011010001010010011110000101111100010011101010110001111101100101000001010000100100011011011001100
111000011001101110001100011100101100100100001011101000101101000101011001001111111010000110111010
101011001101110100000111101010010000001011101011000000100101010010011001111111100001000011000110
011110110000001010100001000000001101000000010111000010101000111000110111000100100100001101001011
001100101100010110110110101100001101010011110011100001001110001110000101110011001000111000001100
011001110011011101110011001000100111001011111110100011101011111000000001010001100101111111111101
000110100010010101111100010001011000011000100010110000101101111011110000001111110101100100101001
111110011011010011000110111000000110101000010001010001001011001001010001100111111011000101111100
101011100001101001000001000101111001100110001000110000000111100110110101110000000100111100010001
101100000101110010110000000001010101101000000100000111101010100101010100001100101001101001010001
010100110001110101000100100101001010011110100010001101110011111101110111110010000011111011110100
111000101011011011010101111011010100110110101011010110110101100111000100110101100101000110111101
110010011111001001111100011000100100000101100011010001110001100101011111011111001110010100011110
001000100100010111111000100101111111100011101110001010111011001110110010110010001110110111001101
000100111000110000100111010000111100101000100001011010100011000100100110101001010011100100100010
000011101110001110110110001100111101011010000110011001111101111010101010011110111101110010000001
111011101100101001010001110000111011111110000100010110011010111100100111101010000110111110010011
010001001000100000001101001110011110100110110110001100110000001100101011100000110010000101101001
001100011000001011011111110111110010011100010010111010000110101101100010101001001011010000111001
100111101110000010001110010010000010000110100111100100001011110000011111000001010110001000100111
011110000011100100100001110010111100011011110011101110100011000100001011111000110101111000000001
100110100001011100011011100011001110001010111111000011010011010001100110100111000011001011010011
000011110110011111000101011110100010001110111011110000010110100011001001001000100001010011001110
110100111110001000111001100110001100000101011001011110101101101101100100000011011100101111101001
011011101001110100100001100010010010000001011110011000001110101000000011110101100101110000010011
101111101001110000100111101010011110011011110100111101111101100001001000100100100111010011011101
000100000001111011010001010101111110111010110000101000101101001111001011010001100110111010011101
111101001100000001011001010101101100010110111100010001101010010100001111111011011110111101101011
010100010011000111101101100101111001000001000000111111010100011110101111110111010111110110100110
110011110001101110110010000100001100111001111011100010111001110111001111101000011000100110011010
111101010111101010011010011001101110100101011110101100101011101001110101011010101001100101111010
000110110110111110011010000101001001011110100010101011101011110111111000001011011111011101101011
011110000110101010011100011100110001111101101100101111100100001000101001111111011111101011101111
111000000010001101101110101101011000000010101011110001001101010010111001100111100110101001111101
011101110111101100101110100010110111101110101011110001011000111111010000000110100100001110010010
111000111010101110011110010110111110110111000011111011011111001110111011000111010110110110000001
100101011000011011110011001100111110101100110101111010011110001101100011011001110110101110110011
010110000101111001000101111010111111101000101001111101001111110001100010111111001101100110100011
111110111000001000010100111111001000100100000000010011101000010101011011000011001001110011001000
010001111000100110000001111111001001110111000010011100111000101001010101100001101100010010011010
101101111101000000000011111000110101001111000001111010100001100101101100100101100001100111111000
000011010000011100000000101110000000001001101001101000001111110010010101011001000111001011011100
000001100001001101001111010000111111110001001000110100000001011000101111101010110111111101011010
000111100001010100101110011100001111010000001111010010111001100100001111110011011110100111000100
110100100011110001000001110000100000010110100110101111010101000111011010110001100101101011010001
100001110001000011001101110011100101110110101101010001000000111101011111010011011111110100101001
101010000010001010001110100010000111100010000001001110101011101010110000010100011101110101110111
010010010110111011101100101110011001101010110110101001110011110110011100000010001010101111011101
000100101100111000011001001000100011110100001110110000101000011011001110001101101000001001010010
111001101000111100101110100111111000101000001000010000010101110001101110011011110000111000011100
011000110001001000000110101000101010111101000101111110000110000111110010010110001000101100001000
111000010111111001101110011010101111010100110000000011011001001010101111110000001011100011001101
100111011011000110101001111000000100100100110110011110000000101111000110011001110111101010111011
001110110101001110110101000011001111001100101110100000111110100001001000001111110111110000110010
001010011100110011111011101000111100010010101010011010101001010000110110000011010111000101100101
110100001100101010110001011010110011010101010011100111011010001010010000011000000011000110101011
111101010101111100101111001001100110101000000111000010000010101001000000100110110101001000110110
110011110010100011100001001111011101001111111001101101011010000111001000000000000010110001111111
111110110111101101000101011100100001011010011101001110001001000010110011000100001110011010010110
111100000001010011100001101000111101111010011010111111010011000010010011010001110101011011001000
011001010010110011110001010000000001001000110011010100000101010000100110110110101010110011101111
011101011001000010110001010111011001001000000111011011011011100111101111101101111011111101010100
111100000100110001010110110000001111110011000001010011100001101100000001001110010101000111101001
000000111100010011000011000001001100110100101001100101111111000100010010010101001110110101001100
111000110010111010001011000011001000001101110111110101000111110100100010100010001001111110100110
100110010001101100111011011110110000100001110001000101100011101000100010111110001100111111000110
111000101011100100100010111101010101000110011111101111100000101000100101000110000100101010011100
110111110011001011110010101101111100101110001001011111111110101010110101010110011000100110111001
111001110110001010100101011110100110100100111101100000100000111001100101011001111110011101111010
111100101010110110000000101001000010010110111100011111110010000010010110001100010001100101110011
110111010101010000101111111011010010010010001110101101111001101110000010001011011100110111111011
100111100110111011101011011110100001011101111110000100111111000100110100110110000101101100100101
000010001001101111000011000110000001111100110000111011101101110001111100000001110010100101010101
100010010111111111101101101001000001110111011001011101010100010111011110010111000010010100110010
001010001010111110100111011000101110010011101011000001100101101010001101110100100000001100111010
100011010010010110100110111101011010111110100100001010110101001011100100001100000011001010110011
001001101010110110110101101111001101111001111010000001000100111100111001001110111110101100100011
110110110111100011101011000100100011101011000011000011101101000001010000111100011000101010110001
010000001100000001000110011110100010101001001011010000110110000001111001010010000000110011101010
110011100111111000011101111010111100111111000110111111100010000101101001010001001000001110111001
000010011000000111011110110101110110101111000010110101010000110001110011011000111000110000011010
111100010110001100100000011010010001000011100101001111010011111001001001011001100000111101001011
011100110011110011001111010000000001000111000101010010111010101111110110010000001101010110101010
110011111110001111001100001111010011101100110000011011110110010001011001010110001111111010110101
010101000101011100100110110001010111011111110010001000000101100100110101010000010001000000100010
100001011010001101110111011110010010011110100011101000111110001011111110100101111001101011101010
011111100100101000011010101011011110010100110100001010110001000011101010101100001010101101011011
110111100100000000101000001110101011010010010110101100101110011001110010110000110001001111010011
110011110100010100001000100011010011001011001001000000101110101100111111000101000110001100011010
001001000010001110010110000010110001011101000110101010001100111001110101001010010110111111011000
100101100011010101011001010101010001110001100111111111011011000011100011001110110011101010010110
000001000101001101101000001011011111010001101000011111010001010010010001010101100101100010101010
011101100001100011110010101000011110001111011000101010000111110001100010100000011101001010101111
100111000011101110000010101101111111010110100000001010101111110001100111011011100100001111110010
111011000101100101010100101001100001101110000011101100111011001111001101101011101100100011001110
101110001110100110001011000111111000101011000101000101010000101001110100111101000110111010100000
110010100101100001100110110111101011101100111100000011001100101100000010010011101010010100000100
111011101001101100001101101101110100111011000000111000111011100101001101111011101111101001010001
001001010111100010010001101111101010000110011100001001100100011111010010001010001001100000110001
011110101000110011010011110111000000000111000111000100100110101110100000110001100100101111001110
100000000110010101001001100000111010000000001011001101111100111101011000001100000100111100101111
100010100010010111110100000001111100010110011010100101011000001000011101001111111000011000000110
110110010010010100000000111101000000110111100000010010110101101010010111110010010111110110001000
001111110011101111100101110011011100110010010110001110100111110100000001110101011111111101111011
011000010011001000111011000010010011010001010011100101001101000111010010011111111111011111110101
111010011111011010100000111101101000000001111000011001111111010100000010011011100111111110110010
111000100111010111100010101001111011101000111000000001011101011110101100000101100010111111110110
001110000110111110011111010011101101100101001001101101000001001110101111100000101111111011110001
110100011001100000101111110000100110110000100101011000111110110010111000000001110001110100101101
111011100111110000011010010101011001000010011111100110000010110010011110000100110100100101111001
000101011000100001111001011111011100110000000111110101110101100010101101100010001000100100111110
110001011001010001001101001011101111110011001101101011010001000101111001000011000000010001000001
101010110011101000101011101011001000001110001000111011100001100100001011111010111011111110111101
000111100011000011110111001110101110000110001001000111001101110010111000001010000001100010101110
010110001011111010111100001111101111110011101110110000110111001011111001111110010001001011100000
010110101010000100001101100010100001100110011110010111110010111011011011000000010110001000011010
001101100000110110110111110110001011111100100110011111001001010000110000101000001110001010111100
001101001111010010100110010001000001011100000011000000100111101010111010101000101001111001010011
010011010111111001011110101101100110001110001000011010001001011001100111001111111010110110110000
110011010101100110110111101110101001101011101001001110101000010100000110010000000001010100101011
110010110101000110101010101100110100111101011010000101101101111101011100011011011010111101110011
110101110010110011011001101010000011011001110001010011100011000100110111011000110111110100101110
001010001101000011010001100110010111011101000110010100110111000110100110110010110110001001010100
101011000000110111100010101000000001101110111100101101111001110100101110001010111101101101011010
101001111100111101000000101100100000011010001001011000011110010000100101101011101111001010101110
000111100010001110101110100001111101101000111001010111110010000000111010101111101100011101001001
100001111000000110001101101110101001100111110001111001011101110111100011101100101010001001101111
011011111011000111111011011001011110000011010110001010100011110010001111101111010011111010111101
100000000110100010000001101010000111101111100001101101001100110110001101110010011110110111000011
110001110000010010111110101010110100111000000011100011111000110001001101111111111010010111000101
010010011111011111001110011110000101111011011011010011101001110101001010010001101111101011001111
011010011111010100011101111110001010100100101110111011001010100101100000010111010101010101101110
110110011100110100010010110101100001101101101000111100010000011010001111110001110101010100100011
011001000010110111111011010101010110011000100110110100000110100011101101101100010101110001000001
001101010101100101010000100110101111110001110111011001110110101001000100100101000101110110101000
110001000010111101101111110100111010100101100111100101011101001111011101000101000111010101110000
001100001010000011100110101011110100011001000000001001001010011001001110101100101000100011111001
101000011110111100000001110111010010101110110110110001101010000111101110101001110001101000001000
110000101100101000111100101100010100101010110111101111011100101110001111010001011010010010100001
111011000010011010101110001101011011010000000101001010100110100001011011111111101001110111000011
110111110100100011011110100000110000000010010001001100001000000111100100001010101011110001101100
100010100010100111101010111000110000100110111111000001010011100100010101110110000001111111001101
000010001010101010110011010110010000101001011000101100010110000001110100011100000110011000000111
000101100011111001111111011000110100011111111001010110111000101001100010001000010011001110110100
010000101011011011101100110101000000000110011100010110000100110011001000101111111111100001001011
000111111100000111001100011010110111011010111001011001110000001110100110010111101100100111001000
010110010100001011110011011010101000000100101111000100110110010011111111110100111000011101110010
010110011101011010111000000000111000010000010111000100000010111000010000001100010101001111011110
001000010010001100110111111100011101010110100011110001010110000001011011000110000001110000010110
001111101000101101110101011001111110011001010101101101011001000100010011111101110100011001000110
011111100010010110011110101000100000000111101000000100100000100010100011000101111010110001100111
001100101111110010001010111111011011001110000011010101010011111010000010110000011010100011110001
101010111000110001000110110011000001101110100101100111101100001010010111011011001000000011001111
111000001100100000010110000111011111100101100100110000110010011010111110111110110001111011101000
001100110110100011100011111110011110111110011100100011110000001110101101001101011111111001100000
001110000010100000011100001100011100000000101111011010111100100011101001010001001010110011010011
001110110111111011100111100111001010111110101001111100001000111100111000010011111000010100000101
011010101000011010101001100110111011011111111110110111000001010111000000001001001110000011110101
001111011111100101110000100100111001101101101011011000110100111111001111010010001010101001110110
111101011011011010101110101000011011011111101000110000111100100010010101000000010011111101000000
001100000011100101000111100000111001011000110011011111110000110110110000001110111011111100111110
010011101110000101111101111101100010111111000011100110001001011010000001111011101001000101011110
010001000010001011011001010111110000001000110001101010001010110110100111010110000011000101111011
110001010101001000000011001111011010111110100100011000001101011010001101000000001010011011010010
101101010001100100000010000101100011100111100101111000110101110000100001101001101001001001100011
011011010100000110011110101101000000100000111010001110010111011110011000011101111110101101000001
010110000101001101001010100101110100111110001111011010111110010010111100010100100011111011010000
011110111100011001010001110101010100111011000111001010001100000101110011100011110011111011100010
010101101010100011011100100101101100100001110111110110100000000101110100110110001101001101001011
100011100101001110101010111101001010011010111111111011101110010100000110000000111000110101110101
010011011011000011110111001011111110011010001101011000100000111110100001100011001000111001011011
100111001011100101110011001011101101011000110110100001001110111011101100001010000001111101001101
011010111111010101100111101000101111001101100100001100010101011100000000101101101011101010111011
000001111011101010010101101011000111010100001001011000011110110110110100110110100000111011001100
001011101111100110010010110110110111011001010111011100100111001101100110111001010101010011110011
110111010011010000111010100011010001111110000011100011010011111111000101010011010011001101000100
100001101110010001000100101010101011101010001010001011110001010010101000111100000110101010001000
011000101010101110010110000101101000111010001100000011110110110001001011100101010000100010100000
000110000011101100010111110100101011100100100110111100111000110010100010000110111000010011001011
111011011001000001000110111010110000101100000101010010001010101101110010000011011101001010000011
100001000010010010111001101011010010101010000111101010111011010001000001011001001101001001010001
111011010111010100000010011001101010100001000001010000000010101110111001110000001100111111111100
111001000000010110000010101010001101011010000001011100101010111001001101001001111011000100011101
000110110111100010000100101000100100001101101011011100000011000001000100000001010010101101101011
000111000110001010101000100101010001110111010000000110000000100110001000100010000000000011110101
110000110101001111100000011001100001110111101110110110100000101110100010100100010100000100110001
110000000001011101100111111010110101001001101100010101101010010101111100111100100111100010100011
011111000011001010000001010011000110000111001111010111011110100001101100011011010110011000101101
010010110111001110011011011000111001001111111101110101010001101010000001100100000100100001110100
011010000010100100110101000000011011010111010100010101011001011110001010010011110001100111100010
110010101101001010110000110100110100101010011001011011101110000010000101001111101010100011001000
011011101001001011101101011001101101001001111001101110100110111100010101111001001000101011010100
100010100111101011011111011010101101010000010110110010010100101010110010000110111101011101111100
100000100111001101111110101000010000100100001100111101001000100111011000011011011101101000010111
110101101001001100000011010011110110111110000000001011000010000111101011001100010111010001100000
000000110001001110000111111100011111001100001010100101001000010100010100010001100110100110110000
111010001101111010010111011100000100111110111000010101111001100000010100111100001010010001110111
111110100100110000011010101101100001101000100101010100001110011101100101010110100001010111010000
110111111101010000000000001010110001000001111110111101110001011101101001000111000001011101101001
100011110100000101110111111000011101000001001101001110000111000011110110101101010001011100111001
110011100111111010100100011100000011001010001110001100100010011010000001110110101101001100110000
110111110101000100001010010010111000010001101011100110111011011011110111011010111000011110101010
010011110001110010111010000010000010110011010010001100100111000011010110001011000000101011110110
011111010000010110110111010010011010001001001100101011101000101011011010111001011110011010110000
001111111010011110101101100010110010011001110000110110100101001111111010100111000110001110110111
111101110010000010001010000100111110001001100110100110111101110100001001111010000111000110101100
110101001111101011100011101011000011111111011010101001110011011000000111001011111101110110001101
111000100001000101110010100000001011010001110011111000101110100001011001101000000011000101000111
101110111010001000010011011101000010000100110100111010110001111111000110010011000100101110001101
001101110010111110100011101010010101001111101101001101000010011101011011001110110001100111101111
100111000101101111100110110111100010001101101101100010000000110101111111000000001010011001110110
011001010111100100001100111010100010110011111110110001011111110011111101010100110011001100001000
000100110000111100110001001011001101100111111100010110110100010011000100111001101110001110111111
111111001011101000100010100101100100010101111101000010100110100110110101010101111101000010000100
000111010011101010000111010111001011001011010000111111001101100111110111000001011111001111101000
000101011100011110011101111110000000101100101000001100111001110101000010000011000100111011010000
001111011100100110111010010110110001110001111011010101010011101010111101010001110101101101000101
000101100111000110001100011110010101110100101111101111010010100111110001110001100101110100100100
100101010001100100011011000110011111001000110011000101100100110101000100010111000010101101010110
101011110110101010000010000010001110011001011011000011111011101000101010100011111110111010000110
111000101100101001111111111011000010011011100010101110101100001110111010111111000000001100011000
101000000110101001010011101110100001000110101000110111110100011111110110001110010010100100101010
100101111000001110001111101100011111000110111111101100111111100110110011111010010100100010101111
101011111001110011100011101001000001100011000110000010001011000001101101010101001110001010101111
000111011001000001100000000000011010100010101000000000010001101100100110011010010001111011101111
010010101011000101011101011110101111101000101010101010111111111110000111100101010011011101100100
011111110001010000100010111011001010010100001101001100101101001100001010101111010110110011101100
011101010011100101011100110100100001110110110001100111001010011010101110000111001000101010100000
000000110000001101010111001110001000010011001110101000010110111010010111011101101101000010000110
110111011101101000010010011101011110000101101011111001110111011101101101101100100011000001111010
011000010110000111000110011001101000001101100111010000101101101011111011000100011100011010010001
001100110000111010010101011111100111110000001010110101111000001011101000011101110010010101010110
101101000011111111001101110101100001001101001110101110100001001001101101010100100011011010000101
111001010101111110011100100010011001110001001000101000000100010110011111010010011000001100010110
000101000101000110001011010000010001001001000011011111011001001011010111100110001010010111101110
010011111001010111000010010010011100011000110101110000000100000001111001000011110110110110000111
110010010011111110100101111101110101111001100111010111110100001000000111111111011110010101111000
111011000111111110000100111100010011000110100101011001010101000101101101110001110000010000101001
010010111110110010111010100000111100011101011000011010100010100110001010100110010110111011101101
000010001111001111111100101010000110001101011000010011101010111011101001110010011001111001110011
111101001010110001100011101001101011001011101111100000111111101011110111000101111111011010010110
001110010000100010010111100010001110011011000111100111101100111110110110101001001111011111111100
111110001101001011111101010010111110101001010011101011011110100110010100010000111111000110010010
010001001011100110011110111000100101110001011110001110111010100011001111100101010010010000000000
110000101001001110110011010001101011001101110101111001001100111010111111011111001000110111000010
100001110001111111101111011000101001101011011011000110101111010111100001100101000111111011100101
111110001111010101111011011001011010001111010000101011011100000101101011100110101111001101100111
110001100101011010101111001011111100111100111110100101010011000011110111111010111101010111111010
100001010011011100010010011111111000101111100010101000000100011100011101011111100111111010000100
011011100110100101001000110110001001111111001000011111001111011010011101010110110111110011000010
100100011001011000010111111101011110110110111101010001001110001000000100101101100110010000000001
000111101000000000011100101001100100010011111110010011001111010011101011000111101000110000101110
000001011101110011111000101000001011000010001101110111101111111110000110101000000111100011000110
000011010110110011100101011110101111101000011111101100101110011101011011101111100101011011101100
111001101100001111010100010000111110010111010100000110001010101011110000100011100010001001011110
001010110110011101111011100001100011000101111101011100010110110010011011011010111101100000101010
010110001110001110101100111110110111100101101110111011011010010001010110110001011010111010010101
001001111011110011001101010011010000001101010011100110011011100110001000110111110010001100000010
101110110101111100110100101010000100110110100101111111110100000111100101101000110101010010111010
110101001101100101010000001001110001110100011001101010011010111111101001100011001101000100101001
111001001100101001110011010101110010001000110001100111100010000010000110011100010001010111010011
010100001000011001000001100111010101101111111101010110000011101100111110111101001101000111001001
011000011101101101110100111101101101010111011101001001001000111100110010010010011001001101011001
110011111000100000001001101011001010011111010001001101110101101011001010001001010000011100101000
111110000010010100110000100010010111101111100111011001011010011000011001100000001101100100001110
010000100100110110010010010110111001101011100001000100100011100001110111011000100111010110100010
001110000111000101010101000011011110010110111011010000101001100101101110110100001001101000001011
101110100111001111010001110101010100000110111111100001000100101110111000110101101000011001001110
101101111001110111001100011100010110001110100011011001111110101100110100010100000100000100111101
110110011010000101011100011001100010100011100110010101001100010010000011111011010111011001000101
111101101110101101100101001001000100000100011000110111110000010000110110001101110001011110010011
110001000111000010011100111101010110010001011111100001001100111110010110101000000011000111001101
010000110101110100110100011011100110110101110111111111011010111101010010001111011100011101011010
001000100100101000011110011110111100010010101110111100010011110101000000000010000001110010001000
000111001011011011011011101010101101000010010010000101110100011100000100101100101101101100101011
001111100101111111011011011011011011101011011111100010011100101100010101111011001110011001101111
110111011110101101110010000101010001100011010110111010110011101101110010111011011100101011100101
111101010100010110101010110101011001111010100011010110101110000001110111111011001100100000011001
100100001100100000111001001100101100100010110000110000000000010111100101010101011111001100001000
010111101010100100110110011010010101001101110111000001000001100111000110010110100110001010101101
111101000100001000000101010001100110010100111101110011111100000101011011010110001001101001011110
000100110000011100011110010011011101111101110100011001001000010001000110001001001111101100000100
000111110101011001111100010110001101001101010100111001011100000001000110101011010111110110100100
111010000101101110000000101110110100000110011101111001100101101000101111110101001000101100101010
101010110001110101111111110011011110001010001010001101100001001101000011110010110001101010111101
010110001000011000010110101111101000001111101001100000100111010111100110100101100101100110011000
000101100100110110111010000110001010111101101111111011100101100101001111011111000010101001010000
101001110111101010010010111100101100000110000000110111100101110110110000010100101101110011110011
010010000110110010001101000100110000101110100001100101011100010111100010100011000000000011101101
010111011110100111101111011010111010001111010001100100011110001010111001111011110110010100011101
110101000111110000100101111001001011101010001010010000010010000001010010010010001001011001000100
110111010001111110010100111111011001011101010111111011011110000010111000001011110100011001111110
100100001000111100011010000011111001001001011001110110010000011000100110101110111010111110011101
100111010101000000100111110010100110100110010010000110001100110000010011111000111010110110111010
111001111001100000100110000000000110001011000011111010000100000110101110000000010100101011010101
100001110010110110011010011010100101101100111000100100101011010100000100001101111100001101111011
110111101011010000000100001010111110100110100001001100010100101100000101010010001000110110001100
000011101101010000000010110110001001101011111111111110011111010000001111001000110100000100000101
010100101111111001001001111100011101011001001111000110111001010100101100011111101001001010011110
100010010111101001111001110001000101101110101001010111011101000011000111100010100111010111010000
110111111100011100011101010111111100001011011111100111110101011100101100110101101110110010011010
111100100010011100101010001001110100010011001010101011101100100101101110000001111001110000101110
000001100110101100100001100000100101001101011100001011010111101010010100001010011011001101111010
001111010110010011000110101001010000110011011000011111010010101001101101111000101010111000000101
110000101010001111001011111000010000110101011001111010000000111111010001011101000110001001001111
000001010100100011110101111010110101111000110100100011111110111010110100101101111110010111100000
001110011000011000001011010111100100010100111011110100010001101110101001110000101001110111011000
000011010110110011101001010001101101010100000100001101001110111111010111101110111011110111101010
100010111011011000001111000001010100100011110011011110010100010001100000101111100101111111110011
000000000111110101000010000110011001011101110111100000011110100100001111111010110011110011011011
010110101111010010000000101101001100001010100101111100100100000111111111110011000101110000000111
111110111010011110011111010001001111110010111101011100111111010001000100111110101111010000000000
101001110010010000010011011111001011000000000011110111011100000001110010010001111111100010010001
100010000001010001000011101001010101011011110100011111001111000111010110001000011010110011111111
100101010011111000001001000010001101001010011000001010110101111110101111001010111001001011000000
011010001100010010010010011111101101111000000011101111001111111101101100100011110001101100111011
110010010101100010110011101110100101011100001110001010110101011011010001101110101100010010111011
000001010000100100101001010110010000101000110100011111001100111101111100101001101000001100101010
110110101011110101111011101111011000010000110111110111101110010011100001110011100001101100110000
111001001000111111101101011111111111101111011011111101110000001111010100111110101100000100100111
111001100011010101110100001110110110011101000011100100000011001010101111111110100010110101000100
010100101011001111101111101000011000000001111001010010011001001111110100101111111001101101000101
001111010100100001111100011001111011011001011011100111001100001010100111011100011001100100010111
100110111010011010110001001000110000111011101001001011111100110100001111101000101110000000011110
000001111110110110101011100001001101011011001010111001100010010000111111000011111010000100110000
110000010101111110100111011111101100101111110111010100101010111001110000100010111110000001110010
000110011010100011001110100101101000001000111101100111110100010011111000100001110000011000000001
001111011100101110010000111010001000101100010101101110101100100100110000100000001100111101011101
000101011011111100011111101001111110010011101011001010110000111011001111011110011111100101000011
100010011001110110001001110011101011001100001101111001011001010100000100100010111000000001110000
110110100011010111000010100111011011000010011101000100110110100001001111111010110110000100001110
010011100111010100110111101111110110111101110100100000111100110110011000100101100011100011100110
111101000111111011111111001101110111101001111100101011011011111100011100011100011110100100110101
000001011010101100110111010110001001111101010000100100011001100100001011110100111001011000010011
000101001101011000001110110001011000000110101111010001000010011011101111100011010001111101001101
001001000010010111001110100111101111110000000011100101101000110110100111000100010001010101010000
011100101100011110001001101000101000111011101110001111001010111111110001000000011011000110101011
111010110100101001001101001101101100001010100010110111011011001100100010011110111001100011001101
000100000110100001000110110100001111110011101001011000001110001001111111000010101011101011100001
011110101111110100010111000111100000010110001010101011101100101001011010110111000010001101001111
000000101100110110001010110011100111000111000000100000010101001010011111001100100001101100010000
001001001101000000010010011010111011000100101001011101010100100110101000010010001100100001000000
011111000111010100110100010011001001001100110001100001100000101111000011010000001010100111100000
110100101111000011110100101111001010111101011111010111101101110010011101001111011011100110110101
000001000001011111100001111000011101010100101111000110001100010010001001011110100100001011100100
011110001100010001100001110111010010000111011101110111001001100011111110000100011000101111010000
100100010011110111111001011101010011000001001011100101100000010011001011000001000101110010111110
000011111000001100101011111111110011010111011111000110000111000101011100001101000100110101101001
000010100000100000010001001010000101001110100111100011101110110111011110111001111110101011101110
100010001000110110000010000100000000010100111010011010100110001110101000100000001111001011010101
001000111110100101101110101101110111010111110100001110000110101110000011110111111011111010011111
101000011101111001110111010111000111111010000011110110101111011010011000100101100001101000110011
101100011110011000011101001011101111010100100000111110011101100011001010011111010010100010110101
101000100000000100000000110101010101101111111000010101111100001001101011000000001111001111011100
010110010010000111100101111011110111111011100111111001100111110000010111111000111100011110010100
100000100011000110011011011010011111010010101101111011011001000101110001010001010001111100010110
010101001100111100011100110100001011111101001011101100110011010011010011010101010101111000000010
110010000110011000001010111000000110100101100111101011001000100011000010110011101101111000110100
111101011111111010100010100010111111011011011001011110001001110101001110100010001111100010000010
000110111101100110100011111111000010000000100000100001000110101110101010100100000001110000100100
110111110100010110101010110000011010111010001011111110111110000110110001110000000001101101101110
110011001110010000110101110010010110101000111110111100001110111110111010100110111000000110010100
001100110110111101001101011010110100101001101000000010100110001111000000001000011111101000010010
110101011111100001110100111010001001100011111100001110001000101110001111111110001000100010010101
110011101101000110111011001000000000010100100000001100100101001010111001111100101101101001110010
100010100010101100010010001010101001100111000010001010010001000100000100100111001001000001000101
010110111000010001101111001010101110100001011101100101110011001001111011100101100010100011000100
011110010001011111100100101010100011010110000010100100110001100011100001111010000111100000000111
111101000100110011110001001010101100010110010010001010011111111000001100011110100100111111010010
010101100101011010111101100111100011111001100111000011110000111110011011111100100000000110011000
101111111000000100100000010011100101111110000111010010100011001000000001011110100101100100000111
111001010110100011000001100110010111100101011110010100111111110001011100101010001000111110110010
101101100000100101100111001011000101100011011000010001111010010000001000011011101000110011010101
001000000111000101100100011111010011011110000000010100010101000110001011000100001010101011101000
010110001111011011011111000111101011110001111000110101100101101111001000010011100001111000011100
110101010000111000000010001110110110011000010011000111100101111100111111110001011000001100011001
001111011100000111001101010000000101101000111001010001000100101011010011100011111011110100011101
100010110110010100101010101011100000100001000011000001000101010110111111001010110000101111000010
010101001000000011000001100010001110101000110101100010101011000101000000100110111001101001100010
011001100110001101101100000110011000001001000100100101001110010010000000111010111010000011101000
101010000110111111111111000111010000001010011111010000111001101010110010010110000011101000010110
110100011000101111001111010110001111111001001110010010101000111110100010001101111100001100100100
100101100011001101110001001000100001001100110110100110010000111000100110101100001000000011111110
000110101011101010000111010110100000100111111001101001011100010000111010011001000110011101100011
011010000101011110000101111011101111000000001100101110111011000110100110110110001101001000100001
000001101110101100001001001101010101001000110100101010001001100011000101011000100101100010000010
010111101000011111110010000010100100101001111111000001111100110010001010011111100100100011010101
100110011110101000000000110000100111110110000111111110110010101001100111001100000000110111010101
111000010111010111110010110010110011101000000100000010011000101001000111000001101111000001111001
100110000000111011111010001000100100101101101001110100100101110100010000000110001000110111010101
011000011000110010101110010111111011110110001101100001100110100111011111110101100100100000111101
100010010001010001100100010001011001100011011111100000010101100001101001111000010000000001100011
110001010000110100110110101001010011000100101000100101111001000101000100110100010110101010000100
011101011001100001000000110111000111111100000001110011001100100110111011011110011101111111000001
100010011110110000101100111110000000100001011000010010111000101001100101001010001100010011111111
011000011000010100001110001010110111000010111010111000001110111100000000111011111001001110100101
100001100111011011111011000100001000101100011011001000011111011001001000001101001000101100001011
111011010011100111110011101110000111101010101011101001000111011110010001101001000111100111110100
110000101101000001010000001010000101010011101100001010101010101000010110001001101000011001010001
011001001111101100111010100011000110110101100010010101111110111011011001011110101110010000000011
110001000110110110100001000111000011101000101011110001000011011110100011010001010010101011001001
101011000101000000101001010110000100101111001010011101101100101101100111010110100111111011110011
000011011110000100100110010100110011101101011001010000110101101011001110111101100011101110111101
011110100111010011101001000011100111010111011111000100011100011100111110100001110110111010011000
101110011010100101000011001001100010000111000010011100111101101101010101101101010110101001010111
111110000000011011001110010110101011110101000001110101101100111100111010010101001111110101001000
110110100110100100110110011101001100010000000111100011011010011000000001010100011110011011101001
000011101110100001111111110011010001000100001010001011010011011001110000100100100111100100010101
100001000000110100010001000101100111010010001011011111011000000110110110110010000101101110001001
010101101100011001001100111011101110110011101101011010101011000000001011100110101010001010001000
101010111111110110101100000000011110100111111000011111000001110011111110001010001100100010111001
111100000000111110100000101010001010001110100100100111101011010000000011011111011011111100000101
101100001010000111000110001111010011001111100011111101101001101001010000000010100010000110100111
101100010110100000110010001010001000001101111011011001110011100110100001110001001011110100100100
001001101110010111010100000010101001111111110010110000101011110011100101110011101010000100010001
011011100010000011110100001111101001101111010010000000000011000100001010010011110000111001000001
111101001001011010101011011001110001011010101111000011010011010111110010101010000110010100010010
100101000100110100101010011011110100111001000000011110100110001110010100110010111100011011101001
100110110101011101110010011110011011001000110000111010100101111110110110000101000001000010110010
110010100001011100111011111010100110000111110111011100011100100110010001100011100011001111001101
011011000011001111000011011101100111000111000001001101100000001011101111011011011110001110000001
010111010100000000110000001000010001101111000110001000010001010001000011101101001100101000110011
001101011000101101001001001100001011101011000010111011001000100110111011101111111001100011110100
110100010101111110110010001010110011100100100111101110011010101010110110110110111110110000011000
100011010011100010100100011011000110000000111110101010110101101001000000001011011001000101111111
010010000011001101000010011001010010110111000000100010110010100110011010111000110110011111000001
000010001011001111100001101101101110110000000110000111010110010100001011010011010111111001101110
110111010110100101011010100101001011011110100111100101111111001101111011010101101111110110001001
011001100101111001010101110111000001110111111101001000100011111101101000111011110001010001111111
010101000101111101111001010101110010001100011111111100101001010001010010110011101101110000000111
100101111001111110000010000110111001100110111111001000110111111110111010000010101010000011011101
100010001001010011011011001111011011101110010110111100011001110010000010101000100100001101111011
011110000000000001001001111011011011000010011011011001101000001010101011001001110011010000000101
101010000100000100101110111111111011001110100100101001100011110011000111001010010100010101101101
000111001110110111101011101001100011111110010011110011011111100001101011011000101101011000110101
111110010111001010101000100110001111011011110110001101111010111011011111000110011001000101000001
111101000111000001110100001110100101111001011011101010111110001100011010011111010110101111010110
111001010100010100101000000001000110000001111110110010111110011110001111010111001100111111001101
101011011001111111000001100101101111110111010011010111011011010001001111000111100111110110100011
110111110111001100001101011011001001001100000001110101101001001100000000110100010110001000010010
001010100100001000001010000011101101110011001110001110011000100110111000110001000111101101100001
100011011100101100100101000101101100100110101010101011101100011100100001010100101101110010100111
101111101110101100001111001101110001111010011101001111111001010011011110111000110001111101011011
111111100110110111111000100101110011100111111110110110010110000011110001111000001011011100101101
010001011111011001101111001100010110010010110010111100011110101101000001100011000010001111010010
000111110101100010001110000000111101010011011110010000110101010000111110101001000100100110011000
000000001111100011100100110110100011011001111101001001110111011010110101010101110111010111011101
100110110011001100000101101000000010101100111111001000100101100000100010001010010011111010111110
111010111010001010001100010001001011001011011101000111100100111000001110100111001010001010110001
011100000111100011011111011110110110110011010101001100101000110100110100101000101010011011101010
011100001111111100000100001110001000000010010011100001010000010110010110101110001110110000101011
110110111010010110000001101100110101101010010001011101101011110001111011001101111010011010010011
001111110101111111100001110111111010100101111000101010100110001101110110010010010011001111001001
000101010011011010111000101111110110111100101111001100001101001100000000010001101100000000001010
111001100001101110011100110111100101110010101000100011101001111111000001000001110111000011111101
001110111100110110010000001100111000011011011111001000000111101111000111000001011100100001001010
011011010011101111110001100101001100011011001110000110001110001001000110010011100011000111101101
010001010101111011000000011111101101100111110010001010010001000010010011100001001000001010111101
010011011010100011001001001101100010011110111100010010011001010101001111101000001001111101001101
000100110001111000100011110110000001000101001011110010000111101011111101011001101001010000000001
101101111000101111011001100001000001001110011001110001110000010000111000000111111001011111000000
000001100110101101111111010111011111101110001111000001011001001010000011010111010111001011001110
101100011100010110000000010111001110000101011001110101100110010000001101111111110010110010001010
011111101011111100101010111011000010101011111010000011011100001001100110001110001110001000100001
110011011010101001101000110111101001000110001101110001111010111100110000101010010010101000110110
100011101011010100000111100010101011011011010110011111100110000001001100100110101100101100101110
011100010011100010001100100111010011000110001001000010000110101010110011010010101001101110000110
000110110110010000101000111011100011101010110110100100010000000001010010000101011010011111111010
111000100110011111001010001001101111100100001111111000010100100111101001001111111111010000100110
100110011110110011101100100011110011001001011001001110100001101100010111100110110001101100101111
111001001011001011010000001100100000100000101000110110110000010110011110100001010100000011011000
000010111111101010011111111010110010000100010110110100010010100100111111100101000011101001110001
110011111110000001011000011000111101111001001010000011101101000011100110010001000101111000100101
110001100011010001011001110010000010111000011110000101101001011011111110000010011101000010010111
000111111010111000101001010000100101100000111101110000001111011100010100110100000000111011011100
101111100001011100010010110111100000101111011010110111010101010101000000110110100110110111100001
110110111100101110010111101100010100111010110111010110001001000001101100001101011111010100111111
000010010100001111110111011011011111000000010101001001010100001100110011001101100110001101101001
101110100000101111101010111110111001111011010110111010100001110000100010011000001101100011101001
101001100010101010101011011010101101010110000000111011111000110110100001110100100000010110001011
101110110110110110000110010100111000110110111010111011101010101111101111001010100100011101001000
110100110010111100010110001100001001001111111110111100101010101001001111100011001111001010101101
001101001100000011001101001110101000101111001010101110000111111000011111111011110100001010010111
111010101100111000000111001111001101100100111100111001100100100010101010011101001010111001010101
011111001001010111010001001101010111101010011000111101101011100000101101110010111010111100101000
010000001111000111110001101000011010101111110101000100011010000010011101000101000010101111111010
101001011111001100001110011110111001010001101001101100110011001110000111111000011100010000111111
011010101010110001100001100000011011001001111111111100100001010100110001000010000000111101010101
100111111001111000110111100111010001000001101010010001111110100011011101011010110000011100010000
001100110000010010010100101000001101010000000010011011001111110101111101001010000101010010011101
011101010011101111000000110110010100001101011001000100001000110111101100111110001001010110110110
101110001101101011111111100011111101010000111100000010110000010111011010101010111000011000001000
100101110011100101111000001100111011101001011101110011001010100011001110111001101101001111001011
001110010000001101101101110000011010100111100001001101010000110111110000111010111100110010111001
010001111110110100101111000111100010111110000110101111110000010000110111000100111101101001100110
100000011101011110111001111000001100110001101110011000100001011111111101001111011100010110100001
010111111000011111110000100111100001100101110100010011101010010111000111010000111110001010011001
011011000111000101010110111010100101011001001101101110100001011100110010010000010111011100100000
100000111111000110111111001000000010000000011000001011111011110110101100010010111110001011110110
110011100110000011110000000110011011011010100110111010010010100011101011110001101100010000111001
101011001001001101111110111001110100011001111000110100001011111011111001001000111011110100011110
111110100100100101110001011001011111111110110000100000001111010111101110011110011110101001101010
111101111110001110010100001110000111011010001001101011101110010110101000111101011101000111001000
110010111101010011001110001000110110110000101100011110100101011001001111000111011100001010001011
111011110111101001010111001001011110110100100000000110111111100100010100000011100101100010101010
000001111001000100011111001001110001100000100111111010010101100100111110101111011001111010101110
111110010111110011101001001010000010001111100101111110010010111011010111011100010101011111101010
011100011001100101100011101010011010010110000110110000100001110010110110111101110101100010110101
101000101101101001011100000111011111100001010111100000111110111000010001000010011110000001000100
001111011010001101001101101101010000110110111010000110010111110111000011010000011100110010001000
001000110000110110011110110001100011110100111000001010000101100111000111110000000101111011010001
000111101111001111000010100011101011011001010100111000100110011111010100010101010001111110111100
100011000101011011100010100110001011001110101010111000100000000010001110001011011011001101100111
111000101101000111101100100010101000100010101110111111001011101101111111111011100010100111010001
011111101111001110001101100010010001100111001101111010100010001000111011001110011010001010011101
101000000001101110111000011100101111101011001000101111010100010010001011100001000011100111110000
101110110111101100001001011111011111111011101011011011010000111110100101101001011010111011110000
101111100000101110010110001111011110000000100110000010000100111101101100001011100001010000001011
000010010000000000001011100111111000011011011011100101100101000110001010111111110011110011111011
011010011010011001101011100110011000011100111010010111111101001111000000110000000111111010011011
110011011101111000000010100101101001101011010011101100100100010110100111011100011010111110001111
110001100010011110110000010001110011101110111110100001001100011101001100000011101101001000000011
011101011001101000110010100111101000000011110111011000110110110101100011001111010101111010100111
011001110000001101010110011010100010001101011000110101111011011010000000100001101011110101001100
001101011010111110011110110011001001000110010000101111000010000111011011010111000000001000110100
011011010010101100110010110110010011001110100010100010011101110000011010110111010101000101011111
111100111101101100000110111110010001110100011001001001000110001111110111101010000100011111011110
011001110101110111101111110101110100011010000001001101100111011101100110101011001110100010110111
101001000111000011010111010001111001001101010100001101011110001001000000000011001010101101001110
000111111100111100000010000110011100001011100101011111010111010000101111000101100010011011000001
011110000001100100110110011000011101001111011111110001000110011100001101110100001111000001110000
111110101100000101011011011011101010101010001010000010011110011100101111110001011011001101001011
010110001011010111110000001010001101110010110010111000000000110101111110111110110011110111101011
110001010110101010010111111010010100101000100000001101011010011011100100010111100111100101000011
110110111100011101011100001011011000100101010011000110001111001011001000010011000000001010001111
110011110100100111000001110101100010111100000000011011100011100110000110110000100001011110110100
011111011001110000101010100100010101110100100111100001101100001011011110001101011011101100110110
110101011010111111011101111000010011011000011011100101101001000110010010110000010010001011011101
010011001001011101011101001011011101001010001111000011011100000001101100010000100110011000011000
011011001110000101000010011101011101011000110000100110110110000101000110101001100000010111000001
111100111000111000001010010111100010111110100111101010101001110010100100000000011101000101100111
001010011010100100011011101101100101000111101110010010101001010001011000001011011000001010011111
001101101111100010011111010001101010010111100111100001111011110001111101111011001100111011111110
001110100100111001011011110000111000011100101111001001000111110110100100110100100000001010011100
011110000100011010111101000100110000000010110011110101101111111011111100110001000010101101111110
001101101110111000011010000101001100111111101001011010110101001111110110001010100101000111000001
011010001100010000011010011010100001010000100000011101010010110101111001101100101010010110000101
001110110011000101011100100000111111000111011000010001101001111011110111100001101011100111000101
010100111001000111001001110100101100010000011111011011101011110010000111010100011000110100001010
000100011000001101111110011101100110000110100111011010000000010110100110001001100111010111010110
110111110111001101111001001001111110111101101111000011100111010010001111000000010000000001011001
110010110101011101001101100001111101000100110111100010010001010110111001111011110000001000010110
100010111000001011101101101111111000111011111011010110001001100101000110111001101000100000000010
110000101001111010100100011001001000101111001000101011111001000110010100011110100010111000011010
100110100000001010010001001000101010101110111001110111100001110011000000110111110010100101101101
000101001000110010111010101101111011011010110011000011101101101000100110000010000011010011000001
101000101000101010111101000101101100101001111101000101110011000010101100011010001110111100110111
110001001011101010100101101101101100010001010100111000000110100010100100001110111100100110100011
000010111010100101110100101111110110010011011010111100110110101011011110111010011111010001110110
000101011010110100000011111000100110101100111010010110001010111101010110000010110111011111001011
110010101000001010110100010111100000011111111011010000110010101010110101100001110101111101011001
100000000010011011010111110111110100001110000111101010111100111000001000001011000101010101010010
111100111110011110010101011000010110111111100011111111011011011001011110110110100010010110111001
001100011101000010100001111110100010010111001100000110011110110111010000110111011010000100011010
010111111100110100010011011001000010100011110101111011111011000011101111000001010111111111110001
011101100011100010010101001011000101010011001101001000011100001111011011110000010101101111011011
101000011001110000100001000101100010001100111010101100101100100100010111101011001010111001101000
000100011010001010111110101000100100100010001101101011101000101000011110100111000101010011001111
101010101010110000110110111111101110000110000001111001111010000001011011010101101001001100001100
111101100100000101001110100001111001100011001001100101101010111011011001101000101001100110000010
100011011010000110101110111001001111000001010000111110110000001110100001001110100010010101001100
011110010011100100110010100111100111010000111010000101110111011010001001110111111011011010111110
111010000101010110100110111100001010011001111000010001010001110101000011111101101010101010110100
000010010111010110100011110001010101100110110000111101010001100111111000100011000111011110011010
011101011011101111010011001000000101001011100100000010101111010110000101000101010100111000111001
000011101011010011000111010011110100100111110110011111001011111011010001010110011111100001001101
110110001101010010010010100110101101001100001110110110110111000001011100010100010001010111001110
001000011100111011011111110111100011100010000001000110010101110011010101001100010001001111000011
000100110000100101100100111111011001111001011001111001110100011010000101010111111111100101100111
111000111010110110100101100100000000100010000110100010100010011111111101110110100010001010000110
001010000010111110000100100001100100001011100010000011001011001101100001110010110111001001111111
011010011100101001010011101001001010101011100110000011011101011111000001100010110111001000100101
000101100001000000110000001000100101011100111100011000010010101100000100000110100100101000111001
100001010000101111101111111011000111011101101100100001110101011111011101000100011010101000101110
101011001100110001101110100000110110100101011000101000100001100110101011101110000100100011011010
100101011011010110111001100011011111001001010110000100001110000110100011101011101110111011001110
100001111110111001011001100001011101011101000010001011011010001001001000100010100111111010111001
001010010111001010101101101111000011110110111010000110010010100111010111011111001000000001101100
001111011011000010101010010011001111001010111100011000001110000101110111111100011011100101011001
111000001011001011010001101010100111110100101010110000111001001011000101010110010100011111101101
011111101111100010110110110100111001001000100001011010001100010110110000000010101111010011010111
100100011000001111000100111011111111101110001001000011010100100101011111011000001011001111100110
100110010000100101110110100001110000101111001001100000111101000010111110110000000111011001000110
110011101010111100000011110011101011000011111110110011110111110011010111010101100111000100110110
001111011000000110111101110100001010001111111010000011010111010000101101111001101011010001010110
111001111000011100001110110001000111101110001111000100010001100001111110000010100101010011110110
111111010001101100011000011100100101001100110010101101110101101110110101110110100010010110000000
111100000111101111110110110101010000110100110000100001110011001111111001111011001100010000000000
010101010010000101111101010101011000000000000000001111001100111010110000100000111010011010010000
010001110110011001100100101010011111010000010110110011001101010101111000100110111001111110011001
011100110011010111011110110010000000100100111100000100000000010110010010011011011010010101000011
010111011111011011001010000000010010100010110010100110010111000101010110010111000000000100010111
001111100111001010110011011000111111001101011111011010011000000110101011100110011011101111101110
001110111100101000001011111111111011011001011010111011001111010101000101111011111010011011101001
001010011111011111001010100100000100000110101000011110110111010010011101011011101000111000101001
001001101100101001101100101011011010011111010100110000111011101010111101111100100101011101001001
110110110101100110001010100101100110111100111111100100101011000111101111100100000010011100001001
011101010010010010111000110101001010100000010000000010001100011111000000001011111101111001000010
111100101110101110000100100011011010000100011101101111100111100000011001011110000101110001111001
010100111010000110100100001101011100011111010010101111000010100100000100101001110001110011101111
010001100000111111111001101101001110011101100010110000010110100000000100000100110101011011101110
010000010010000100000010011001001100011100111101010100111010110001011000010000001011011010110110
110101100100110010100101010110001011011010100011011100111101110101011101100110100101100001100101
000100100011000100000101100101011100111100000001110110100011101101010110011110100101010111010000
001001101000011011000101101001111110000111001110101011100001001110100000101001101011011110011001
111000010010110011001111111101011011010010110011011001111100000100111001111010101011101000101001
111110101001001110001111001000001110011100010100011100011101111110101110010001010001100111101011
101011101011011111101100001101011011111011110101000111010101000100011011101100001000100000110110
110001001111011010101001001101010110110100001000110101111011011111100110001011100101101011110101
110010000010000111000101001001001101001010010110100000100110100100010111010100011001001001111111
001101001100011101000001011100011001011001000111111010111111101101010110111110001100100011110100
000011010101001110000111111001110011010111000100000001000011000110110110000010110100011101011100
100011100011001111011110011011000010000100101011011011101100000000100010011100001110011011010101
000011100111000110101100100111110000101011000101001111001011010010010010010010010101111110100110
100000100101000110000100000111100001011100010010000110110100101101111000101001110011011011100001
000100010011011111110011100001010101001111111000110011111010110101101111110010011000011011000000
010110100000010010000101101000010101111100011010101111101101110110001110011101100110001111010100
100001100100100100010111101101100001010110000100000011011011001001100100000000111001000101010111
110111110000001001111011000110010011101000000011001010101001000011011011101110111100110000101111
