100100111101110110101001110000110100110111010011110010110000101000110010011100111010001111110010
001100001101000011110000000000111001110000100001111000010000101011101111100101101011010000101101
111010010100110101001000101001010111000101100110101011010001001111100010100100010001111101000010
011110000101010011110011000001010110001111011011000110101111101010010110100100110101100000010011
111100110111011111001110111100001101001110110101011011010101000100110100111101110111111101111100
010111001000100101101001011110101100100010001001001000011111100001100111010001101001001000110010
101001001100001101101011000001110111101010001110011111001111111000111011001111100101001000010111
101000110011110110111001101101010011101111011000011110111101111010110101100100111001000011001110
011000100011011100111010000100100011101010110010100111000101000111100001111000001110011111010101
011010010110011111000101110011001010000000101100001100011111000010000011001000101100100111011001
111000000000011110010100001110000010001011100011111111010101100011000110101001010100101111110001
000110101000111111101001100010110100010111011011011111101101100010100101110101000000101001110111
011001001010101010000100100000100101011110010101011011011101011100100001111000100111101001111001
011111100000101100111001000010111110001000110100011000100000110011000000110101110111010011010101
111000111010000001011100010110101110111101000011010100011110110111110110000010010010010101001110
011000110000000011000100110000101111000101011110010111011011010001100111001100101001100011010000
111111101110110110000001110001101000110110000000110111101000100100100011111000101100110010011011
100100110010111011001010100011111110001010010010101100110101111101011011100000001111001011011111
100110011001100110101111101000010110010010110101011001100011110011101001110000111111001111101101
111101111110001011000010011101101100100011000110110100101001111011110100110000100110000100011111
010000101110101100110011100011010101001011011100001100011100111101101101001010001101001100001000
000111011000101101100100001011001011000010101101001111000000010011100001011011000000011111111100
000101101011000100110100110010001011010000001011010110001011101110001111000001100100110101011000
000100110111100100110010000111011100100110010010000111011001100111111111100100111101111100010000
000011110010100110011011010100111101110000010011001100000111010000110001111001010110010000111000
010000011110111011001110010101110101111010000110110101100110101010011100110101110101001101001101
101000011111101101001101110010000001001100011100010001110000000011001111000101010001010110111000
110001000100100001001011111100110001011001010101000011011001010000000001111111110000100001111010
100101100010001110100111101000101010101001001101011000001001000100111111000110001011000011010110
001001010010101101111110001111011110001001010000110001011110011000100011000110001000111010011110
011110111101101011110100000010011001111111101111110110010101001010111101101011101010010010001101
000011101001011001001110110000110001101100011011100101011100000100000010010011100010111000100000
111011100110010011000010110100111111110111100010001111010110010011110110101100101101100000000111
001001100110111110111111011101110011011110110001111011001010101000010110110101101101101001011001
011110100101110011011000000000101110000101001111011000111010011001000100110010000011010111111110
111001010110100001011001001111000100001101011110010000010110011000111000101101101010101001011001
010110110110001101010111111001011110100001011101011100010100100110100110101001101010111001111100
110111111000000100101000000011100110011101010111000100011111011110001100011100000010000000101100
001001001111001011010101111100000000000111011110000011010110000000011101100000000111110000110000
101111010101100001000101101010101000001010000010100110111001010011110011001011100010110000101010
011110101000110011111111000100010000101000010001100100001100011011101100111000001100101001101010
000111100000011000100100000110010100010100100110111101111101011000101010100010101000100000101000
101010100010101011010101100001110001101100101110010011110010011101010111001010111100001111111011
011011000011011011100010001101101000101101010010101010110101011001111100101100010010101100100101
100010110001111101101111111011011111100001110000001010101100111100010011100001011010000111001111
011011011111011010000001111110100010000100101100000111101000000010000111000011110000001111011111
001100101101010010101100001010100001010001010001100011100011110101110011110111111111111000000010
010101011010001111011101001101110010011000100010100010011100111111100001011000001011010111100110
100001011100001011010000111111100001010101000001010011001000110011000110011100101000101110011001
010111011111110010111111001010101101110100111000000001111100111110111101111101110011000100010110
010101110101010011110001111101110000110101001100010110111111011111011111100101010100000111000111
001010101001100001001111101110000111000110101101101010111001100101011111101100001110001110001100
111010110010110111101010011111110001100010010001011001100011110010111110011010101110100101110101
101100100111000011100101011110001011101100100010110000010111111100101011000001110110010101001010
101011100001001010000100100011101110110111010010110100111001000011000010010110110010011111000101
111011100011000100001101001010011110000000101001000000001101000111011011101000001100011100100001
110011100000000100000010011001110001101100111111111011010001001101101100001010100110000111111000
011011110111110011011011000000111000110110100111101111010111110110110110000000011001101010001100
111101000110001111000100111011111000011010101111101001110001101101110001011000110011110011011101
010001001000101110001100011111001100010011101000000001010000101111111100111011010110011001010010
101000011110101111011011111111000101110101110110001100011000010000100001000010010001111111100011
010001000110010010101100000100011111010001110011111011001101010000101111110100100101001001101111
101000101001111010001001001101100011101110000001101011101000110000010010100001011100011011100011
001111000111101110000111101111101010111110011001001011110111111110011000101101100111001010011110
001011011000100110100010000111110010110111001111110011110001001101111010100000111110000001101100
101101111010111011111000110101011001110010011010000100001100011011001010011101001010100001100011
110001010001001110111111001001011000001010011110111000011010000111101000111011010101100001101011
111101001100010001000000110011100110011100100011011111110010100010110100011100000010101010010010
111110111010010010000001110011110110011001001110001011100010110100111010110000110000011101010101
111101000100110010000001111101000000101111010011001110011100111101011101001111111001100110111110
011100001010000100111001000101000110010111010001011110000010101000000001111011011101100011011011
011110010110000111010110000001000000001101101110001101010010001001100110100100011110011001000001
001001011110111001011101011101110101011101010111111000000010001110011101011101010000000001100000
011010000010011011101111110110011011111011110111101000010000100010100111010011111000001010001010
100001111010101111111110110111101100111010010111010100101110001000111001100010111000001011011110
111110111001010011001010101111111110111000011100111000000011101101110110111000011100001110100000
011010001000001011110011010101000111111010100011100101000110000000101010000011001101000010101010
100100111010111001010010101011010111111101001110101100001111100001100000001111011111101110101100
000111001011101110111100101010100011001101100011010101010000001110111100001000100011111100110011
110011111100011000010010111000111101111110011011100000111010101000000100001100101100110100010011
001100110110101000110101000001101011110101111110100101101110101000101001010111111101011011000010
100001000111100011110001111010110001011101101011100101111000011110100101011011001111101001101110
010100110110100010100000001011001111011001101111011010111100000001011000001000110100111101110100
011010101010001101001001001001110001011101010010111011011001110111110010100100000100011010000101
100001011110011001100111110100110001101000001110101010101101110010010000111101011111010101000100
011011000110001111100010110110111001110100110101011111001000010100101100110011010101010010110010
111101001101000010110100101100000111111100001111010000001111011010010101011100001100110001111010
000010000100110001100011110001011011101101100101000101111110010110110101110010010100011011010111
010000110010101100110010100101010110111010010011000010100010100101100011001000000110010011100010
001110110010011111011010111001111100110000101010110000000000001100000110100110011001101001111100
001101010001011100100010010101111010111110000001110101101100001011001000101000101011101110011110
110000110111011101001001111011101001110110101000001111100111100110010010000010110111001000100110
011000000010001000010000000100101000001000101000000111110011011101101000000101011011100100101101
110110101011000010001101011000110011111111010000111001100010101111100111011100101101101111010001
001110010111000001000111111101101011101000100100000100100010010011111100110000010110100010001100
100001101111110110100011101001010100111011011110100011110001100001000111011110110001110010110110
101111110001010100010110100110100000010001011110100101100010011010100000101011000001001010010111
000010111011010100011110000000100011010011110111010101100111010011001101101000010111100111101000
010101110111011101011001101000100011001010100110010010100011010100101100110011111100011100010100
000111101001011001110111001100010101011110011111010000001101000111011111011111110111011010011001
010111110110101010100110111011010010111110011010100101010001100001010010110011110000001010100000
111101100010111010100000010001111101101000000100110010011110011001100111000010111010010000010010
110011010001001011101100100001011011111110101111111111110110001000011011111000000000111101111100
100100001001011011101000000000001111111100110110100111100101011001000011100101100100100100001011
110001100110100100101001001110010111011101110000010010011101110110011010101101110000000101101000
101101110111100100100011010101110111110111100101010101101011100101111011101000101100000101110000
011111000100110000000001110101011001001100110011110010010000000111110001001011000001111011100111
101000111001100011010000010001000101001111100100111111001001010000011111100110110101010001111111
110100100011101101000100100111000111011100010111010001001111011100110001001000110000001111000111
100110100011000100000000111100100010000101101110010010001100000000001000000010101011110000101101
101000010111101101101001111000101010000000101111110110000000101111001010110101110011111101111111
100000001000001111001110111011001010001001111111101111000111100100011111111100001111111111110100
000011111110101111011110000000111111001111111010101101010010111011000011010100011100100001001000
011110010010011110100000010011101111001011001000100100111010010011111000110011001101010001111101
111100000111111010011010000111100101000111111100000010000111001111111101101010001111000111111111
100111001010010101101110100110011011110101000011110111000011111010011100011001111010011001010010
011001000101011111101111010010001011000101011011110111101000101000111010010010100111011001000100
010001100001111010110001010001101001100101010010101010111010111110111011000011010100110101000111
011111000100001110011101000000000100000000110110011011001001101101001110001000011100000011100011
011001001011111111111000010111011100111101100000000001110010100101100010110101111100001110111101
000011111010010000011001100011000111100001110011101001010001100010110111000011110100000100010011
111100011010100100100111000110001001001100001011111111110111001011111100001011010101010101011100
100110010011110101011000100110111101111111000100010100100000000011110011110110111100000110111100
111111011000000110110101101110011011100101011001100101101001101101000110010100001001010010010100
010011001100011011010011010001011011111101010101001000001000010000000000010001010100110001001000
001101110101111100101011110000001010010100011110011100101010101010100110111110010110101011011000
110011101011010101100001101111001010110000000001111000011000101011001000000111100100001111111000
001110001011101011000100001101001011010001101010001010000101101001000011001111000011110110011011
011101111001011011100010110011111110010011011010101011011100000100101111100101110110011110101011
101101100000111011010000010010000101100100101000100001001000110011011000110111100000101111110100
011111001101111011011101100000110001100001001000101000110011110010001110010101000100001010001011
110011101101111001001110101111101100110101011010000010110001110011000001111001000001001010001101
110010110111101110011100011101001000001011011010101001011011001101011100111010010011111110000101
111101100001110100011010000110000001000111101010100010110111110110010111101011010010111110000101
010111000110110111100101000000011100011000111101001010100001111110110010101001101001010001111111
111110011100010101001101110111011000110110101010010100000011000010110110111110110010111001010001
001001110111101001101101111011101000100101111000011101000111011100000111011010000101011110000100
100010100010011001101101111010010111001111101001010011110001010111110010010100000101111001110100
000011001110001001010001010010110111011101111111100100100110011110000101101000111001010101001000
100000000100010011101110110010111100010101100011110011100111010111101101010101110111101101111001
001101110100110101100100011001000101110111001000011000010011100001111110101001000001001011110101
011000000001010100000011010100110110001110110011101100010011010000001100010011001111010100010000
100110010000110000001101100000101100001010110011110111100010111010001001110000100110000110111110
001110101000100111101001100111001001111000111000000001011111110110100001010001101001110001100010
111110000000110010010111101101100110001111101001111011101111010100001001101010000010011100000100
000011101111000001111111000000010010110111101001101011000111000010011111101111100001101011000000
101001001010011111111111001111100101001011100011110010101100110000110010111001000100001011011101
111100000100100000110110100001101100101011100110101111111100000100100110011000101001010110010111
110100000110100010101111111011100101110000100110010100001101100000110001101001001110100110110110
001101110100101000010010011110101011001110100001101001001111001011011001110101001011010110011011
100010110011010001110001101010011010101110001101011101000001110010010001010100101010111001101101
011011110011000111100001000010101010110111111111101011001101010100111010010000110001000100101001
100000001111101110010000010011110111111100100100110110110001011001111101001111011110001010100000
111101001001100001110011010111110010001011111010101110011011111101100101101100011111110111010011
100111101000111111111111001111010001011010011011110000000011111011110111110110000001000000010100
111110000110010011010000101001000110000100101000111001111101101001111010010001000010010101010110
001101110000000000110001100101000011000000001000110010000110011100111001110001001111010000110110
100011010110000010110000010001000011000001000111011100110100010110111001101001011110011001011010
110101000111011111010111011011111110011111011000010000111011011001011001111101100011101110111100
000110011101100111110110010001001111110001011010111110011101010100010100100010001001011011110100
101101100000111001110001000101000011000111011100010001010110010110100010000101011100010011001101
100000001110111100111000110010100110100000111111100100101010110100100011011010111001100110011000
101001011001111101010001011110001010101111111001111100100100001110101010101011010010100001011111
011111100111001011011011000101101101111000001000111111100000011010111111100001110001010011110001
101101111000100001100110110110001011010110111001111000010111001101110011011100111010000001110001
101111011010100010001111010111111111010100101000010000110111100110111110110001011001000111110011
101101010100101011100100111111000001001111000001011001111101001110101000110101000101111011100101
000111000001000100110101101001011100011110000000001001101101001011011101111010010001001001010010
100111110000010111101011101111111100110011011101011000110101010101100101111100110001101100011011
001111001010110000110001000001000101010101010000100101010100110011110101000111000010111111000100
000111100000011001110000111100110001111100010101110001111010110001010101000101000101101001000001
111010101010100101000110001001110101001010000010001111001001100100101000000110111010001101001100
000110110011100011011110110010000001101000100101100111000110001110010001100000011010101011101011
001011111010101100011000001100011001100111100100001110101000111001001001000110111110011111011111
010001010111000100001001101101100011100010101011111001101010110110100100110011101111001000100111
101001000000011111001010111100010110001000110110110011000001010010110011100101010010001010101100
101101011010011110100100011100111111111101101010110100011100110010100101011101111110101101101001
010111101111110000110101111101010000110000110110101111001001000101000000101000101101001110101011
011100011011110111001010000010010001110011011011100000011101111001001001011100000110011001001010
001100110000001010010110001100101011000001001010010101010010110010110100111101001101111001000100
111101101100000001101011010100011000010100000101111110010110001111100000011011001110101101001001
011101010000000011000010000111111011001010111100011111100110011101010101010101001110101110111100
000101100100111111101111101011100011101010111101001110100010111110001000001100100001110011000001
001100110011001111110010110000101010110010010011111110110011100110111000011111111100101101101000
001011101010111101001010111000000010010111001001110001000101100010000001001001001001101011111101
001010111110111100011111010101001100101000000110011000000111101111101101001101101000110000010000
100011110100010001111000001111011010010100100001011011111011011000010011011111111001101010100100
000010100100110001110100111000010011010010110100010001011111111111001100101110101011100101001010
000011100111000110000000110100011100000100110010010000001110111011110010110111101110100100010000
001101011010011001010110100110110110011100110010110101001100010000000011011011101110100100001110
110100011011101101100000010111001000001101100011000111100110000000000110011011100111111101111111
111001110100100101111101000111110010101000010011110101000111001010000101100110111101011000011110
010101011000001101001001000111111100101011111100101011100110100110101010101000011010100010100011
101101001010010010001110001110110000101101001101001000100010011111111000111011011010111100111000
001100011001111110101011001110111100001010111100000010011110000100001001001110101010100011110001
110010000111101010011110100111011011000000011110000011101110111100101111001101001101100010010010
011011101001111010001010100001110111010000001000000000111001000010011100111100101110100100111111
001010010000110110110011011000011011101000111000001000000111101110000110100001000010101111110101
110000111111000010111110000100111010001001110001010010111111000111101010011000001100110100111010
011010000001110011100000111110010001011010001011001110101101101001110111101010111101011110000111
111110011011101001001001100101011111010110111011101000100110111011011011110011010011001001000000
111110111111000000111001100001110100110000101000110000110001000011111101110010100100101011011011
000011111100110110000111011011000110110100000011110110001001001101001010110001011010100001001010
110001101100001100011010010111011110010011100100001010001010000001010111001011010100100010000000
111100011101001110001111110001111101011000000110100101100000101001101000111101001000111011000001
000110010010101001100010101001010011010100110101011001111011111101100100001101001010010110101111
111100001001001110110011001110101011000011001100000111001100110001010010000001110111010010110111
101001010100010011000100100101001100101100000001000100111010101001101101011101011011011110100000
001011000001010011001110001010011000010111110111010101110000100001011101100001011110111101000001
010001011100010000001011011010011100011011000011011011000001100001110101111101110111010000000001
111011000111101001110001010010110111101110110011000110001000000110011100101011111000000111101110
101010010111001011001001000001010111101111011010101111001000011011010101101110110011011010100110
111010011110100000110011001011111000001000010011001001000001011011000000010110110111011011011101
100010100100000111000100010101110110100000101101000010111010100101010000110100011010110010000111
110101101001111001010110010000011001011100111100011010000000001010100110111101110101100010001001
010111010101100010010110100011100010001001110101000000001111110110111110110110110001111011110100
100101101001100100100100010100010111111011001100010000011011100111110110111001101100011110010110
110110000000000110100011101100000111100000010010100100010010010001011001011111001001010100110110
011010001001100001110001001100010010110110111001111000010111010001101001010111111001000100111000
100001110110100101010000100100110100011001111110010101101101101100001110011101010111011101100010
000100001110100110011100100001001010001000011010111000011100000000100010100001100100111011100110
001010010110000010000111000010011110111000101011000010011011111011110110110000000100110110100000
011000101000000001011110001011111100011111001100001000101001001011001010100011110010011101001111
100010010110110101110011101110001110111101100000111110110001011111000100000011110110101011000110
011111011011001001010011000110001000010011001110101010010111000110001000001010001101011011111111
001010100011000101000010110111110000011101001011000000100010111010000010011101101101000010011101
000000010010110101000111100010100011101010010101110001011000011011110000100001100010000110111111
001110011010110100110110101010001101010010010000000101011101000000111000101001111110010100111000
111000100110101001100001110100110101001100100110000110111110111001000011111111110111011100011100
000101111000110111100001000010111111101111010100111111001111111100110010100101000111100101101110
000101000100000110011000111000110011011011101010110111100001111000101111001001110000000101000101
000110001110010100001010010101101001100000001101111100001111000001111110000100101101100111110100
010101000101110011110000101111100101000000110111011100111010011100011110111000000110111100100100
010001101101011001111110011010011110110101101111111100010110001010000000010110100001110101011101
101101101001110110111101101011100010101011011110100111010000001001001001100000101000001100000010
001111101110001001001011011101001101011011101100110011001110111011001011000000101011100010111100
110100101010100110011100100110010001110111101110111100001000000011100101110110001110111101100010
001100110101000111101100000011010010101110100111000111001100100111101000101001100101111011001001
100100110000110011100010011100110111001001001000001101010010110100011110010111000000101011001010
101010100011001010010110100101001111000000101101000100000000100111010110111111110110111101011100
010111001110111010100000010011010010001000110011010100100010001101111000010111110010101101010111
000001101100110101110101110111000000010110111101111010101010100001001000111111101000011110010101
010011100111111100010100101100011010001111110100010111000101100001100010001010100101011101111010
111100101010101101101011011110010110111000010010111110100101101001100001111111100111111110001100
001111111111111000000000011010010110110110111001101110110011101010111000000011011100011100111010
001000101000111101101000101000111111010110101011001001101101111000000010011000000000010010010001
110110100010001000101010010111111101000010110110011110001110001101000011100010011000001101111000
001000110110111110111110011101001010100011100010001000011110010000011000110111011111000000101100
001000000110111010110001110001001100010001100111000110100000011111111010110110100010101111111100
101100111010110010101101001100110011111110101001011100111111001010111111111000100111110101110101
011110111100101000000001100111101101011100101110100110100100000000111101101100100011111101001100
000110010100011101010011000000101010111111010111111011001001001001010000001000010010110001001011
001101110001110011101111111011011101110011000010111011010111001001100110100001010010111100010001
000110011111011110011011110101101001000101010000100100110111011000000111111000111000101010000101
000100010100010111111011001011111001010100010101001000100110001001101101000110110000010001111001
100101000101000111010000011111110010101001010110011111011101111101011001010100010101100011001000
011010111101001011000110110110101111010111100000011110001100111100001111111000100000101111101110
001110101111101100000000010000100111000111011110101010011001100000111110110011000000111101111000
000101001110001010000011100100001011000100001111001100100000100101011111111011101010100100010010
111000011101000111011010100001101100010111101100000010111000000000100010000001100000001011010000
001100111101000010100010100010110011101010001001011011001101010101101100100101011101110111011110
011100101010101111011100010110001000000011010100100101011111111000000001001110101111011011001101
000101001011011100101110100000110101110110001110001111011000001111010001011001000110101000111001
111100100011010100010101101110000110100001010111001000110010100101110101000010111111011001100011
110101110010100110010011100110111101011100100000001010110111000001010010010010011011010010010101
100101111011000110000001001100010110110001100100100100001001111100111000101110000100010110000101
111001110010100000001001100001000010111011001110000011111010000110111010110110101110000100001011
011000111011110010101110101100100010100100000110100100000010110111010000001100011000111110000110
110001110001001111101001001010110001011001111110100010100000111111000010011100010110111100101010
001100110101000101100010000101111000001100101100001010101000001111111011001010000110011101110010
111101000100010011110001010100101011010011101011101000111110011100010101001010100011101110110010
101001111001011100110101100000100101010110110000101001101101100000101010100101100001001101100010
000010110110011001010011010010001001110000110101101110100011000110101010010110001001000101111110
111100100001101011000110010011110010110110010101101110110111001011000110100011010100011101110111
100000110100111011101011000000000001110101110001011011101000011011110101001100000011010000010001
100001001011000011011111011101101010010101100100101010001101010011111000111001010011010101100100
101101010111001001101010110011110100010011111100000110101000010001000001000001010110011001001011
100001011101000010001100110111111001010100000101000100001111100010111101011001110100001001111101
100110010110100100110001111101011110010110011111010101010110111101110100000011000101010110011010
010111111101011001111001101010001100101001111110101011111000011110100000110001111000001000001101
101000101110000010011011111001000101101011010001010000010010101101100100100010111011110000000001
000100101000100101100000001011000100011010100011111100001111111111111000000100001101101110110100
101111111010111101011000011010000110100010111100110010000000110011110010011101110101011011100001
011000000111111100000011010111101011010000111100111001001001001011011011101010111011010101011011
011110101011001000011001110000001001101100001110111111000101000000011010110111010001000001010010
000111101110000101000110111101001010011110001011011100100000000101100100110001100001010100101001
100011000100000010110111010100010010111001111101100010111111010111011111110110000001011101100010
011101110011000010101001110101001000001000110000100000111010111000110000100010110010110101001010
111100011100110010100101011110011110110111001011101010010010100001100000100000000001101101101001
001100000011011001101010001011100111001010111100101000011111100101010110100110011110100001110111
100010110100110001011100000011000110011111000010101101110100100010110010011101010010110001111110
100110010101101011010111111001000010110000111010100101010010100111111000000010011101001111011111
000011000011001001001111010100011010001101011000000001111011011111101111001001111110011011010011
000111001111110110001110110101011110011110001011010101100111011111000010111010000100000011110111
011110101111001100111111110011100111110001011100001011000100110110100111011010010101010111001011
111000011111010101011011100111010100010100100000101110101111101001000101110001100000000110011001
011111110000011001100001100000010101001110010101111001101110001000110100101101110000010100101100
110111000100100100101101111010100001010111011111000010000100011101110011011101111000001011011111
110110111111011111011100100010001101101111111111001100001010000010101001001000111100101010100111
001101111001001011000010100010100010101000000111111001100111110100111000111011001100000000110111
100110010010110111101100001110010001001000100001100001011001001000000010000111111011111111101111
110010101101000011111010111110111110001110001000011000000011010011011100000001101111011111000001
000011110011100010110101100111100111000000010011101110110111110110110011000101000011001010101110
000110111100011010011010011101101101010010001101101100011001011001001011011011111000100111101000
101111101010110111110010111101001011000101101000001101010101011011001010010111001001001111111110
011000100110101000011110111110111101111100001011100010000000110011010111010001111101011101001010
010110101110110101111110010010001111110011000010110100110111100000011101010011101010011001111001
010001000100011111000111111000011001000000001111001001010111001111110010001111101110011010000010
000010110100101011000010110101101000010000000001001110000101010000111111110101001101000100111111
001111000001001000010000000011110010110001000111010000100011110111010100010011011111001110001000
100101100010001110011111110101110101110111100100100110110111110110010111101100110110101100010000
100111110011000000011001011001000110110001100010100110100010110111011100000001010111110110000101
010111110100110100010100011100101110110100010000110101111100111111011110110010011111110000001011
010101011111111111010110100110000000000101101000111101000010010000011000010011010111001101011000
011010011111001011000111010111110011110101110110111101101010110111000110110111010101011101000001
100111010000111100111011001110100111110010111010101001011000001010110011100011100010111110101011
100110000100111100111010011111011011101111100000001000000110001100100000111011111010100010111110
000000111001001011010000101110111101110110001000011001111111101011110010111000010000100000011000
101000111001101010111011111100110000110110001100101101100111101011011011001111011111011111010011
010110111011000101011001000010111100001001001011001011000001100010111100100001101101001101101011
110011001010000011001101011100000000111100011011011110100111001110011011101111101000011001111101
111110010010000000111101110011111000110101100011111010010010000010101111011100000110110111001101
011000110010011000101000111101110100111010000101010101101111001011111100110110100000111001110100
111010010010101100010101100001100100010010110001101101101110001001011011001001000100111000000101
001100010100110111101001000000110011011100011111101111101101011101100010101011110011101101010100
011101011100101010110101000111111101001111111001000011011100001111011111100111100110101001000011
010101000101101110111000100110110110000101010101101000110101100011101110011000000100110000010001
100000100000110110000011100100011110101100101010000011100010110011100000000101100010101100001001
100111000000111101011000110001111000001110111010101000101011100111111010100000001101010000111110
110111100100110001011001111000101110101010101100110111110111111110011101000011101111101010011011
101011111010110101111100110000110110110110111110001101011001101010100110000100111010110100001101
110110110001010010011000011000110100001110110000011011110010011100001000010111101000101010000011
100100001001010001101111101011000001100000010000110110011001001110011001000010101001000010100000
100011010101000010000110100010101110100100111111100001001111010000101001000001100001010000010000
100101010011000011111111011000100100010011111011001100001110111001100111110100110010111001100000
011000001100001101101100110100001001101000011100001111101010110001100001010100110100001110001111
000000011011100000100100101111110110111010100100100111010101110111001011001001000000011111000001
101111001101110111010000110101010101011110001000001110001111111100111110111110101111000010001101
110101111001100110111001110100001001011101111010100000010011111000111111001010011011010101110101
100001001110011000010000011000110100010110100100000101110110100011111110011001000111000000100001
000011010011110101111100010101100011010010100110011010000100111100110110101110000101101100010111
100101101010110011101110011010001010000111101101101000110011000001111011000011010100001001111010
001101001000110010101001010100100101111011101000101100011000110100111010001110110001000001110000
111100000001001110100001010110101100111111111000111110011111010111100011001011000010001110011100
000000001100000000100001000000001100010110111111100000100100000110000110010010101000011110000110
000010100111110010111000110001010111011010100100110110111110010001011100111111000000111010111000
000001011011001101110010001000100101100011111100111000100001111101111110100010110010001111110101
011100010110001000010111000110100110111010111110000010010101110111110000100010111100001101101110
001110101011111011001101100110011110000110100110100000110101000000110010010101100110010000011111
000100010100111000111000100110001100100100001110001001100000101001100101000000111011010001001101
010010101101100111011100010010011011101011001001111010001001111000001111111101110010010101110100
000000100101110000001100011010011100111010111110110101000110101001110101111001010000010100101000
110100110111010101001000000010000000110011000010000111111011110111010000000111011001111000001110
111010000011011011011000101110011001011000010111101101100111001001100101010100010100011100100001
010000100000010101000001001011011000111101101111010011111111001101000111100110100011001000010100
101000100111101111001011111011101111010111110101010100101001010000101001101010110001001111101010
110100001000110010010010010000100001100010101100100010000100111100101111110100011101011111100000
000001010000110111001000001011100001111011111000011000001011111100101111011101111000110001101101
111111011110111100010010110011101001000011010110001011001110111011010011100011011111111101011110
111111111011110001001000111010011111000000010111001100011101110001001010011111011000000011011010
111001101110101101001000111010001101011101111111010101111011001111000011110010000011011111110101
011000001111110011110110101001110110011110111101011000110100001101000111000010101111010101000100
100001010011001000010101010101001100001000001011010101001110111110011000110111001110110111110011
010111010100101110010101010000100111101001001110110000011010010001110011100111010111010000111101
011010011111000000111110001001011011011010101001100110010001001010100010100001011110100001100111
000101101010111100111000101100111010010111011001111100101001111100011010010011000001101111101101
001111000010110000010110001010000011011110000001001100111011110111000111111011000000111011101100
000011111101101111110010001111100001101110010011111001101101000110010110100100100110010010100100
001100110110000011110001110011111100111001111001001100000100101000111101011011101100011110001010
000011010100010110001001000111000011110001110010111110000011011010000010010011001010110000110010
010100011000011111001011111101000111010110001000110011111110101010001111111110010010011011100100
001111100010101001010011010110011111111101100010011100010101000010101100000000000010010100110010
101010000101111001001111110101101010011010000001001111000100101100010101100110111110111111010001
001000111101111011000111101101001110011011001000010110010101101100101110000101010001100001101110
111110110101000000110011011101011111011000110101110001111100110110011110101110001010111010011100
001010010100000110011110000000010111011101111010000110111011111110110101110111101011011111010110
010011100001011110001000011101111000001001011100101110100111100101011011001001011001010101011010
010110010001001011001011110010110001011010011010001001001100100100101101010001010011010001011101
100110011111010100000111100100010101110101110111011011100000100110110011110100111110111110010001
011001001011011100101011101101101111110110111110011000100110111001011110010001110110001110101111
100000100100001101100000101010001101110010111110010111001110001110111000110101111011010111101101
000101001100010001110110101011111110101110011001110001000100001101111000000100101010101001010010
110000001010011011001101110101010010111100110101001111010111101010111011111011011110010011001011
110010111111101000100100000111101001110101000100001101010110110110010110101001000100100110111010
111010011101101100010110000101000111000001001111110110101101000011101011001110100111000010011000
010011001000011011110101010000100001100000100100110001101100000010100000111011010111111100111011
110011110110000100110100110010001101001101011000000101101101101110000001000010101110111100011001
100111111101001110001110101101100000110010100101111001011000011100101100010001010110010001011110
111111010111101001101001001100010000100110100111101110000001110111001100010101001101110010111100
101110011110010010010111101101010001011011011110010000110001001111110111011000011110101110011000
010110110101000111000100001010000000100000001101000110000010111111011111110010000100110001110101
111100001111001101100010011100001101111010010100010101111101010111010111100011101111111111101001
011101000001110100011110010010111100010111010111010000110011100001100111110000011001100110000000
110110010100111011101101101101011000000011100101010101010101000110100111110001010000000111101001
000100110110101011100010011001011011101000110010110111101100001111010101011010110011001010111110
110001000011000000101011111011010010110110100110001000011100010010010111000000110001111100000010
111100100111111000111010101101010111100001110000000111011000001111011000101000110111001011000100
011010000011001010011101101010110101111111000100000001010001001011111111110101111000101001011010
100001111100111001011011001001110100100111000110001100100101001111010110111011001110011000100100
101110111101001111001000111001000101101000011101010011000010100111110001010001000101110000111010
000100111011110111110101011011000000101111000001011100100011000101001011110101111110001101001011
101010001100110110110111110001010111100101001101101100000001101011110000010111100110111101010001
111001101010101000100111110100111100010001000101100101000001110101011111111101110110011010011100
100001000011100100010000011011011010011111110100010100011101011010001100000001011000101111110001
101011011001110101010111010011001011011110000000001011010001000000010000000110010110101000010101
000001010111001101001011110101001001011100001101011101111110010101110110100000011010011110011110
010011001111100000011100001011101000100110001110001011011001101001100110101110001110101100010101
001011101111001100000010010101011100000010110011110010000010101101010000100010001010111100100000
011001001001101010010110010101000111000011010010100101110100101010011010110010101100011111101001
111010110011100111001110100110100001100101110101000111100110101110110110111010010000110100000101
011000011110100010101001101100000101110001001110110000011101011111111111111010100001001101100001
111001001000011000000001010110110000010011110001011000101001001111101010010000100001011111100000
101111000100001001100001101000000011010011011001001100100000000011100001100101000011100100110001
000100100011110001010011010011101001010001010000100110000001010111110011101000101100101101001010
101000010010111011010111001111101010001111010100111000101000100101101101010101110001010001011111
000010001001010101111001010101001101100110000011101001111110001110011110110001001000010001010000
001001111110110010000000110101000000000010010111110101010000000101011101101100010110001010100000
010100010000101101000111011011111100000111101100110011001111010100000100000011110110011000011010
101000100001011111011010010101001000100010101001100010011010101111110001011001101000100111111010
101100100110010010001000101111110001111011100000001101101100111110000010110110011011010011111000
101101001011101000111001011110111011001011010010111101101101001000000000100011100001010100101010
110111101110000111100111110111110010101001110010100100110100011110100010001010011000000001100100
011100100110111000111110011101010100101011100110001111110010111111010010001110001100111001001100
111011010000110001000111100110011010111010011111111100110101101100110010000000000101000011101010
011000001101100011001100100101010011001100001001110110100101111000100100110110000110011110000010
011000101011101001110001110101001010110101110011000110010110111101100111110011101101000010010000
000101010000000101101011001000110000100011100100101111000101010101110111111111101100010011010010
000001101011110010110111101001100101000100001101110010111001000101000001110001010010011101000110
101000001100111011001000101101101111010000101010111110101010111000010101010110101010010011011110
101111001101000011001010111010011110111001011001000111100011011111110001000001011010101110101110
011110001001001011110011101111101010001010000001000011010111010010111101011101001101110010100100
110110111100100100110011001101101110111110101001011010111001011001100100000011100110110101001101
001010110111010100011100010101010000011111010010000111001010001000101001001110100100101010111001
001011000100101001111110100010100110101000000101010011100101011111000111100110010001011011011001
101010011110111011101011111011111101000100010111000001110110000101110111111111011100111100100000
001000011110011011000110110001110001010001110101100010101101110010111011100100111100011010000101
011101111100110100100111110100111100101010100111011111111110101111010111111101011101100010000011
101111011101001011101000000100000010010101011110110101101100010000010011100011000110010111100100
000011111010111100010111110100111011101101111110111000010001001111111011000101010101000011010001
111001110101110001000101111001011001110101001000110001101011111001110101011110001110111011011000
011110000001000001011100110100011110000010100000110010000100010101110100110000011111000101110110
110110111000011001111011001011100010010110001000000001101111111011000110101011101001111011001100
111001111101101100101110001111101101010110111010110010001110011001001011000010100011011111110000
110101011011011000100100001001100101101100001001101101000110000010101110101001100001111001101111
001110100100011110110010101100110111100100100011011010010011001001000101100010011011101000110101
100010000110100101111000111000011100101000011011110110101001110000010001011001100100110001110010
001111100001000011000011000111010000010000100101010011001110111110001001000110111010111111101000
101001000100010011000011111001100100000101110011100000110000010001001101111010101110111101111010
101000101111000011100101001111101001100100110011000101101111101001010101001101110101100110111000
110001011100100000010001110011001110111101101000010010101110001010011100100111010100110101001011
000001100101110101111110110010010111000011100010001101110000110011111000011010100011111100111101
010110000000101100000011101010000011010111111000111100101000010101111111011111000010000010010101
100001101101001101001010110010100101010111011011100110010010111100000101100101010000000011011000
101111001110011001101010101100011100110110000010011100110101000111011011110101100101110001000101
010100001001000110100100010111101101110110110010000111011110001110001100011101000001001000010000
001111010111010100001011110100111100100100010100001101110110001110000100101000010010000101011001
000001001010101011000010101010101000000010101011000100000011001110101010011101110101101110000100
111111101000011011011110111010011101100000100011011010010110100000100100001111111001101100101000
001111011100001010101111101110010010100101111101001010100000100010101100111111011101100000110010
111011110000010111100111001000000100000100001110101010001010000011000010110111000111101100100010
101110011000001110100001011000101000110100110101010111101101101111010010111000111100101100101010
010110111001111010110100101100110010100010100110010000001010110000110011000010001100111101010011
111111101111000101000111101010111110001011000110010001000010100110100110001000010100100011100110
100010100101111011101100001000000010101001011001101011111110010101000110000011011011000101001011
001100010111110101111110111110100010100100101010100100011010100001100011011111110100100011011111
010111011110100110011111111010111110011111010011011110001111101011100001010100000100100100101101
110100011111010100001101111101100101110000111101011010110000101011101100100100111001100100110000
001001001110000111110101101100100000010101001001100110000101111000010110011111000010010111111110
010111000010101010100000100100011100101010100011011010110110001010110111100100100010011100100001
101100100001100100000001001110110010101000010110101111111010111110101100011010100101100101110101
000001001101011010000010111000111111001110111111111101001011101001111110101110110010010101001000
110111010011101111101100101110100100011011100010010000111111110100011101101100101001010010001000
001101010001111100010110011110001001000100001000011100000111100010101010101101100011101010001111
100111000100000101110100000100101010100011001011110000100110110000100100101011010101110000101011
011001111010101000011000000111001000011000110110100001011100111100010110010001111111111110011001
010101001011001110111010110111001010100001010100100100100111010110000100011101100000101001000100
010101001101010010111000110100111000001011001110011011011011000111010110100100100101000010010100
100010011110011101111011110110110100011101100101000001000100110101101100010010001011100000110101
000101010001111011100100110000011011010011000011011110101000110101001001111001011101011100010110
011011010101100011101110010111100100000001011100001000110100000111001111010011111100011100110111
000100001110001111001100110111001100001011100000111100011000001011111101101010111011011011101011
100000100010000101110100011000100110000111110111100100100110010010101111101011110111001010011011
011110001000111000100111011000010100011011001011000000000000000000101101110010110000000101001011
010110011101110000101101011001000100000110000010101010011010010010001010100100100001110011011100
010010110001011101101100011111100110100001011010101111000000101000010001000010101000010100100100
110111110100010000111001100011100100100111111010011010010010101000011100001010001100010101011111
101101100010000100010100100101101000100010011100001111111001101111010110100011101101010100000101
011001000001100001110011001100011000111000100010100010011011100001100110010000011101110111010100
100110110000101101100010001100010100111011110101011111001111011111001000100001110110011001110101
011001100101100000101000111000000101011101001010111011110100010100110010011110000101011111110100
011001010010100110110110111100010101110001110001100010011011000101101000111101010000100001000110
010110010101110011000001001111110011000110011001001111011000100111100111101110001100111000010101
011101100100111100010000111110000111110010110001100100000100011101101001010111111001010110111111
111111001001000110101001101100101010010010110001100110001001110011101001100011101110101100000000
000011000011101010101000010001101000110010001001010101011110111010110010111101100100000110100100
110011110010111001111111001110110100111000001000100100111010011101001001001011111000011100100110
101001100011111101111000010010110110100111000000100011110101111100000000101111000110000110001001
010000100000100110000100111111111010001111110001110100010001110000001010110111000010001110111000
001110010100000011010101001001011010101000011101111011011000100011001001001110111010000000010110
001000000011111100001010011010101011011110011100111000010011011111010110101101010111111011110111
010111101011001110100010011001011101011010110001100101101110000100101011000011110100110110000100
001100010000000001001010101000110100000011010100001010000011011001010111110001101101100010001110
010011010111111100000000010100000110001000001011001010011000100000101101100100110101111110110011
100111010111010010010010101101111001100011000101110110001111011010001101110111001001110010000000
001000111011010101110001010111110011100101011010000010111011010001101001001100111011011100010000
110001001101010010010011110101111110110010101100011000011010110011011000000111110101001111001101
010101000011010001101011111100010101011000010111110110101001101011011111010000001111010111010000
110010001011001001111111010010010101100001100001101001110011110001010101011101000100110111010100
101101001011100010011011001010111101101011101110101010111011111010110110110101110011111010010100
101111110001001101011010100001111000001010001010100010110001000000101011000011111011101011110001
000111000010101011000100111101100000011110101100000000111010110101100110101000101110111100011010
011000110010000100010010101100100010001010010001000101011010111011101100110000101111101111111011
110001001011001000001100101011101110110110001111111010000101000010111111011000000100100001001110
111010111010101100001101111110101100100110110001100101111000001010000100100011110100001101010011
000000111111010011100010100000011000110010000111101010100010101111110111001111110001001000010100
100110001101010110101010101100110111010011010000110000000001101011011110101101100110011110111011
010110110010111011101000011001000011000100011101110001000001101010100111001110111111100001111110
011111001011110100110010110101110000101001001110110000100100000110110100000010010101001001101011
110000010110101101010100011000000111110000001010101101101000000100101001010111100111011011001000
111111001001001010000111011011011110111111001000110101101001000111111111010111001001100000011000
011010011101100001110011001001111000010110110100011011000001101111111110001010100100100111010001
011111110101111010001011110101000101010000110100001101101010111011000000100111000000100100101111
100010101111111000110010010100011010000011000101010000010110111101100110000111111000111111010001
100000010000100011110001011001101110110000000100010001001000100111001001010011110010010000110111
010110111001110001110010101111000101010100110011110110100000010010000101000001001111010110100011
001010010000010101100010010000000011110100010010111001000001000111101110000101111011010011011101
101111000010101101010100100011110101110000000101011010111000111100010001000001011000111101010011
000101000111000010111111010000011001001110110101001111011011101111110001011111111010011011011101
110101111110011101100111100011000110111010111001111001011111100110010111010111010011100111000001
010101001101111101000100101110110101000101110010010111110011110101001011110110101110010010000111
010000000100110101100100101110011101001111011001100000011101010010010111111100000111000011010000
001010011010011001100111001101000011001001110000101010101011100110100000001011100100000010011000
001000111100100001011001101000110001001001110110111110101010100001111000101100000111010110011011
110001101001011010101000010100111100000100100111011100101110100010010001011000101011100110001000
000110101011010010111000000011001010101111101111100111101101100110011100001100010100111001001101
110100110011001011000011010001111000100010100010011111111010110101110110010011010011001100010011
100111010100000011100110001110111001110111100001100101100101110100001011000110001100100111111010
110111101101000110011100000101010101000011010000000100001101010101001010101001111101001100110010
100100100000010010001110010011000011101110100111010001001011101000011110010000100010001011111111
001101001010001100001101101000110011111011100000001000110010000110101000000101001100000111000111
111110001100111001101101100101010110010011011011101000111110111000110001110010111000011011011110
101101001000001000010001111001101101101100100100001111110100101010010101111110101101111111100111
001001100111011000001000010101110111101011001011010101000000111000101001010110011001101110000110
100000011111001011110001110101101011111111000101001000011011011001001001110111100110000111011010
101100111100001101000111111101100000101101110011011100010011001101111000100000010100100100001000
001001000100110100100101111000011001110000100100011001110001100011111001100001001101111111011100
010000111011110000001100100000010110001100010111000001011111100111100101001001000100001100010100
110100111001001010011101100011010011101101000000010101101000011101010001111111100000010010010101
001111100110000110101001101110110000011011100001011010111001011101101110011001001001100000101101
011011011010010010000100011010000111100111010011100100010000110010001011001010111010001001111111
011010101011001110011100110000001110111000010100000110101011000011110100101101101110001111110101
110111101000100110110101010111010001101011001110010010010110110100010110100101001110111010101000
101101100011011110111001100000001110100110000100010101010100101010001110111111111101011100001001
011001011110110101010000000000111000101001111000011001000101110000100110001101001110001001001000
001101110110110011111001001000110110111001100101110111101001011100011110101101011000010111001111
111100010100000101100110111110010101111101011011011100000101111101111011000111001101101011111100
001011110000110101101101110011000010100010101100001101100100000000010011100000101110100110100100
110110000010001001010001011000010000110010011000100010111010101100011110011010000111010110010000
101011001011110001011011001001001000000110010100100111001100111011001100110110101101010110001001
001110011111000101100000010101111111100001111000001111001000111010011000100110100000010001011011
010011010011110100100010011000100010011100100111101010001110111111010111010111100000000111100101
010001101000111101110101010001101011011110110011100100011100111110100101110010001110010000000111
000001000010010111000100100110100001010101011000100100010100001010111000100110110111110110100100
100010001000101100010100010010111001010100111000010111100110010011110101110001011111010101110001
111100111010001101100001000110111101000010000101011000101010101100001001011011101010100011100000
100001111000110011001000111010100111111110001110000001100001011100111100001100111000110010100011
011110100010011010111110001100111001101001010000100010110111001000110011111010011111110111000100
001000010001111000101100001010001011000111011101101111100111111000000010101011001100100001010110
111000100010100110011110010100111100101000010110111101110110111100110000100010001010100101000001
001111011011100001111011011111110110000101111100111100001100000010100000011111011010100000101000
001100010110010111011000101100101010101011000101000010110100001101000110001111011000100010101111
001001100000101010001111011000101010110011010000010000111001000000111011100001110100110001110111
010110100110101110011010111010110101110111101100001110001010010000110001111000110101011001110101
110110010101101000111101101000100101001010100101100100100100100001111101110011001100100100101001
111101010010010001111100001011000111000010100110110000010000011110001111000010111001110001001011
001001101010000100000000011110010101100100100000001010111111001000010101011111001101111001001100
111110001010110100001111000011010110101001110010011111010111110000001100110101010001100111101110
100001111110110110011111000000111011100000100110011001110011101110001010100111001011111010111100
110011000100000011011011101010000110100001001110001100111001110001110000000110100100100000100001
100100000000101111000100010100101011101000010101110100111100110000001010110010011100101010111111
111010000111000000001100010001100100000011010010010010111100101001011101101100100011011010000000
101110001110010101111100100010011010110011100000010110001101001100001110101101010110010110001100
111000010101111010001100101110101001010011011011000100001000011010000100010001010010110110110010
100001100000000001000111110011101111010111111010001100010110010100100001101001101000000000100001
011000110100001010100001011001101100101101010100101110011010010110110001001000001011010111000000
101011001111011111101100100001111101101011111011010001011101010111000011000111111001001110101111
011111100100111001101010001101000001000100001010101000001000011011011101011100111111001101000101
000001111100100101101100011000010000010111010100000001101000001011101111111110011100000100110010
111111111101101000000110011000110011100011011100010111000001110110001111000010001101111011010101
111111011010111101110110000101001101111011101101011000010111000110010110101101101100100011011111
011001100001000001000101111110010110110011100110100100111101000001111000110100110011011101110110
001011000001001101001100011100011010011001011110001101001001101011000001010101000000010100110001
011101100111110100001101011001001000010111110001110101101000001100110001111101110100011111101101
001101111010101100001111101110111100001011100001001100110100101101010000111110101011000010101001
000011101001010101101011111000100010110101001110101111010000010101011110111010000010101111101100
001000111100001110101111110010001010110001001001111100110111000000001110000011110010111111000101
100001101011011001100011110010100100001011101001100110110011011000001101010001111011000001101100
100100001101001101100010100001011101100111010110111100101101110000000010101110101111111100101010
110000001001110011010101011110111100000101100000000110011000000010101010000001101011101101101011
001101011011000001000110101100001011100000100010111100100111100011011000111101010011010010011000
111111110100111010111000011101011000100100110101000110100100001111110000111100101111101101101011
111101111000001101011010110101001100010010100101101000000001110101001010001011110000011000001011
110010000110010010010111111100000111011001100011010000100000101000110001100001100000110011111001
100001101001101101100101001001011101110000111111011100111100000110101111001100011110111010010011
101011011100110111101011011110011110011110001110111100111100100001011100011111111110110111110101
001010101111000111001001111111000000001000011101010110000001000101101010110010000100001101110101
001101100010100010111010000011110001100001101010000010100110110111000001100011000100110000001100
100110101001111001011011110011010110101110001011111011111001110110011101110101001101001000100010
001011010100011100111010100101010000001111110110011010111110111001111100100010001110010010000100
100001101111100110100000100001000010100011111101010001000111110011110100001110001101011010011000
001001001101100111111010011010100010000110000010110101000011110010011101101111110100010010111101
001010101010101001010001011111111110111010111110011111111011011111000000111101010110110101000100
000010111001111101111000000110000101000011110101011011011011100110101101101001000100111100100001
001010110101000100011000110111010111010001001001110101101110001100000001111011011000111011101010
011001011010011000110100110001110111011110001000101101011001000001100110101100100001100111010001
111101011100001010011010011000111101000101011111010110001001110011111111110000111111011101000010
001100111000010111011110001101111000001001011000000001000000111101100001100000011111001001010100
101100110100110010000101111111000111010101100101100111011101001010001010000100001010010001010000
011011100011001111111000010100110010111000111010110110001111101001000111101010110101101010000011
101010101001101100100011001001110011000100010011111101111111110010111000100100010100001111111010
110110101010010010101010111001110101101100011111010001101100110000110110010101001110000100101011
110100001010010101101110001101101100100101110000110111000101101000001111001011001000101111010011
101101001111011010111111110111100011011100111101101110100000110110000101111111100110010100110010
110001100110010100101101001101101100001001111010111100000000001110010001011110101000100101110011
110000111101011101110100110101100100011101011000101111111001100100011000111000110110100010111001
011110000110100010111110101100101100000000110110111111111011101100110110101010001000000101011000
100001111000110011000011100000011011110011110110100000001011110010011100000010111110011010110011
001001101001111111001011000100100110101010001011010010000011111101001000001100111101101010011101
010001010010110111101010011000111001111100001111000011101110010000000110111110101011001110101001
100100100010001110000101101011110110001000101000001111100001001110101100100001111100100111011101
101101100010010000100010001100100011101100100100011010110011000100110010011000000000111101101101
100010101100101110010000110001011100110000000010100100101001011000010001000000001110101110010000
101000011010101101111101011100000001100010000000100110011011010000110100011000101011111010001101
000111011000111010110001001111010000011100101100000100100010100111111011001110110011100110101101
001110101111110011010001011110000101101110111010011110100000110001101111100100000110101001000101
110001111010010111010001100111100001110011101000111101101000011100010001100100100100000010111010
110000110010100110010110110111101110110110110101100011011100001111010110001111010001101110000010
111001111101101101011011000111011100011000111000000101100010111101001100001010110010111110010011
101010011001000110101100000001110101110011001010010101001100100110000100110001111000111000101101
110101110100110001000001001010110010111100010010001011100110010101000110001000000011001010000100
011000011011100111010110110000011110001110110010100111011010010010000001000000011100110000100101
110110001011100110111011001101110000001010111110111000101000100111110111111110110101101010011110
000100101100110100110001100110010100111010100111101000001110111110101001111100100000101011100010
001101110010001010000011111100101101101110111010110110111110011000111001000001110011011010110100
101110111000101000001000001111001010110010000010111100010111010100101010011110010111111101011101
110010000011010110110001011100101101111000010001001100001110110001111110010010001011111110011110
011011110111111101010000000101100011100000101111111110011010100001100001100011101111100101110001
110101001011011000000000100101011000000110000101000011100000111001111100000111011111111110100111
011000010001011011010011000011100001110111000101110100011010101111001001001100000001100111111011
001000001111110001011100111011001000000101000101010000101100100101000110110100011111011110011110
010001111101011001110110110111101011010100000110110101010100110110100111101010010001110100110111
011001111001000001101001010010011011110011000101110111011111010101100001001111011111010101001011
001100010110100111110110001010100010000001010011000111100011101101110000100101111011001010101010
110010100001000010110110001111011100111010001100011110010100111010101011101001111100011000110000
001011110000110111001101111100101111001001010010110111110001111000000110101101101000101111101010
001111101111001011011101001000101111001001010010111000010101101101011011010110011001111001101010
101110000001000011001001111010111101100010111100111111100111010001011001101101010000111001100110
101011110001110110001110001101111001101000110011011100111100111011110111011011000011111111110101
010111101010001111110010011011111011010100111101110001000110001110010011011110011110010010011010
011110010000100011011110111100110110101001111100100110011101000010111001010100101000110100001111
101111010001110110110101011010000010000001000101100001001011001111100000000001110011001000110010
100000010111010101001000000011000001011110000001111111111101000011010011000111100010101100010010
010101011100101100011110011111000100011100010110010011011101011111101001011100110101001001110010
010110010100001010000111000010010001101101101111001010101100101010011110101000100010100101000010
111111110011011110101110100110110011001111111000110010010000010010011011011011111100001011100110
111101000011101010101101110001000101011000010010101000100000100111100010110100000001111110110010
111010011010010000111101111110100010100111000001100000110110111111111001011010010000001100000110
101110111101010010111111100011100101011011111000010101100011101101011000011110111010000100101011
111100010000001111010111100110101011111011110100111001110110000010000101001010001010010100100000
111011000001101111011111000000100110101100100001010011110110000000101000001000110101001111111111
110000000000001111110100111000111000011101101011010100101001110110101010100010010011100101010000
100100001001111111011111001110010000000001111101110010101100101110010011111000000001001010001001
100110010010100010001101001011110101100001011100010001101101101110011011100110011010110110100101
110110111111101110011000000111011100101111011110110010011000001001110100110100001000000001111110
100000001001001100011111001001110001111111101001000110101111100110001011000101000000100101000111
100100100111001101010011001111100110000001001100101110100010110001010100110011010011010001101010
000100111010011001110011000000011001001100010111100000100011010000011011001110111011100111010000
000001111111001111100001011110011010110110110001001100110111100011111001110110000101001111100100
111100101111000110101011000011011010010101110101001001100010001101010111010101100111100011101101
010110000111011101111000110101101101001000110001111100010000010010101000001011001101010111100010
010001111010011010110101000010011110000111010111010000011101101111000100100100101000011110110011
000100011011110101001011010111110111101011000000011101101001011010010100111011110101000011111110
000010111011100000011110100101110101010110010110011011000101010110001111111000110101001011101101
111101000000010100000001011110010001110000000111001000011010010110110011011001100000111111100100
110001111111100110010110001110000011111000010010111010110010100110100010111101000100101100110110
101011111111011111110001001111100101001110000111101011011111101010111001101011001110010001100110
000100101011101110111100111101111001010010100111111000011110001011100001111000000001101110010111
111111101011101111011010011100011000010001111110101010100011010001101000110111011101011001000110
011010110100001010100100001101100010010101110000010101101100110011100101110010101101011101101000
101000000011010101000000010101110111100110010001011010111010000100000101110000101110100110100111
000000000110101000011100100111011101111110101110110101110100010000010001001110011110000100111111
100010111101010100011110110111010010010000000101010100010011111111111001010100010110010010110101
111010111001110010111000000000001011000010110010111010111010011110000000001011111111001001001101
001101111101111100110010001101100110110010100001100010100001101000011011100010011001000010000100
001110101110111110111000001001001011111100101101111001100001011011011101111111011100000110001011
011000000000010001011101111010101011111110100110111110100011010000101011100111011001110000001100
100110010000000100000111111010101000011100110110011000001001001000110010110111011010110010010010
011001011100000000100011011011011011111011100010100000011101110100101101110110101010110011010010
011110111000101100101100011101111000100010011100011001011101111001100111100011101010100001010000
011100010000011000010001010111111001000111110110101011011011100010011010110000100110100001101000
100110100000111111001111000001001101011001100011100111100010101000000101101100100001010101011110
010111101101001110101101110001000010110001111110101001100101101101000111110111101000111100100111
001011000100000011000101001001110001111111011001011111111110001001110111111011001101101011100010
010110100111011111100101011111111110010001001011010110001100010011010011100011101011010000101010
011001010001011001111010011100001001111010110000110001010011111101111101010001101001111010100010
111101111110111111001101011001011111101110010100100110010100110000100001110110010011111000100111
100011100101011011001110100011000101101001000100010110001010010010111010111000110001111000101111
100001010010101000100000110111100011111101111010101110011101111001011111000010101110010001100000
110110011011001001001010110001101010101011110011001001111100111011110000001111010001111000000101
100110001001101100010011111011001101000111111011010100101110100000001100000000111111111010000001
110000011100110011111001010011100000101101010011000010100001111010101011011000111100001111011111
101001111101100000111111110111101101011111000100100100100111110011111101101100000011111010010110
011000011001011010101011000010010001001111001000001110110001000110010000001101000000000011010110
111101001010001000001101010100110000100010101001011111111001100001110001001000010000110110011100
010101101101010111010011011111000010100110101101100110110111110110100011101101001110000011100000
110100111111100101101001101111110100001111000110011100101001110011000101001100110000110101111010
100001111101111001111100110001101101000111110101011100011101011010111100101000000001010010101110
110001011000010001110110101111011000011000001101101111011101001001011111011000100000001100110000
010000111100110001011001101000101001000100011100011110011000000000001101000000001111001111010100
000101100101011110000100110000110010111110010011010010000011011111110011000011010000101001010110
011000011101001101010110111100110001101100000111000101111101000000101001101000101001001101010110
000001101000010001100011110111100111110001010101111101101110001001101001001101011010010011000101
111010100010111011010101001000101101010010100101111100001111100101000101010011010000011001110101
001010101101100110100100011000000101111100010101100101010101110101100111101101110101101001110101
011010010101110001011001000100001101000111110011011010011101000111000001000100001101011101101011
100001111000001111000000100100101001001110101001111011010000000001111001100110000110111010101101
000101101000110110011000011001111101101010101010111101011001110001101001101010110111101000100101
001101000110110001111110110111011010111000001011100100101110010000100101000011000110010010101011
000010001101110010011010100001101011010000001001100111100111101101100011110001001000100100111101
001100001000110010110110010010110000100010110100010101101100101101001100000111000010001010111001
001100101101111010011001000001011100100000001000001010001010010110100110001111111110000100010101
001000111000011010100101011000101000111101001101011010110101111010101011010101111111110010000111
000110100000110000001101101011001011011010010010100110100111011111110101101010110110110101000001
011110101101110011111101100010000000010001011011011100001111011110100010111111001000111101101100
110101101001000101011000101011101010010001110101010000000001101011111111101111101010010001110011
111110000111100110110011100101000110100101011001011001111010010101001100010011101001100010111111
101111100011001110010101110011111100010010110100011011011010101001110111011001011001000000100001
000100111001110011000000011111100100001101101101100110011110111000010010100101010110101101101101
010100011100100101110111011000110110011101001001000011111000100000111001001011110111001011111011
100000010000111011111000001111011111010001110100001110010111101011011010100001000101010111111000
100100101110100100010010110001010101111111011011111111110001011111110000101110001100100111010100
010000000010011100011100000111000110101011111101100100100110111111000001010001100111001111011100
010001001011010100100001011101000011100100010001100100001101000101001010011110111011011010111110
100111011000101000111111011111001000111111101011000100110100011101000110000100100101010100000100
011111110001101011010101111111010101111101100100010001111001110010011011001110001101010011100011
011110010000110001110001101110001000111101110010001100011010101110101011100010101111001011101011
001000011000111110111011110010111011111100101101111001111100111111011100001010111011111011101110
100000011101001101100010011100101110101111111111001110010010100010110011101001101001100101110000
101011111110100110111111101100010111110000110100110011100000001011100111100001101001111110110011
101110101010001111110110101100010001110100101010001100000000111100000001000110000111001111110001
011111110100011011110010111110000000000010111111101101010100111110110010101010000111011001000011
111111111011111100000000000110001110110101011001000011001100110010001100011010001000101100000100
011100001101111101010111001111101000110100001100001001011000000111101000101110011000111111001000
001010010010011001001111010110111000111101010001010110010111000000101001000000111001111000111010
011111010000110110111001011001001101111010010100000010000110000010110111101110110101010010101000
011011111011110100111001100000100000100011100101110001001101001011001001010111100101010010010010
100100011101011111101001111011011110010000110111111111110001100101001010100110011000110111101101
001001010100110000101101011100101001110000010111100001101110001100101000000111000100001001100101
101110001001100001010011101001010011011110010111010100101010011000100011011111010111001111011111
100111101011100101100100110110111001010010001110110001011111001100110110011111010000111101010110
001111100011001001010100010110010001111101110101101101100101111011111101011011000101110010110010
010111001000010101110001011001001011000001110111110100011101001011010010011110110100111000001111
001110110100101000101000100110000001001001110111011101100001101010000100011010110010000010101110
110100011110110011111100101100001011111010101100110111010010001101001011111000001000000010100100
001010111010110111000000110111001011111000000011101011011101011110011100000010011101101011001111
000100101001100100101101000100100100100100111100001001110000101110011000000000001110001010010011
011111010001010011101011000101011001101010001011111100111101111000000110011010101110100011001100
101000000111111110110001101001010001010000001000000000110110011100111110100110111100001010011101
001001100001011110001011100100001100110110111010111100010011101101011101100001011000110010110011
101111010001100110111110100000110001010110101011000000100110111101111100100000011101010010011011
000011111101011101000101101111111101111100100001000111101110101111101000110011101101111100000010
100001000001101011010100110111110110101101110100010111001000011111110001111101100010000010000011
111101110011010000110101101100010001101001110110010111011001001101011010100011010011100001101000
111111100001100111110010110001000001011111100111010011000011000010010100011111011000110101010001
100011000101101111111011110000010111110101100101011101101001010101000100110011001110000101001100
100110111100100100101101111111110111110011001011101010100001001100101000101110000100100011000010
000011101110110100001111001110000110100101001101100101111010101111000010111011100100111100101111
000101110010000000101111011011101110001100000100101111011011001100100000101101010111001100101000
000000110101001001100100111000000001100010001010111100111010111100010111101110101110110111010101
011000001110111010001000111000000000011100010100111101111111110000100110001101100110010010001101
100100110011010100100011101000100000010100100101110100011010011010100101100000111010100001010111
101100110101000011111101000010111101010011101111111001110100110011110011000100101011111011011000
100110100001011101001111110011010011001001011001101011001101100111010001111010100100100101101000
011101010001111001011010111000100011101111011001110001000111101000101010111101100110111101010101
000111110111011000011001000000011101100010100011010001011000001010011111001101110010000011101111
111011101111000111011110100101011011011101010000101010111101101010001100101101000101000101011100
010111110000010010111111011000010001110000111101000100101011011010001010110101100110111000010111
011110100100110111010101101101000101101000001001001000011101001101000001110111011111101000001101
100000110000000010100011011101111000011100000001001101001010101011000100110001101000011011101100
111011100011010100110000000001010101110110101000011000001010111110100110101010000101000000000010
111000101000001110100011000101010000100000000111111000011011000111010010001000010000101011100100
011100111011010110111100111111011101110101111111101010110010100110101010101110010101011000001011
011011010101011001100000111000101101001100111011101110011010111101101011011010110001000011110000
101000100100101110100010100100101111110000001111011110001001010110010110011111100101001111011001
101110011001101111101101110111100000001101110100100001010010110110101010000001000101011000100000
010111001100010111010100100110001000100001110110010011110000100110001010011110000100001010111111
001011001101111111011101000011110000000010100000011011011101101001101110100001110110010101110011
000110111101101011010001011001010001011100111001111010001011010111011000010111000010001101100000
000100000001101101111000011110000101011001000110011000100001010000001001010111111110101001100001
010110011000101101010101000100001101011110011110110001101110001001111001010100000110001001001110
