011001100100111010000110100000001111111001111101000100010011011100010001100101111111110001010110
100111100111100000001011100001001111011111011000010100010011011100010110100101111110000100011101
101110100000001000001000000010001010111000011100101101110010111000101011111101000101010000001111
111001101010010011011100011100111000111110110000000000110001100011100110100010100110001110001101
111110011110010001010010111111000010001000100010011100000110111010111011001001011100001100011001
101110100010110000011100100000110101101011000000100111100000000111100010001101001100000101101101
100010010111111011111100000110011110011001010110111111101110011001010100101101100010100110011110
001100110000101010011000100011110010111101011101011111110010001110111110110110010010011100010100
101011110000001111100110001110011011000001010100000100111110000101111100110101100011110000111011
110010011110111010001111000110110001111111110011110011110001110100000101011000001000111100010010
100001000101000000101000110010101001011100110001011001111101011001011001001011110001111101100000
111001111111101010101001001110011011010100101000000101111100110110101011001010010000001011100100
101010001011110111111100000110111110111111100110100110100001110010010101110000110000000000111010
101110010010111110100111110010101100111110011011011100111110111001010010011100101110011000011100
101000010010110111100110100100001001101000010010100000000001011110100110111101110110100011110100
100000011100000010011000100010010100100110100001101100001111101011111110010101001110001001000001
011010110010101111110011001000110001000110011100001110011111101011010111111010011000110001000111
001000011010100001001010011110001001110100101101111100111101000101011110111001110010100011111101
001100100001110011110010101111010111000101101010011001011110000110000001010000101110010110011111
100110000000011100001010001111110101010100001100011100010101011010111011010010001101100010111100
111101101010011111010011000011100011110000010010110101010010000101101100010101001011100000010001
001100000001101010101010110111101001100110001010101111000000000110000110111111011000101111111110
000001101011100000101010000100101110011011100101000100001001010011101000000100110011000000101100
011000100100101000111000100001101011100010010111010110110111110000011001100101000001100011011010
001111001100111001011001111100011100011000100101100111110010111011000001111110000000001110100110
000001101111010100011100111001111000001100100000100101100001111010100001000001101111100011001111
100010010010011101101011010100111101111110100111011000010111001110010001100011111010010000100011
100001011010010110010011000011111010101101001100110111001011101111001110010111010101101101000010
001111101010011011011011010111111101110000100110010111011000111111011011010110100110010000111000
101101101110110001011010010011000111011101100100001000001011101101101110110001110101011001000010
010100001111001000110100010010011010110101010001010010010111111000011100110101001010100011001010
011010000000111011100011010111010110000011000100100000101110010100010101001101000010010110110111
011011101101111110010101110101110000111100110100011111011111100100100111111000011011100000011111
111101011111000000000001000100101000000001101001011001110001001001001010000011010101011111111101
101001100111101011100110011100111010101000000110010111111110000011100110111100000101110110010010
011010001100011011000110111010010011100110100100111110111100000000111111100101100011001101100000
011100000011011010101000001111001111101001011110011100011010110010011001111001100101100101111010
010110100001011000100101000100111111011110111000011000101110010110111011110011001000101010010111
100110011101110110111101001111010101000000000001101011001011101000101000011111001110100111011000
000101111010011000000101000011100101101000011001101011101110100001001101100100100000111011110101
110110000101110001011100000001111011101001101011100011101000000110010101011010101001011111100011
000001000110100111001010010011010100110111100111101010001111100011010010111000010111100001011011
111010110011100000110100100100011111001010000011010100001110100111111000011101110011010111000010
011001111110010101000111111001011110010010101111101110100010111101111101000101000110111000101101
011001000000011000010100001100010110101000000100101010001011000010000111010001011110111000110101
111011001000011001010010111100101110100011011110111010110010011010111111011000111100111010001111
001110010011111110000100100001100001000011000101001101101110010011100001001001101010010001000110
110001011011111011010110110010100011000101100101010100001010011010011111001000111001010011011011
001111011100011101010001001001101110110001100001011110000000000001111010100110011010000100011100
000111111111101011010110011001111010110110000001001100110111100001001111010100011011100111001001
110001111000011111100110111011001000010011110101011011110100100111111111101101000100110100001011
001000101100011111111100110000011100000000100101010110100100010110000000000101001110011000011000
001100000101000100100001101011010101000001010010110011111010000000011011100100110100001111111101
001111000111010101100000110001010110000001100001010111111010000111100110001101111100011100001001
110101001111110101010111101001111111000100000110110001000000011110011110011001110001000110101111
101110010000001010100010111000011100110110101111101001101101001101101010100110010000100111001010
101111111100011000011011000111110001100001101100100101000010010001110000110010111100111100101110
101101110110111111101000110000110001110100100100000000000110100001001111000010000100001011110011
000000100100000110001000111000011000100001101110011100101111011111000101101110111101110100110100
110110111001100000110110101000000000000101011000111101101001010001010000011100100110000010100000
101011101011000001011011001000110111110100110101000111111010000011000000001001100111011000010001
000011100011110010101001010010011110000110110000100010110001111101111000010001011111111100010001
101011100010011100010100001001010000101101111011001101011011110100011010000111001100010000111001
011111000110011111111110001110111001001001111001000001000011010100100101111101110010001000011111
001000010100001101010001001011000100000001100011100010010111111110000011011001110000111000110101
011100100101101101100100011101111000011110101010000001010111100101100111110100010111001110110001
000110100101001010010010110000111001000000100110001111011100000111101010100010100010010010010011
100110101101110101000000011010010011101100111000101011001100000001110111100000101110100011111100
011110000011111111111111001001101010101100110001110110111110110111000111101010011111001000100100
110011101101010010010010101111011001111101001101101100000111100011000010110010111110001111100010
111010100001101001010111010000010001111010110111100001010101101001001110011000101100110100000001
000001011111111000110001101110111101010000010000111101100110111001100101001111110001110001100110
000010100101011100011100001110100101100111111100110101011000100100110101100010110011000101000101
010001100101000101010010011001111101011001111001000111000110001101011001101110010100011110110001
101000001010001000111100100111010110101101001100101010000101000001100000001101111111100111111011
011110100011111101001010001100000101010101001000111100100111010010000000100011100010101111100010
100000100000110100000011010100111011010110110000101110111011110111010010001101011011100110111010
011100010000111101101111001110000000001011101101100011101001000000100000110011100011000111001100
001011111000100010000011101110111001000111011110110101000001110110110111100100000110001111001110
000111000101001010011010001001100101100110010000100001000100111100111000101100100011111110011100
100100010110111011101010110100000110010000011100100111010100011001010010000100001010001011111001
011000011101110001000010011100100000000000010111110010101011110100000011011101011001101001001000
111101101010100000000110000111010011100010010000001010001001100011011001001001101011111111100010
011100101001110111000000000100010000100110101010101111010101001110001111101011001010110011100010
101000100000000100100000001000000101111110101110111100110110011000011100101000111111011000011110
101110111001011111001000101100010011011011011011110111011110101110111010111111011001100011001110
011011111111001100010010111110100100010010000011101010000001100001111001110010011110100010110000
111111110110100100000111011010101010100011100011001100010011101101111010010000111110000111011000
011000001011001110101011010001110000111111111010010010011010011000011100001111010110101110010001
000001111001100001010010110111101110001001010001100101101000001100101110101011111111100111111001
011110010010011110010010101111000000111110101110101110010010100101001000010111100100011011010111
010100000100001011001010101110001100110111101101110110101101100111111100111010000010010001001100
111000101101110100000010011111010100000111110011110101100100111111100011011101101110001011101100
011101100101111010011110010011011101101110110101101001001110100100111110100001001100001100111101
111010001001110111101110010101111001000100111010001001010010111001111101010100010110001101011010
000001101101101100100010001111001100100010000111110011110010010100100101000011011111010101010110
000110000001101010110001011010000111010000010100000101011111011011000001100010110100010100110001
011111011110001100001000101111000100010101001001000011001101011001000101100101001111010000000110
101011000111110111000101011010001101001101011110000010011101010000010010000101111100001101100101
010001101101110001010001010101010111111111000010110110111111110111011100111011111100001101011110
111010101110111001010011011000100000010000111010011011110100101010001011100010111111110111010001
010111001110011110110111111010101110010111101110111000011010001011010110101110100100110111011111
010110100101111000110110010110110110010011100110001111101001100110010001110011000011101010101011
110100101010010111001010100011100100011101110111000011001001101111101110011100101101011011100001
100011100110110000110101100010100000111101001101011001101100010010111010001111011011001101110100
110100100011001101010111000110110100110011111101101100111001100010010010111010011111000011101101
111001111000000001100100100011100100111000001101101101011101101110100000110011010100010100110000
111100010000010100101000111011011101110101111111101110101101010010110001111100110001111010100111
100001110110110111000100100001001001000000111001110100011101011001001001101010011001011010010111
100110110111111000110110111100110011001000000000101001001010101001101001001011001000001111110000
001101001010110110100110100101110010101010101101100000100100001101111100101010000010010001111111
001100000010011001100010110010101101101101110110111011110100001111110001110000100011011110000000
111111111011111011010101011110001111100100000111000101101100111010111010110110100110010011111010
000000001001110011100110011100100100001001001000101111111000010111001110110110110000011001011000
000001011101110010011101101011101010010100001110100111010010000110110110000101111110100001011010
101110110111111101010111110111011001100010110101110010001011010100000001001111011111101010101111
101001110000100001110011101000011110111110000101001010110101010110111001011001110001100101100101
011010111101000010100100001100010100111111010001010110111111110101100110100000101100001111011100
111011001110010100010101100000110111110111111011111011010011101001000010010101000110000001011011
100001100001111010000111100001011101101101000110000100010001000010100111011001001101011001001110
011010001010100111010111101010011111000101110101000011111100000001110111011011000001000111010111
010110111010001111101100111110001011111010010110101010001001101100010011100101001110011110000000
011010010111111010000100100011111111111011101010010010010100100010111001101101111011111101011010
111110100010001110100010000010000010111100001101011001011001100100100111001000111000110001110100
101010010010011100000101100100011100010000011100100000101011010110100111001001101001101001000010
010010111011110100011001011010111110111100111100111101011101011000111010011010011111001110100110
101111110011010011010010111010000000000110110101100101111110110000100100100000111001011011111111
111110110101000001010100101100101000000000100000110110011011110101101000001011100111111001001111
101111001111111101101001000011000101011101011010100110000110111101110111011010101100101000011100
101010010100000010011001011000100100110100010100010001110010101100010011110111001010111000100011
101110101111111000000000000111110100101101010101001011000100001000110011001000001100011100001100
110100011001100101001001001011101010011111011110100010100101100100110001000101110101001001101011
100110000010100010010000000100100100000110001001101001100001001000110110101011000100101001000100
100011110000110110001010100000100001011111010010101111100010001100000111000100000110100111000100
010100001110101011110010011011001010110000100011000110001011010001101111011001100110011111011111
010011001010110010010100101100101000001100100000110101011011011100110111101110111001000100100110
011101010010111110101000010110101111001111110010000110011100011000101100101111010100010010010010
111101101011010000010110011101110010110010001001000111001100111010100000001111110110011011111111
110101011111001011111100001101101101100100001110011111100101110010110101110111100101101011101111
011001010000101010000101010100100101101101000011000111010000011111001110110111100111111111000100
000101010101100001001001111010101001011100011001010101010111001011111101110111010101010110101000
110010101101110111001000101001001010111010011000100110111110001010110100010000000100011010000110
100110111011101010011000101011011011110000010010111011110011110011100111010001100110110010010111
111101001010000000001011111011000010011010001011010101100110011010110001111101111110101110100100
100000001001011110000111000011010001100011101000110011110010111101101001001010010011101011000000
101111011110010111010110001111011110101000101010100001101000111001100111111101100001110000101100
111101110001110110010011000011101010101000100010101110011000000111101111110101101011110110110001
100111000000111010000000111110000001000011100001100001000101111010111001011010000100001110110010
101110100001100001010100101001011010011001000110111001001001010010100011101101011000111100001100
000101101010110010001111110100011100111010101010010001000010001001010000110101111001000100110111
101010011101010111101001011100010001101110111110000110000010001100000101110000011101001110001011
000001100000100110011001101111110101111000101011110000101000110111011101010000010010011111010000
100100000100111011011000100001100100010101011100000111100101111000010110101001001011110011001110
111101100111010001010101101111101011000110111000100011001100011011000101111001001010001111010101
001111101010010001111010111110001100001010111010100110000001011001001011001000100001111011100111
010111111000101000100010111110110101111000101010010110001011100000010001111011110011001110111010
000110110111001101101001100100111110111011110010100001011010100011000101001111001000100110011110
111110011000100100111010010011111100110000110100011111001010011100000010100101001110000000010110
010101000011111110010111000011000100101101100111101101111010011111011111111010001010101011001100
101100010000111110111101101010010101000110011010110100011101011110101011010000010111110010111110
010101111100101000000110000101111110010100000010110000010110101000101001110010011011000101011010
101001010111011001001000111101000011001100111001100011001101110011010110010100101010110111100000
100101111011111111111101001100011010110110010100010111110110111001110100100101101111101001011001
111001101101001011001000001101001010111110100010101101100001110010101111001000000010111110000101
111001001010110000111001101001010010001010111000000001100110100100000111010001101000011100111001
001100010110010000100011110011110011111011011011001010100100011100100110001110110111100001110010
110111111100101000000101100000001010000000000100100111101111100010011110110101111010000011000101
001001000111010100010001101011111011101010110110010101001011111100001101111100001011100000011110
001101111010110111001101100000011010111111011000001010011011110110111100110111100100010001001001
010010001011010011101101101001111000010101110010001101000011111010110100000100110011100010010111
100101011010111000110110011110000101110011110011110101100100001010010010100110011111010001000000
100101011100111010001011011001000011000110100101010001101001110110100110000111100010010100010001
111000110100011101110001010001111101110001101011110100111101101100010111011110101001000010111011
101100100101100011000001010100010111101010011111100000110101011101000001011111101101010000110011
011111100010101000110000111011101111100010111010011000011010010100001000110011001101111110000100
011011110000101010101010011101100011011011001001110011110111011011111010110010111111100000011101
110111111101101010111110101000110000000101101110001100011101001100000010101000011100100100101100
110010001101011000000000100111110011001101010000111000100100101000110011000100001011101000111000
011010110000001010110110001001100100101001011100101111111111101100010100010101011110100110100110
111010110001100100000010000010000001000010100111100000010000011110010100000011111111100011011111
101100000110111110011101101100010100000100011100000110100110110011101100100010110010010001001011
101000011111110011001101100000000000101010110001110001001110110001011100011000011100011101101000
000000001011000100100001010000001000111000000101110000101000110100011101000010001101001000011110
000011010111000110010001001111011110010010101101111001001011100101011001010001001111101010100110
001001101111001101111010001111100101011111010111100001111101010101100001000100001101100011110010
011111100011010111101010100110110001001100001101111110001100011000110111000101001100010001010111
001101110110010111110100100011110011100111111100101010111100010101000111010011110001100001000111
110111010010110100010111011010001001110010000101000010111001111101010100111111010001001110000000
111000110001101110101110000011100000100011000110000100001010001100111111111100111010111110110110
000110100110100111001101101100101010101110010101011100000111100111101001110010000010100000111110
100001001010100011000000110110001100000110111101101100000111100000010010010010111000111001101111
000100101011100111101100000100011110111110000101101110101011010010001011001111110111100010011100
011011110010010010000010010000001101001010001010001000000010110110000001111100001101111011010011
011010101110110101100000101111001011101101111011111101100001010000110000111001100011010000110010
110001001000111101100010011111101010011111100101111100011110001010110001011000011011100101110010
111001100011100011000111101001010000111001010111111101001110100011101100010110000111011000101010
110111011010100001001110110101001100101010011011010010100010011001111111111011011111101111000101
011011110111010100001011001000110111000011001100000010101011110100000010101100001100100101011000
011010010001010110001010111111111100110011111110100101010100010001100100101000000000000010100010
011110111101100001011100111110011010001000100111010111001100001000110001101001000011100011111111
011101110001101001010111011100000010100010110110101100000011010011001100010101101011000110100100
110100000100001011010011100111111101110100010010100011001000000000110010011001010110110101110010
100000000001011110010111001001110110010101010110101001110011110101000000001000100101101000001011
100000001101000010000011011110011111001100111000001111010001000110011111011110111011010100000101
010001100100011100101001111001010000110110100001001110010011101101110010110011110101011101000111
111111100000000111000010100101110010111000000110001010111000001000001010100011110010101100001110
001111100011110111111010011111100110101110110111110110100010011100100010100111101100001101110011
111111100111011000010000011010111100101001010111100010011000110011011100111001001100000000100010
010001100011010111110001100010000011111111101011000110011010010110011010011110011101101100001011
101111101000011000001011000010001010011001010101010110011101010010100110011011111100000111100101
000110101011110111010010001101011110110100100000111011011111011011100101111100011100000110110010
001101100000101100111001100000000110010111110111011001000100001010011010010110110001010100111000
010110110100010001111110100100110100000011100001000000010101101100111100011001101001111011001011
010001110000001110010011111111111111000011011110010001101111110011110000100111010101010010010001
011011000111101010010000010100001001011011010110001100011101001100100110011101001101010101110111
110110101110001100000110101000011000100110100011110111101010100110001100001110011010111000011110
111000001111101111110000100000111011100011101100101100001000111101110001110000101100001000011110
001110000101111100010000110010101001111010101010110101101011011011010110101000011011011100101000
110100101001101101000101011100110110011010111011100001000111000111111100100110011111101001001001
101001100010010011011010010101110011110110000111101111010100010101100010011100001111111110100111
110111000101011011100011000010011001100000010000110011111000000101110100110100011011000111001010
111000101001101011000111010011010000100000001000010111001100000100001101000101101110000111010111
101001100101011110001010001001011011011101110001100101101011100100101000010101010001110010010101
100110100110001101000001010000111011000000100101011101010111111001011100011000001000011011010110
001001010110010100000011110111100001001101100110011100111101001001111010110101010001111001100010
110000110010100110000111010001001001011111000100010000011101110001110000011011110101111010100001
010101011100111101010000100100011111011000010101110001011111011110000111110110111000001110000111
101000000101101011101010111010010000000011111000100100010010100010101111000001111010000011011011
000000001111001000110110100000100001000010110001010100111010110110110010010010111110000010110111
000000011000000111101101000111011101001111100110111010111011100110001010110011010100101011011111
101010101011000001110011101100110001101110101100100011000111110011000001010101011111100110010111
011011001001001100010100100100110100010110100101001110110000111001110110101001100100100011000101
000101111001110001110111010101100010100110110100001001111010101000010101111101101010111101110101
100101000101110001000011010111000000000111100011010000001100000010111001011100110011100111111100
110010101000101110001011101100011101100100100001101000011110101010000101110010001000001110101011
100010011101001110101111101010111000001001111100001100010011111000001010010010111001110001001001
111111110110000110111000101010010010000000010001000101101101111110001001100110111111101011011000
010111111011010000000111111100100010100010000000110011101011101100001110010110010000011100100000
111110001010111100100010101100110001100011110100111101001000111111110110100101111001011111000001
011100111010001110010010001111011000111000000110110001000111111100111010000101111110110111100110
010101110001100100000001001011000000101010100100011110111111101011101001110010100000010001110001
111111101100010011001111101110000111010000111000010010100110000001110100011001100011100111011010
000001010100100111111001000010110101000110010010001011010011100010111100100011011011110110100011
001011110000000010011001100001111000010011000011011010011010111101100000011001010011011000011101
000010011101010111010100011101110011101100000010110101001001001101100010011011101100001101101100
011000001001110110010001111101001001100100000001111110000111001100010011000000010111001000111011
110010100111001001100110111000001100011011111101111110101010100000101011111001101010011001101100
101010011101001010110101011000111110110100111010100010100100111101111111010111100110101000111111
001101111001101110011001001110111010110011000000110110100100110000110011011010100000011001010001
000010111000101111100010100001100111000101000011110100010001110001011010100011100101100011010010
110001000000110110011011011111111110010100100101100010001000001010110111011000010000111001101110
110110111011010011010100010110101011111000110001001111111001011001010010001011111000010000100010
011010011001110110000101110100101111010111100111111100111000001001000100001110110110011000101111
010011101111110111110101010110100001111000100001001111011000110010110110010101001110000100100010
001011001011110011011001011010100111000101010010001001110000010100110011101001110001011101001110
111101011010011001110101111100101101100010110010000100000011011001100100111111111101110110001111
011011101111010001011110001111101111110100111100000101000111001111100101100111011001110010111110
101000110100011000111100001101101101000111100000001100101000110111010101011110110101110001101101
110111111110110000101011010001011000010111010010000110001111001111110010111001011011010100010100
001110001110100010101000111010101100111111001001100101110000101011101100000111101110111110010000
010010000000000111101100101110011101001001111001001010101111110010001010100010111000101100110011
011010101000000100111010111011001100111110010001100001001101110011101000001100111111100110111110
001010110100111101000011111000100000010101100110100011101001101110011100011111010111001111001000
010010100000110000010000001001001001010011111000000010011101101100101001010011001011001111011100
110101000101001001110010000000011011110011001001111100000110001100000111101000001011110111101110
010001100010010111000010101100101001101110011110011010011111001011010101110100010010011111001110
101110100110111101011100111011111011000101110101110110110000010100010000001110100010111001001100
001111101000111110000000100100011111001111010011111100010100111001111101111001000111100000001100
010110111011110100100111101101010001000001010011101111001100100100010010011011101010100100001101
110111110101100101101111011111111100111111011110101001001110000110000100111010010101111110101001
111001001101001001010010000110010011111110000111011100010000100110111101100010110100010010100101
101001011001000010001101010000000110011010000101000001000100110010000011010010010100101101001101
001011101111011000111110011001101101001110010111011000100010111000111100111111100111101001100000
101111000001011001101100010000100110101110000101000010111000100010011110001100111001111010000001
100110101010110101010110001101101000001110101001001110001010110001000111000010100111001111000001
110110111110101000111010101011001010011111011110111100010100000010010010110111000001110010010100
011011001111101010000001010010001010011010011000100001000110000001111110100011000111000110010011
100100110010010111101001011000101001001000011100010101011011101100111000011010100110111000111011
001000001100010000000110111111100100011111100110011001111110111111110010110100101100000111101010
111000000111111101100011001111011110001101001011011011110111011100000111100110101000111011010010
001000010011110101000111000100101101000001101110001100011111001111001000101110111000011011000000
011101011110001111000011110110100010111010001101110001100001010100010111010010000101100010011101
101010011101010101111001110110000101101001111111110110111000001001010111110111100000010001001101
010100000101010101010010010010100011100011110101111000000110101101100001110100100110010111010100
011010111000101000001111001011001001110110111011100001100100010000100010011011110001100010101110
001010111010111110111100010010100110100111100100110011100000101010110000000001010010100001110101
011010111011111011000101000010100110111010101110110010110110001101100011000001111100110000011001
101100100001101001110001001101101011010110101010000010000001011100010110100100001011111100101000
011111111011111000110001111101111111111111100110011011011111000110000110001011011010010000001011
110100110101000110011011001000010111011110000010100010010011001000100110010010000011000000101100
010010101111000101110110101101000110001010110100111000011000100001000101000100100110001110101101
011100001111110010001001001100011111011010111010100011011001000110000000111000010001010010010011
011110111101100111000010100110010011111011010000111011110100011110111111111100110001011110010011
101000100110101011110111000010100100100000011001011011100111010101010001111111001101110111000101
000000111100111110100001000110001001011101000010010100010110001111110100010111010101001111010001
101001101000110011100101000010101000110100100010100011100011111111101010001011110000011101001010
011001101000101000010010110110001001101010010001110111001111101000111111001010111011110011011100
011110110101100111111110010100001001111011101111100010001011100010100010001001000000000010010011
101011001110100110010011110100011001011001111011001011010011111100001000001100001010000011000100
010111101100101000000111110011111110101001110100000101011010101010010001011110001011001111110110
101100001010100101110110100000011000011100000001000111101001001111010010100100010010111000000111
001110110011111100111010110100111111111101100111101101001011010001111101110111010100101110101010
000001010011010001101110000000100000011101011111000000101010100000000111000001011000110001000010
001000010011101111101000000011010100010001010000110110000110100011010000111001111111111001110110
100011000100110010111101100001100111010000000111110000100100111011101001000101100101101110000101
111101001101001101100000100000110001100101001000111011010011011110000011001001010100010011100000
010110111000011001100110100001111101101001001100110110110000011000101100100101010110011111010001
101011011010111000100111011110010000010101110000110000011001000010010011000001000111001100110101
111001001101110111100110110000110110010001101110011011110101011000010100011110000001001011100001
011100000101000011110111110011000010010011010101111011010101001001001011110110011010111101110100
101010010100000101011001100111000100111101011111011111000000001100011111110000100111010001100111
100110011101111101101010011101110000101010110111011001101010001110001110101101101011001011111000
000010100001010101000110100001011000101100000010111001110100101011100100100011111001111001001010
010110010001011110101001100001110001111011111000111110100010001110110001111011000001000010001110
110001011110100000001100111100000100101011111111111101101111100000000100100010101010101101000101
001010011001101101001100011010110111100110001000000101100101001010111101101011101110000111010100
111111010000010000001110011110111111101010011010000010111001000001000011011011101001110000011101
001001101010010110110011000110001011011011010010110101000110100101010101000011101110001110111101
111011001111011001010101110100101000000101001111010010001101000110101010011101101000100101100010
001111010110001001001001010101110000100010111110110101011101001000111111001010111100100101111011
110011111111000101100010010101110100010001100011000101111010000110000011001100110000000011111010
001101001101001100011100101100111101001100100011101110110101000011010000000001001001101011011001
101011000011101000111010001011011101010100010111010111110111100001010011011011011110110101101111
101001100011001000010101110001010101001011101011111111100001111011000111010100010111100000100001
000110000100011000100001010100110001011100100000010101101110011100001100001101000000011010101011
000101100011000110011110101100000111100101001100101100111111011001110101100100110001100111010110
000100010011001011000010110100110011110011110000010100000101011101111001011111110110000011111100
001110110101010011110111000000011100011001000011010100110101010111101010110001011101011101101011
111011111101110000101110100000110010011000101101010100100001001000100010010011000010110010110111
010010011101100111000001000010110011001000110110001110011001011000111000101111110101101001101000
010111100101111110001100101100001111010010111100001011111110101010000101100001011010110110000101
001001001100101010110000010101110010011011000101100101101001100110000011000111100110001001111000
110111010001100000101101100111001011111000010010101111110011110011011001011111010101110010101010
000010110110111110111111111101001101011011100101011001001110110001101101011000100111100101100010
110111000010100110100011000101011111110001111001100110011011101100110000110101101100000110011000
110111001010011101100000011010100110010100110000001001110001100011110001101001011001011011001101
100011001101001110000101111101010101101000010010000011010110111000101111010011000001110000100000
110100100000111101110111001110000100110011000011010000001111100101000110101001110101100101001100
010110001010011110001110001100111110111111101000100011010011010010101100010010001110111100000111
001000101100110111001111110110000111001100100110100011111001111010101000001111101001011111100111
101010000000101101100100101001100011100000110110011100110010000001000001110111101111101111011111
100011101110100001100111010010111101100001100001111010011101011011000101010010101011111100100000
100011111101010011001001111001011000110101001011111001101100100101101110011000100010001110000001
001100110100111111000011110101001110111100001010000000110011111111011101001000100110100000011011
000010010011101011011001010110100000000100011110010100001010100100000101100000000011011000101001
101000001011110011011001001000001011001010000100010101100111111101010100010111001011011010100111
000011011111110110001110111110010100010000111100100010111101001000100111100101100011110001001101
111100101110010111100100000101100001110101110110000011111010011001011011001111000010101111011111
100110001110000111011000010100110101011111111001001101101000010011100001011000101010100100110101
001111100011010110111100000011011100000001100100001101111010001110011110000011010001010100111101
011111000001100100010010101100000011010010011100101001101011011100000111010001001100001111010100
000011000010111001010101110100111111011000001001110110011001011000001101110010000111110101101100
011110001000110110000011010000001000100110111111011000100100110000100110011010101010100011000100
000111000111101010100000011110110010111001111100001011111100011110010001100101101011001100101110
011000010011001101101111111101000011000100100010001000101111000100101010110010010001001111101110
100010110101101110110101100010110001001001100111011111010011100000010010111100000100111010100110
010010111111010110000110110100010001011000110000000111100110101111111111110001011010101010101111
110011010011100100000111011100001010010000000011001111001111001111011001110000101011001000000010
100000010101001101000111111111101100010110001100101010011110100011010011000100001110010110111110
100011110100000101100100000101001000100101000001010110100010100011010110110111101110100001011110
100101010000010011011101010010000100111001101101100101001010101001000100001110010111100110111000
011000111010001000011101000001010101010001100111010110010000111111011111100100110011110111000001
000010000100100010000110010110111100011110101000111110001001001101101000011101100000111011011000
000100000011011011000000000101100100110011111001111110111011101010111010101101101101101100000011
001101101110000100100001000011010001110010100000110010010100100000101011000110100011101101010011
010101111001011011100101100011110111111011010000111000111000111111101101101111110001101110011110
001001111101000010110001110001001001110110100100010011111010011001101011111110110100110100100100
101101010101011100110111011001010011010001001001111100101010101011111001100110011010110010110110
010010000110001010001100010001101011010110011011000111001001111101000001111001100110000101010010
001000110011010011100110000001010011110110000011011011000001110000000111110111011001001011010011
010101111111011001111000100101000110011001100001111001010111001100000011110000100001111010010011
000110101011000010100111111111101001111101000011001110111011111111001001000101000110101111001011
011000100101010010000011111101111000101110110100011010010011011000110000101111001100101111000100
100100000000110010101100110101101110111001110001100111111011010100010111011110101011101100010111
000111111100101100110111000001000110001111100101001011111001001001101100101001100011100011010101
101001001101110111111001111011110001110011001111101010010010110100110111110000011011010100100011
010111011010011000111001100010101011001101011010011010010101010100011010011000101101110000110001
001101001001000100101001011010111011011110010010101000011110010011011000010101110001000011011011
001001100101011111001000001001000001110101100100010011001100011100010001000110101011101000001011
111001110001010100111101101111100111000110100001010100101010000110110110010110110000001101110000
001111011011000010001111100001000011000111010101100101100101011110011110100011011111110100111010
101110010101011000000011010111000010111101000010011000110101011110000111000110000111010011001111
111010001110011011100111000101111010111011000010000010100000100001000110001011000110111011000110
001010100011000101101010001010001011111111100011001010111100111111010011100100010110010001001011
111001111010111111001000000100010111001110101000100010011011100001110010100001100001100100101100
001000000110100000000110100010110010001100000111010101011011000010000010110010111111101011011000
111111111000000110001011000110111110101111101111010110110110001011101101111111111010110101001011
011010101100100101010101100101000110001000111000100011101010111110100010000110010001011101101010
110110001100101110001010011001111100000001010101001010010101010010101100111100001010101100111010
111001110001100000100101111010000111011010100001000111011011101000010110100001001010110010010110
111111101001100010001010100101011100110000100010110011110000001111000101111100011111111000110110
110101001011100110010110100101001001111110100011110010011000111010100101010001111010110010110001
110111011100101100100011011111000101001011101011000000011101000010001010001010010010011110011100
111000001111000010010011101001111011001010001101010001101101001111001111111100110110001010010100
011100000011001001001100011111111011101110110111111100010100000000000001111010101111001110111100
000001011010001110011101111000111101111111111011100001011000101010101010011111011101001101001101
001000100011001000010001101011000101110101011111111101100110100010011011001111001111111100011001
011010000111010011110111000011000110111100001101101100101101011100100000100110001111000101000100
000110101101010101000010001110000001101001011000010001111010011101011101011110101111111101111100
111011111000011001110101101011000000110011001010011000001111001111111111110111100000101010110111
110010001101111011010001100011011111000001001000001110001001001000001110110111100000111000000011
101010011001010110101101000110001001110011101000010111001100000000111111000010010010000101101010
100101111011111000101011011100110111110001101100110010000110100000001001111000011110010101000110
011101001001010011011101101111011010111001000100011001001010111001101010011010011110110111110000
010010011001100010110111001100101001110111010100110001001000110010001101101111101001000110111100
111000101011000010011110000001111000010100001101110100001001011000111010110100001110011110110101
000101000011110000110001000001101101011010000100000100100110011100100101100110100000101100000010
000111111111110011011001001101110011100000011110001101000111011011100000111000011110001000000001
100010100001010011000101010100001100000010101111000001101101010011100100011111011101111100101110
110101100110110100011100010001110011000000010111101100010110011001000111011010100100000100101110
010010100000110111011111010000110111110111100110011100010000010100111111110001011001010110111010
000001010111110101010110000010101011111000100100010101110101011111101111011111011000010111100000
011110010110001101001000000111110010100011101100100011001001101100001011111010001111001011110100
111011100001001011010010111000010100110000101011110011101001011110001100110000001000111111001011
010111010100110010111000101110011000010000101000000101110010111111011011011010001110011000000100
011000100100111111011010101110000011011111110101000001111100110010111100111000001101011000100100
010000011110001111001000100010101000101111001001000001100000000100010101110010000101010110111000
100000111110110101111001110100110100011100101110110100111000110100100001110010101101000111011010
011010001111000001000001011111100101011010001100100010010100010010000100111000101110110111001100
110110101111000000010101010000011010111100111110110111011001001001000011010001000100100110100110
000011000000000110010001111001010000001101010011010011100011010011011110101010010010010000010101
110110000000100101010100110101101011001111111100010100110011110111010000010101111111001110010110
110110010111111011010100000100000100110011010010101110011010100101000001001101010101001101000111
110001111010100110101110011110101110110111101111101000101010000010100000110110111111011000000111
110010011110000111110101001010000111101100011001101000001110101000010110001011100110011010100100
100001010000101111101110011001110010100001011101001110100110001111110011101101100110000010110000
001111100010000100100100010000011001001110001110001001110010101111110110011110000111101111001111
110111111111101000100010101110010110110011110001100100000001011001101111110101011000000010011100
010110010110010111111100000000101010001001010100101010101011011011101100110011100010000110100110
101111101000000100111000101001010101000110100011000110111000111011110111101000001100100011000000
111010100110111101111010110000011110000110111000000000101111100001110010010000010110010101011110
110011111100110110000001101001000111000110001100100110111111001100100110010110000010010111101010
011110101111000100010001101110110010111101101100010000100100100011011110000100001001011011001011
111111111001011000101110100110000111000010110101000110000101100000110100011011100000000011111000
001101111111101010010000110100010111111001000101100000101000111110101001100100100001111100001100
001000000010101100001001001111001101000101100111010001110011001111110011001010000000011001101100
110000101011110100001001011101010101100110011010101111101110100001100001010100000100000111100001
100011001000000001001110010110000110011111111100110100101011011100101101010000001001110011110101
110001011111010111010001111001101000101111001010001110110001110100010101111001101111111001010000
100001110000000000111100100000010010011101100100000010010001001100010101110001011100111000100000
000010111110110111110001011011110011111100111100110100000100010111000001110101011100110001011111
111101101000011100000010100111111101101111011100101111111000011110001111000110100000011010011011
011011100110101101001110110000000100110001011111001111010000101010110101111000111010000010110000
100110111011100101101100001011101111000011110001101011010111000101100111101001111100110011111011
111000101000001000001111000000001011110010101001111101111110000111010110000100000101110000110011
011111010101000010100010010000101110110010111110000110101110110110110111000000100111010111001000
010111001010000111010001110011000110000100111010001111111011110011010011100010111011100100101101
110001110110101000000100000110101100011001010110000101010000000000001010100011010001000110101010
100111100010110001011100010110100110101111000111101100111110010111001000011101110000100000000101
001111000110001101001011000000101101111110110101110011000000110101101111111100001110110001000011
100000010110011100111110011101100111101100101100000010101011000111111100000101100101011101001111
011001000111100110110000111000111100110011110100000100010110011011001001100111000001010011001010
000100010010110100111000111111001100100110111101100110000110000101010010010100110110100101001000
001010001101110101110111001010101111011000100111001100111100001101011101111011111001000101011111
110110110010001001100101010100001000111100010011000100011110101010001001000001010101000011010001
000110000101111010011000110011000010110101001101110000010101001001110101101001001100000001111111
010101011100000100110100010010111000111010111100110101001011000101100001001011000101110100101101
010000110111000000000111010111000010111101011110111001001110110111010111110100011011110101010111
100010100110101100011001001011110100110000111010110011101110011111110101000010001000100011000100
010010011011000101011010100001010110101010110010001010101100010111111011001110100101000011111101
101101110010111101110110111000010011100001100011010011101000010101000000101001000010111100110110
110011100110111100101000000011001111010101100101000010101011110100011101011110101111111111010000
101010100100110111010001100101110101110010100100100100111110111000010110010001000111101000000110
011111001111000010011100100111100110011111010010110101111001000111011110111000111000001110010110
010101001000111001101111001100000010010111001001010100110000001100001111100011000111101001100000
110100000011000100101110011000110110011111101101110101010001111000001011101101000011110100010011
010011110111110100011100011001100000110011011100111100011111100000011010101101000011011100000101
010001011000111101000011010101000010000001101111011111010001010010101010111011010000011100010011
011011110111111000001000110100100101011011001010100101110100001111100101010001000000011101000101
101000011110010010111110000110111010011000001111010000110001101001111011101010101101111101101001
101011011110110100101010110000001010110001010100001111001111101001000111111011101111011111100101
111100011010011100001100111110101100010100001110011000110111000101100110111001111111110011101010
001100001100101101100100011011011101111011111110100111110001001100111110101101010000101111111001
001100001111100001000101011110001000110011100101101001101111100011110010010110101111110001110001
100010111000110000000110101100100011000010001101100001001111110101111011010001010101011100100110
001100100001010011001100010011000110101011100000101000011100001100010011000010000001011010010101
110001100101011001110110000101100100010011011010001011110010111110001000010011011110000111111010
001101100110001100111011011100000000010110110000001001101110100111110000000000110110001111110101
110011001111100011111000011111001000110000111100110011111101101101011110011101100001001111000100
101011010101010111100100111011010000011100011000100001001100010001001001001110100111010110100100
011101111111100100110100010110010000011001100101100000010101000010110001000101100111110000100010
101010010110011011111000001110101101101000110011111100010010000010100000000101111101101011111100
100101001100111011001010001000100100110000111101111100101010100010010100110000011010001111011110
001111100110100011101001001100101110000111100010000110101100101100010001011100010000011111100011
111000010010000111100010011001011011011100110100011001101111100011110100111010101010010111111011
101000101101110101010111110100101000110110001100001100111110111010110010010010001110001101111101
110111100100111101100111000001111110111011100001101010111101111111100001111000001110110100011110
011001001010010100011110100101011111111001110000001010010010000111111110100110010010010100100001
111000011011110011110100001001110110111010000111001100110010001000011001100101011101111100010100
001100010110100011101101100001010101101011100101110101111000000001010100101001111011101110000001
000010110110110001001110010000100001011010000010010101000111111011100100101001111001011111110101
010100111011011011011000010100111101010101111110110010110000000010101001100101001100100111001000
000000011000101110111100100111101110001010000110000011001000110110110111101010001101111100110101
010110100101000010111100001011010010100000100010111111101111100111001101101000110001001010110111
001010100000000101001000110001101001101110001001011111110001000110101100000001001011111101110010
100111111011010111001110000000111110000011111110001100010011011001001000100011010000110000100101
010001010110100010000001011110010000111001111011100110111010101111100001000101100111010000111110
011001011001001010011100111001001110100100111011001111100001010011001101000110110110000110100001
101011011111101111100001011000011010100000000111111111110000001111010010000000010101011111111001
100001110001100100011100111011001111111001001001011111100001001111000000000001001111110001110110
101000111010001000011101010110001110010001110111101111001111010101000100110100111110111100011111
010101010111000011101000110011110001100101000010000011011000110101000011100001101000001001000101
110110010000010001110111101011100000100110000001001100111100010111110110000000011000010101000000
001010001111000100101110100111001100101100010000110110101010011011101011001000101000101100010001
011010011110110011001110011010101110101100101101110000010111101101000111011010001100101100011100
000110010000101100111100001011110000111001001111110111111000001010111000011101111100001010011100
011100011100001011111001011100101110100011011001111110000000011010001010110111110001000010110111
000011010010111101010001000010101001000100000111100000111111110011100010011111100010000100001011
011111101100011010001001000011110000101100001011010001111100111011111011110111010101101111111011
000010000001111011011000111101001010111110000000011001111001000000001110011100000000011100111100
000101001110011010100110001000111001010010101111101101000111001111000000110011001011000111011100
000010001000110110000011001111010011010110011110011111001011110101110111001010000111100100101000
000001100111011001000101100011110000010111110100111010101100011000010000100001101011000010100101
000011100111101001110010010111000001101111110111111110101010110100011111010110001101011000011101
100000000001000111101111010111100001000110011001111100101111101101001000000100001101101011110101
000001100101000100000001111010110001011011010010110110111010011110001001000100111111010111011001
100001110110010011110010110101100111000011011001101100100111011110001001010101001100000110111101
001110010100001001011100001100100001011010101100111011110010011010010011101011101011111000000000
110111000111110011100100100010110100111101011001110001100001011011000010100011111001010010101110
101111001100011101101101011110101101101101111000011000110111000010110111011010011000011100010011
111110001101010111010010001001011111101101101100110110110010000100101111110101011010010001011010
100010110100110101001011011011001100000010000100001101111000001011111110011101111000010111010001
101110111100110010110101010101101001000100111111000100111100001111100000110111010101000101001111
011010100011111000101100111111010010100110101011001111001110111101100111111010011010001011101000
101011100010010101111010000111000011000100001001110110101111101010101110001110000111101000101000
001100011100101110000011111010100000110101001000100111100010001110010110011010001010111010000000
100110100001000011100111110000001110110001101001111111010000101110101100000100000011111010101010
101001111001001110010001011001001111011001001010000010100000001100100110101011011111101000111010
111000001111001000101000110101001011101001010101111111101110111101001001111001010011101010001000
100010001100111011110001110001101000101101110001110111101010011001011101111010111001001110111100
001001001110001001111110111011111100000011010011101101101100100011111011111000111100011001001101
110111001011100100101011110011100011001111110000000010000110100001101001101001011001000000010101
001010000110110100000000000100000001100010101000001011100000001011011110001000000100010101110101
000010110010000001001111110110111000011110011000100110000101101001000000101100000000110101000111
101010111011011100101110111100010010010111000111001000111101011101010110010110011010001110010111
011001100101001001010110000101111010110101111010011101101011011101110001100110110101011001000011
001010111111100101001111100011011000101111101101111000111111111110101100011010100110111011000001
110110111001011001100011100111100011010100101101110001100111100100001010110010110011101010101110
101011001111011000110011010011110010011100100000101101100110011110111110110111101010010010010010
011110011100010011010000101110110111010010010010001100001111111101100010001011011010001000000011
101100101110000011001010001110100100001001100001101110011001001101110001000110000000000100011101
101011010010101110101101010101000001100001101100111101010011100010001000111110010000100001100101
110111011010010010001101011011110010100100000100001000001101111101111011000101100001100000011011
101111010111110111011011011111010101100101100110011010010111100010100011001011001000110110000100
101101000001010100101100111100001011010111010100000010101000100101001001000110100010011111011100
100100000010100001111011110111111001001100110001011100001101010001001111101110100010110001010101
001010100111001110000110111110000101111101010010100111100001001101010100000000011100110101111011
101001101011101011111101111000110001011010000111101011010110011101011001001001010111010101001101
011111001011101001010001010100001110101001010111000100110000000101110001011111011001011110010110
001000001100111111011101011110001000001101001110001111011111011000011010010000001010011110001011
001101101101010100101101110001111011100011101000110010110000111011010101110110101010100110001101
011011011010101100110111101001100000110001111011010100100011010000000100010111111010011100101001
010001100111001010010111010011101010011101110001110101011000001000001000101101001110101101001110
000010001110110011011101100010011100100100110001100110110000100000001111111100011110110001010101
100001001101000101100110111111110110010010001101100110111110011100001011011110011001110000011111
101011011001110101001100011001000001111011000000011011011101111100100100111100001101100100101110
101111100010011101011111000110010111011011011100111010111000010001100111011000000100001101000101
101111111001010001000011010001110101010101011000100000010001101001111001111111111100111110111110
010101010010010101000110101011000111011011110100101001000101101111010001001100001110111001000011
001010010001110110000110000011001010101011101100101000101100100100100101011110111100000110111100
100000100000000011010110001011111000111001100000011001100101001011010111001000101101101000001011
011001101000011000011111111101100010011000100110001101001110000010001010000001000111010010110010
001111111000111000110010111011101100100001010111001100111101010010001101110010110010011001111110
000011000011001011101000001010011111111100110010010101011111001100111001101010010101001000111111
101101101011010011000100011101000110010101110010000010100110101011101101001110010111000010100000
100100001100001101111011101001100000000110110110110101110011101110011000110000111001001100110001
100101001010100101000100101001010000010001011001101111110001001000011000110011101111100000101011
101101001001011011110010001001000001100111000101011011011111101110011010001000111000000011010001
111111111101011001100111001110111100000110011011001100111000101011000110111111011101010010001101
010010110101000001110110011000000010111111100100010011111110110000001111110000011001100101111011
011001010101111001101111110011000111111111011111010011011011001000111111001100100001100100111010
001101011001010001011111101111110101110000111011001110001001111110010001110100001011011101110010
111110100110001011101100111111000000000110001011110110010001100100001110101011000011011010101101
101110000010101111011011100010101000100111010100110001111001110010111011101101010011000110001111
011001101110010001111110101110110100101101101010001001100010100101110110001110110101001010010011
010001011010111100111010100101000100110111000010010000101000001001001010001010101110110000011101
100100001000011010001001011011110001111001100110010010111000110101100101000010101001001010000011
001100011010001011100110110100000010111110110001000001110111011001010000000010010010000001110100
000100010111011101110000101011000000111010101100011101011100001100111010011110100111010100110010
001001111110000100101001101010111110100111110101100101011011011101100100110100111010010111011100
111101001000101001111100000100011110010000111100010001110101011001101101001000001011100111111001
001011000010011000111100001101010111000111010001011100110110000010011011010111101001001101101001
011111011011110000011000111000001010011111001011110010101010010010100001101001000111111110111111
000001110110001001011010111000001110011111101001100111010001111110101001101100001011110010001000
110111111011111110110111011110000011001001111110111001011000110111011010001010001000001001100010
001011000000101010111001111111110100001101101101000110100100111001110000110000011100011000101011
111001010011101110000100111010100110000110011011110100100110011111000101000010100001101100100111
011000011011000100100111010011011001010101101011111010100110000010110110110100110000100011010010
011010000011001001110110110100000001010001001010001001110010011001010110110001101000000000000010
111111000011001111001000100011100100011100001000110011011001100111000110111100110010100100010101
011101111100010110000001001010101000010011011101000111101111010100100011001001100000011010110011
000110101101111001101001111010110100001101110110010001010011101100101100111100010010010100011101
001010110100011010100100000001111101101001011111010101100111111001000010100100000101111100111100
011101011011001001011110101011110001000111010110110000000111010011010001111101100110010000111001
001010011000110001011000111011011101000010011010110110011000101110101110111011101111111100001101
000011010111001111100011011011100001011011101001101100001010001010000000111001111110010011110010
011010101011011110010001011110110111101110011011001110111010100111011101010111101101010000101000
101100110001011110101110101111011110100010110000010000010101111111101001100111001100001011010100
100011011101000111100011011010111000110100101000110110011000001111001011011000000001001110010101
111111111001101100111111111011101101101100110101110100110000011000011001100011000000000111001000
010110111100111110110001101011110111000010100110101000111101010100001011000001100101010001001001
111111101000010110110110001000101110100101010101011011000001010111100111011101001101111000101010
000101011001110010101001100110110111101001010001111001101000100100101111100001001101110111010001
110100111101111110110011000000000110111110011001011100111100011001010000011000000001000011100101
001101011001000101011000010101101010110110010011100100110000010111011100111010011010111101111101
010111101000011010100110011000011111111101111011101011111111101001000010110111001000101000101011
000110001101100100010000001010001011111100100111111000101000100100111100110010011000111011011100
001010000010100000001100111000010010111100011000110011011110000110000100010100110001100110010010
001000110000110100100001010100101011100000110011101011000000111101001101000111110000111010100111
010001001111011011110111100011101011110111011110001001101011100111100010010010000001000110010011
111011111100001010000000001001100100001011000110011001000110000100011100101000111111101101010101
101001011101100011010010011001110011110100011111111011001001000011100001010000101010010010011000
011011001010011010011101101100001110011111111000100001100101010010010000111100000010010010110101
100010011111111101000101101010001111100000011001011111000011000001110100001101111010111111110000
101100100111100110100100000100000000110000110110101101100001010000010110101110111101010101100010
010110011011011111100001000111100100000100110101101001100110001110101110101111001001011100110111
001011000101101111001110010100110011011010010110011001000010111001001111000011111111111001110101
001001000110000000000011110001101001010110010110000100111011010000011110011001101001000100011010
010010011010101101000010100100001001111100000110001111001111010001000000010111110011010011111100
100011001111001101000101101110000011111101100100011000000011111000001101010110100100011101010111
001000111011011010101011010110101010011110000000011101111011001011011011110001101111111001111011
111011001110111000110100110011101111011001100101000111101010000010110100101110010011001100101101
110001101010000001111001111000100010100101101100000001110010110000001101011100010111000010100000
010101101010110000110001000111000000001111000011111100000100110001100011111000000111101011011100
010110000011111010100000001111000001111111110001011101000111111000010011100111011011000001010011
010111010001110000100110001111000101010101000111101101101100101110101111001101011101000110101011
101111101000111010011011000111011100001000101101111011001010010101110001110101101110001001111010
000100110000111001010010111010111101000000100000000011101100111011011100111100101101101110111011
001100000000101001101110010000010110110010111010011101011100010011001100011010001010111101110010
001111111010000101101011001111100001111110100110000001101000100001010000011110100001000001001100
101110010111010111000101000110010010101101000110100010100011001011001111111110010000101000000100
111010101100011111001101100010010100001111111100000111110001000000011110000000011110100101000110
000000000000110111101001011111100010101111011001010001111011010011001001110010110001011010011101
010001001000011111100100100111101101111001110101001001100000000100110011010110111000111101101000
101111011111000100110101011001011101100101000010100000101110001101110011111000111000000011110101
111000001101001011011000011010111111011010010001100101011101010011010101100010110011011111101101
000110100001110001010000110110011111010000001111110111101011001001000101011000110000110101111011
010101110111000111001110010100110110101001110101000000010111101110000110000010011000011000110100
100010101110100111011000110110111011100010110100001111000010110101001111011010110011000011100111
111001110111011001111001111111011010011011001010101000101100001111000010110100110110111110100100
100000001010111111001110011100000101000100001110011110000010101010100101111110001111110101011010
001110100011110000011100111111001101001111011000101000111101000000010100011010001100011110101010
011001101010111100000011110111111001101101110100010001101100101010011111111011001001101000110100
000010100001000101100111011111101110001010001001011110001000010110001100110010110011110010011001
101010011011111011010001100101011000110110000000010110110111011110110010111000100001001100110110
001111001010000100100011111101000010010110111101000000111110110000011001111011100010010110000100
011001110100100010001101101110000100111010010011101100101001110000000011001011111101010010010101
010000000000100001111001100111100110001011011000100110010100010000000111010010100011001001111110
000111010101101011100001000011111110100110000011101000010001000001110000100011000100010011101100
010011001100100111000111011001111100001110110110101111001001100000001010010000000110010000110001
111100010010111001100011110010011110010111110101010110101011010010001101010010100101010010011100
001111110101111011010010110111100100111001010000001111000001001010011100001100000101010111000001
011000010011001010001000100011110001101010011111001011000100011100110100101001001110100100100000
101111001111100000100100011010010001001110001101101000100010010001011010011000010101000000100010
001000010011010010011011001011010110111100111111011011101010111111001011011010010001110100101100
101100011110001110100000110111100100100100100011111111100100110100011000011001001110100001000110
110110010101101111111100100010001000011000101100111101011001100000000100011011010010001110000000
100110111010110111000111110011000000110000100000101001011001011101110001100101110110110011101010
100010100110001010001011111001111100110101011001110000100101011111100111100111110001010011101100
000100010100111110011011110011011000100001001000110001100011001110110100110000010001001001111010
000001010111110010001101010110110000010011101101110001000001111010011110101111000001101010111000
110010010001100111110110101110001100110101110001000011111000111001001101110000111100001000010001
010100111100011111101010011100000001000100011101000100001000001001100101100111110011101000000110
001000101011101011101110110001100100001101100101010011010101000111010001000101110111001100100000
001110010100011101010000110000000011001100000100000011000111010111101101101011000011110001111110
110110101110101011101101000000000111010000011111010111011101101001011101110111011111011011110001
001111010100010111101111000011001000011111110100100001110001110010000100100111100101010100100101
110001100100110111110100100000110101000101010111000011111000110101001101010101000101010101110001
101011001000100010100111111110010010100101101111100110000100110110001000001000101111100110100111
010011111110110010101000111011100111011001011111111100100010111011011011001001111011101001011110
010010100101001011111101001010011110110011100110101111010101000111101111010110111111101010100000
011111101110010001000010000110001111011100111110110000010011001010001011100101100110011011001110
001000100101000111011011000011000111001001101101101000111101000011000000001010000101001101000010
010001101101011010110000010001101011110110110001111110000111010110000101011100001010101000110000
101101111001000101001111010001001110010010101000000101111010010001101111001110101001110100010111
000001110001100010110000010001110111010010000001101000101000010010000101001101001111010011001100
010001001101001010010110101100011011010100011100010000010011000111110011100111111010111100010100
011111000111010010010001110100110101011101010000111000111101110111110000100101100000010010010010
011011001111001111101110100101101000110010110110000000101011110011011010101011000110111010101111
001101101101110010011000001001001100110011010000001001100101001010101100100100011000110101111110
101100111001000001110101001101101101100000100000110110100100010010010111010010111001110111001010
101011000001001100110011001111101111101000100111010100010101000100001111011111110001000111101011
011110111101110011000011110101110000011111001100101111010011101100001011011100011001110011001011
101000000111110101001110010111111101110100010101100101111110000110101101000100000000001100001000
110001110101001000111110101101110100001111101001010000000100010011111001011000001101010011000100
010101100110000101010011010100001100110000111101110001011111100000001010111111100101011100111001
100001101100010010001001110001111011011110101011101001010111000010100010110100001100011011100110
101001000000011100111111111101101110011000110010110010100001101001010011101001000110100010010000
011101011011001011100000000110111110110111001010011110110011111011101111011001100011011011101101
100011010111010110000010011011000010000110001001101011110101100010100000101100110011011001000011
000100110010111001100000100100101001101110000001101100110011100011011111101111110101011111001110
001100011100111001001011000100101111100110111011111000010010010111011101100001111111000000101110
111010010100101110000111001100011010011101000111001000100111010010101101111010000100111100000110
000101111000100100001001101110110110110100001100001111110001000101101101011010000100111010100110
111111100000000100111101100111111101111010111100001101100001010111010100100110100110111001101000
000111100101111001011110111000111101101110011100111010000100011000000010111101101000100101110101
001010100100111110010101010101001101110011000011011101010010010111101011010000101110010110010101
100011100111111011100001110111110011001011101100100111101010000111111001101101001000101001000000
101001001011100101001010110011101001110000110110011101011101111000001000101110010110101011001000
001000001101110110001100111100101000101100100111011011001111111110010101001011001000000100101110
100000001101101011101010000111010111101111011110011011001010111111110110010011100111011101100110
101101011011011010111111000001000111101010001010110111000111110001101100100000111100011110101101
110010011011110110100010011100111000010011111110101100111101101010000001011011010111100001000100
001101011110001100001110010010011101110010101011100101110100100000100001010011111001011010100110
000111101110011010101001011010101010111011000101010111011000101010101101100111101101001010010100
111100001100100110101100110111001000110011101100000010100011000100100110100011110011001011001101
111011000000111011001100101010100010001010011001010100101001010101110010100111000010110011100001
111100000011011101001010010010101011111011010110011010010100100011000010011010001000111011000011
001110100100100000100010001110110000100110101101010010101010111101100101011101001100010011111011
001100001110111110011001010001000111011111000111011011111111011010100011101001101100101011001110
110110111110001001101000011111010010010101100000111011110000001000110011100010010100110100100110
100111101011011000111001001111111001010100000011010101000001011010101011000011111000001011001110
111100010110011111101100101101110101011111000000111100000011101000001111010010001000001110111010
111010100000010100100001100010110010100010111001010111110001000100111001010101001000001100001000
111101000011011000001111011001001001101100111010100001111100110111111000001000000111001111001001
010010010010110000010100101111001110101110000101110100101001111000101001010010111001011111011001
111001010110101010000111001100010111001000100011001111100110000111000010110000111000000111110101
000000011010010011100000011101110111110110111100010010000011101011101111000010001101000101000011
010000101000001011010110011011000110011110111011001010011100001101010001010100010011011000011110
011011000011011110110111001010000101001101010100101000100010110101000011101001110010010001000101
100111011101110011110011000101100001100101001110011011011010000001110110111011000100110110100001
010100000001010101000101001010000011101001011110011100010101011111111000100010111111110101101010
001010001101000101010001000111100111011111010011100111101001000100110111000011100000101101011101
000010001000111001000011110011001010110111011111001110100000101000111000110010001110110101000111
000001101111000001000000000010000010101111111010000111010000101110101110110110100111111101011100
100011101000010011101000101001110100000101110101000000010100110100101011110110100000101111011000
100010011011000101010100010110101101001110000110011111101000111011111101011011111011110101000011
110110100110001000111101111000110000111101011110010100010001100001101100000100000111101010010011
000110110100101100011100110101110110100110111001100111001011010000111101001110010000000110101111
010100001110111010000110011101001010110101010000010000011100010111000011111110001110110011111000
111010110111001100110100000100001001010110011110100000101011010000111001110011010011010101010010
101111100000000100001010000111100010001100010110100010111110100101101001010000110010000010110010
111110010101011011111010001100011111101000101010110011111000001101110110000110100000000011011110
101010110010101010010010000110011110010100110000110101001011111001110100111101001011100100100000
100101000010001111010110010110001010100100111110101010001001111011111010010101100100110000111001
111001101100011101001110011100110100111000111010110000011001100010111000111111010000101001111000
110011011010111111101010001011101000010110001011010110110010000101110100111011101011110101010001
100101111101101100000101100010000000100111100001110111010010000001001011010010000000111110101010
110010111110010110101001110011111110100101100001001100010111011000001100011000000000011110100110
101011100000110100011001111001001011000111111111111100100111101101111011111110000111001011110101
010110100101000011101001000101100011001011010011111111100111010000111000101100001010010001101100
110110100101000101001000110101011101110000001100100010001111110000101010101110011111011010011001
100011000010111001011111010001001100101010001101011010000001000101110100000010100101010010110101
010011010101111011001111010111001010110001111111101100000111110011010111010100101011101100010011
010011000001101111110101101001010000000010100011010110011001011100000101010000000111010100000100
001011101001000000010011101010100101000010010110000110100101101000001111101111001111001110111010
001011111001010111111010001110001011011111101110111001011110101100011110010110000100100010101000
100011101101101011011110001100010110100101100010110010001111010101100111001100101110101010110110
110110000001001110101010111101001000000110001011001110000010100100110110011010010110101101100111
001000111100111001011101011110100001111100011110100110100101101111100010100001011000111001011000
000101110010111011001010011110101000111011000001010110101101001111110111010001100000110010110001
110101001100110100000110110000000010001000101011100011011100001100001010001100011101001000110001
000101001110010101100111100011011111111011001011110111101110000101000100000011101100101110100001
011110110111001010101010100001111100010011001111000000010111010010110111010111100010011110010000
001010010010101110110111111111100011000101101011011101001001110000110101010011100001000001000010
011000110001010111101110100001000010001100010100011111001001000101111110001110011010110001001000
001111011010100010010011011111110100000011111111011111000110001101100100101011110001010010011101
110001101110110110101101001101010000111111111111000011010001000101000111111110111100100000100011
110001000111111111110101110101010001111010001001110100111100110011100100100011110010101111111001
010001001011000000011000101101011010011100011101000110011111010010010111000010011000000011001011
100001100111001011110100011111010001001101011000001111011100001001011011010010110010111101110010
000111000101100000000011101001010011111110110100010100001011110001010001111110011010011101110101
010000100010011000111010001010110110000001111001001001100100001110111010001001101010100000100000
000000000010001001110011000000001010011100001010100010111111011100000000100001101010000100110010
101000101101100010001000100000111011100000101000111110011010010000110110001101010000110110000101
100000101110111101111010000001100010011011111000000111100011000101110110100101111011111001111011
111111000010000100000011100000101101100000000111111101100010000010110011000110100101001110101111
010111111001000010011101100110111110011010101011111110101000000000010000110011000011100000010111
111011000010110101000000101000111100001010010001010010101001011010010111111010100000010001100001
101000011001101000011110001001110111111100111111011100011101011100011010001000101111001100001011
000010001001001010010100010000000110011110001101110000000111111010011001111010001110001111110100
111111011101101110000110010101010110110001001110001111101111110110100110001011101110001110110111
101001001011011011011100010110111010100101001010010011100101000110001001000001000011011100111001
011000000111011010110011011001010110000011000010110100100001100010110111001111001110000001010010
110001011011100111101100101101000001111000100100001110100000001101010100100100011010011000010000
000111101001111110110011000100101101111001011010011110101011010100010111010110000000001001010110
010011111001100001000001110001101100101100001111110000101101111001010101101001101000111100000101
010101110111110011001001111011110111000110100010000100011011001100010001011000011000001010000000
001111000000100100100001000100001011111110010000001000000110010001110100000111110001011100101001
111000110110100101000110001001100111100101000111001100110110010100000011001110111100001110010100
011111100010001100001000010100011001010100111100000001010101010111101011010111101001111001011010
110000110100110100000101011100011101111101111110101111000100100100010110001111000011110011110100
001101010101110100111001010001010011110001010001111000111110110001010101111100011111111111100001
101100000001001011110110001111011010100100111110101000110100100110100001001011000010001000110110
000000001101100010001110100011001001111100100111000011111111110000001100101111110111110011101000
101101000000001000110101111000100101111010110100110000101000010110011000101000110000100000000110
000000110101100001011010101010010100010111000100010100001011101000111010100010101010100101010110
111000111100100110111100000101100001000100101000111111011101011011100101011100000110101000001001
100110111110110110110001011010110001001000101001110110010100000101011011111001011000011100011000
101111111111010111000000101000101110111111100001010011011111100101011010001010001111010101010111
100101100000100001110111000001101111011011011110000100001100000101001101011110010000100100000000
010100010101001101010110001001001000010001110100100011100111001101011111110001001001101011101010
011110001001000101011111010010110100011111000110110000010110100011101111110011010110010001111000
000010101010110110100011001110001000010101011100000011101011101100111011011011100111001111111010
010000101100100011001001110000011001101111010101000011000010101000000101000110001010110010100010
001111110010011100001101101110111011101111010100101000100100100100000100101011101001010100100001
010111001010000100100100111011010111101011011001111111001101100011101000101111101001011110110001
000000100101011010111000111011001100110000000000101110110110110010010011000011000101110110011001
110100110111000011001001111010010000000010001101000011100110111111101011000011100101100111110111
100001101100011011011111111001010100101111001000100100000011101000000011010100100100110011011001
