100101100110110111110011110000000010000111011110100010011011110100110101001011100100010010011110
100000010001100011011110011100001110100010100101000111010000000001110100111100101000000100011110
101000010100100001000110000110100100001001100011010101011111011111100011010000100100111000001011
111010001100110010110111000011010011000101111111010110100110001100010011010111001011011101101100
111110010100101111010100111110011000111011101111110010000100010100110100110011011001010010000001
110000010101010011001000000011010110011100011110001110110100011100000111110110001000011110111010
011011100010111000000101111111111010000010100011100000011100101100000111110111101000100010101110
111110000110111110100000100001101101000000101110100111110110111000110001100010101100110000111000
111111101110011000110010110011001110010010010111110001000000100101110000011010001010111010010011
111011001110111001100010011110100000001110010110011001000110000111010100111100101110001100000011
110000111010100110001000001111101001100010111010010101110111100000010001001011011110100111000101
010011100001101000111000010101011111101011010010100010100100010110011000011100110010101110110000
110010101001110000010010100001000110000000010010000101000011101010111000110111010111001100101001
100011100011001011100100100000010101001111111010001001110100000100111000011010011001110001001000
101111010001010001110100001000010011100000111100101010110100110001110010110110101010000100101101
101101010101110110001000001011110100101010011100001100110011100100011010000000110110001101110000
111000111001001111111011011011111100101001110111111101011000110100011001101011111000001101000111
110111011100111011111001000101011100011000000110101000011001101110101001011110010001111110101111
111100001101001011001101010001001110111111010011100010000010011000010000011100011110111110010110
110001101100000101000010000011001101100100001101111010000111101000111100001111100100000101111101
010100010110010011010001110111110110101010010001110010000100000101100111111100101001101100101000
101111111111010010001011110010110101001101010111010100010010110110000000000111110011011111001110
101110111101101111000001110101101110111100001110001010111010011010011101011010101000111011101011
100000001001010010001110011000110010111100010101101100100000101100110110111011011010011010101110
010001101001001010101110000100000010111010110100001000100001010000100010000101000111101110111100
010000011110001110100110101010001110110101111101010111101110110010001101001000101100110110110000
101001110111110100101100001100100100000001001010010000101001011111011001001000110110111010110111
011100011110100100011111011100001000111011001011000110111011100000111111111100011100011010010001
111100110100011110001111000110100100011011100111100100010100011101111101101111101000000010000010
100110000100010000001001011011010111110010111101111110010000001000100000111010000100001111010110
010000001011010100001000100111000001100001110100011000011101011101110010101111000010000110010010
011101101001100100110001101100001111001010110101000011001101010101101001110110010001010011000010
010001010101101100100101101001001101010010100011010101000110100100011100100001000010010001011001
100011011001011100100100110011100000101000010010101100001110001110001000000000111111101001001011
100111011000000011001001100000101010011000110001001001001110100000101100110001110111101000101001
010100100001010011100010111110001110100010011001100010101000111001011110111011110111111000110001
001111101000110000101010110000100111001001111100101101011100011100001000100000010110100000010011
111010011000010001000110011100111101011100101000111100100011100011110000010010101010110101001111
110011100001011110111110000000011001011010110110100111011101111001100001111001101011111110000111
011110101111110110010101001010000000011010110000010011111000100011111000111100010101000001110011
001110101101110101000111110101111001110001000110100110001010001000100001110100100100001100110110
000111001100100001111101000110110100011100101001010001110111111111001010100101111110101011110110
110111110111110011011000100101100111001101011011110001011000110000111101010110001010100001000010
001110100110111101011100110001011001100101000111101010110100011110100001110001110011000011001101
001010001001100100000001010000100101100111111101110101000100010111010100101010001000011001000011
011101010001111101101110101101110010111001011111111111001101001000110001001001000001111111011100
011011010110101110011111101010010100111000101100010000001110011011011011000111100110101010111001
100100000101101011001010111000101010100110011100001111000100000011000100011010100011110101100000
100000010010110011000010011101100010101010000001101010110100110110011011011111000110000011010110
111000101000101000100100001011100000010011001110110111000110111000111100010011001101000000011100
111000111000011100100111100010111000100100100011001001100100100111001111011111100000111110010101
001101100001000010111000110001001100010111111111010110110011101101101100100110101111001110110011
000110101010011001110110010010001101000100101011110100110000001110010101111100011001100010100110
100000111111000001001111101000010011100110011100001100000110010011101001100010011011110101010110
010001110100011101110101000011001010111000111001100000100000101011010010110011011001000110011001
000000111001000100011100110101011000001111000011011111000110100000000010000100001101010011111111
001100110110110100100001011110111100101000010000001010110001100100010010100010111010000010101010
010010101101011100001010000001111010000000110001011111000001001000001110011111011001101010101111
111000011110101110111111001011001101101111101111101101101001011101100110000101110111110111111100
011010101010110111111001110010001111101001011001001100101101111101011011000010001101010001011111
111010110100101110111110000100001111000010001110011100011100110001000110110101011001100111001001
110001000011110001100010001011111110000011101001011101010110100001011010111101110011100111011100
000000011110000001101010111101001101110010000101100011111001000100011111100100011001011011111101
111001111000000000101101110011110100011011010001100111001100001100011100001101111010011011000101
101010000111101101011010100111010001010110111100001001000111010111001100011001010111001100111011
101010011100011111011101001011100101111110010000100110101010001100000101011011010100011101010101
000001000010011110110101111101110001111110110101010100010100101101000110101001001011011110111110
011100011111011101010001001100110011001111000101011101111110110111101111111001110011010010001101
110001101010001010001011001101000011001001000100001010111010111001000110101011101001000111111100
000010100011110000011000011111100010010001101110001111111110101101101110101001001001111011101101
101001001111101110011010010101001111101101001100101110111001101111000101111001000011110010111110
111111011100000000110000001011110010010111100010101101000111100111000101111101001000111011000011
011111011000111100101101110000001110111100001100011010000000100011111100110000000101011100000001
100100010001010000001111100011110000000001111111010000011001100001010110101101001110100100111010
001101100010101111110100101000011101111100111000011011110100110010100101110001000101011000011001
010010111110000011100101000001011011010111111100010011011100101010000100010111000010110010110011
011110110011000001001110111010011110111111100101011111011111000101010101011011101100010010001000
101110000101000000011010111111100111110010001010001101001000001010100000110010011111110110111101
010100010011001000011100101000001010001010010100111110110110101000001100111010000100011110010001
000001110001010010100010111010101010010100010100110000001001101010111110011000010110010011010011
010100100000101110000000101011000011000001001011100000110010010100011100010111101100001100111011
101001010011011110001011101100011000001101011100100001010011111011101001000110111001001000001101
000001101111110000001011011011111111110000110000111011100011000010010001100110000000100111010111
111110001011100000111111000111000000101111100111100111010110011010100011100001011101110110010100
100101011100000111001110011001011001110101100000110100001110001001100010011011001110001000011010
000000110100010000100010011101101000001100000100011101110001011111111010101100001000111101111110
010101110100101110110100111010110111100111001010010001011101101010101111010011111101101100100111
011010001110010111000011101101100001010010010010010101101101001011011111100001001010001100110111
010101011101101110011000111111011000111000011011011111001000111111100000101001001101100101010110
010111101101000111011110000011011101100010011100000101101101111010101001011000000011010010011011
110111101101010110010010100100001010010101010000110100101100010111100101010001101001000010101110
001001100100110010000011010010001101011100000101000000111101001101000011101101100111001001110011
111111001011001101110001011011101101100011110010100110010000001001111010101011010000111110101010
010011101000101110001000011000101110010111000111100110011010001011111001000110001011100100111111
101010010100011010100110101101111110010010111011111110010011011000111001000000001000000111000010
110011111001101101010000101100011001101011101001011100001100101010000101000110010001101010011001
000101111101001101011111111101101001100011011010001110101011011111011010100011101011100001011111
111001110000010000100101100010011010110110110000110111111100001011001010110101010000100100101000
110000010101011110100110100101010000101011000110111001000000001011111010000011000001111000111101
100001101000111100010111001011100100101101010001010111001000001111100011011100111110100111100110
100000111101001101010000001101000111111000010111010010110001100100010111111010001000101011100001
000110110110011001110011110101001001011100000111111111110011111101111000010001110010101111111111
100011110100011100110100111001101101000101011100100011000001101011010011111111010001011010110011
100100100100110010001011011101001010111110111001100011001011111110001111101010101010100100011110
100110001110101000110110010111101000100111110110000010000110101101110100101000111011101001101001
110100011100101111101111101000111111010110101110100101001101011101111010001110110000011101111011
011110001000110111010110011000111100001011100001110000101001010110100111010111011000100010111101
011011000110001110010000000111110011111011100100111100000001001100101000000101100011110111001100
110011110110110101110011010001011101010100111010101010000111101011101010001000000011011001010111
001111110100100000111001110001110101001000000111101000111001011100010110101001001111110100110101
100100111100010001110001110011110111011001010100101110010100100101001010100010111001010101000111
110001011100101010101110101101111010111000010101000111100010101100111010011001011100011000101010
001110001001001011010101101010100110000011001100110110100001001110010011011010010101011010101110
001001001111101100010000111110010110110010101111110100010011101000111110001110000110001100111101
010010111011010011101110000010100100110111100110110010100010011100110010110000110100000101111100
101011010101000001010011001101011000000011101001100110100000101010101111000011001001110111100000
110110111000111111111000101101101110111011000101111000011000001110100111011110011100000111111111
000010111111100101100111000101001100101111010110000000110010100001101111111110001001010010100011
100000110101010111100110101011101101000110000011010100011100101100111101000110101111100010001000
111110011011110010010000011001001111000011100110011110110110101000110101011000010010011100000000
010110101111011110111000100110111000000101101001001001011111110110101100010101110111110011100001
000100100000100100011101010110011001000100000000011100001111100101111001011100010001111011111010
111010001000010101111100110101010100011111001110101010001111100101110000011101111101010100110110
111101110101110000010101000110011111001100000111110111001011110110010001110011101001111101010100
100111100001101001000101010000111011101110111010111011111110010010100111101000110011001001111101
100110110010111001110010001110001000000001010010101111111011000110110001001010111101111001001111
111101111010011011111100101111111110111000101111111101100100101100100110001000000000010001110110
011100110011011100011000101010000100000000100000100100001100100000000111000110010010110010100010
100100111010111100010110110010011101111001101101101101001110000111101110110101110111111110101010
011011011101010110000100010010011011010010011010111110000000100110011110010110111100100011100010
101101110111000010011010101101011101001010001100000010111111111111110110000111101101010110100000
100101000100101000000000010010001111101000010011111101100100110001100100111001101110011011101101
111001101111010100010110000101110001110100110001010000010000101011001010110001101010011010101000
110110110000010001110011100010001010010111100110100111011111010011100001010000100001011100000110
011101100110110101101100010100001101000111001110111011101101010101010010011011111010101010011101
001110010101110100110001001100001011010100111100011010010000101110010010110101001110001111010010
001000010110101100110110000110000000000001011000000110111010010010101001011001000110111010101010
010101001001101110100101101001001000011110110001111101100011101110111110100100110011001001000011
100110111110001100010101011110100111100010001000111001001011010001101011000111101101010011100001
101100101001000111100110100011111111111100111100101010100101011101001111101100011101110101000000
001101100000100010111111011101111010110110111111100111000101000101111101110011111001111010011000
000001110011111110001000010100111010000110010001101110110011110101101000110011001000110100010101
010010010001010111011000000010111001110001011000100111000010101111111010010100001100101101010010
000100011101111101111010110001001100001101100101101111110010000000000100001010010101100110111111
001011111110111101111111110110011100001000010100110010010010111000000101011101010000011100001011
100101010001100101010101010000111010101011110001101010010110011111100110000011001111010101111100
010101110111111111110011000001100101011100010110011000100000000000110010001110110101001000101101
001100100011010011111001101100111101101100110011011101010101110010011010000011010111011001000111
000100111001101000100010011010110010001000110100011011010001001000100101111110101000001000001000
010100111001101100101011101101111100000010101010101111011110111000001011011101001111110100001011
000011010100010001010001100000101011100010101001101000111010000010101011010011000000011101011010
101010100001100000101101100000111011011100100100010001110111000111000111100000011011001100111010
000000010111100010011010100000101110100001101101010110011110011010000100110110100000100100110100
101000011000101010111000100111010101001110100101111101010101000011111010101111010011100000110111
011001111101011010111000111010111001001111100101000011101001011100101011110000100111001111010101
111011000110011110111000101000010100100100000011110011000010111100000001011010000001010000010001
010101110001001001101110111111010101010010001010111001100000111001111100110011010000000100010001
101101011110001101100000010101010101000100000100011010110111101011000100110011010010010101110101
111010110100111110011110101100100010011011011000101010110111110010000011000011110010101111100111
101101111011100011110100001011101110001000111101100000011101101011100111011000000000101110001110
000010111000101011110100110000111101110011000000111010011111000001101000111010111000001111000000
010000101000101000010100001110100111110111101100010000000000101110101011001000000001010001101010
010101111111100111101110000100111100101010001010011111010010110110001101100001101010001100011010
000110001010111011010001010000000001111000101100100110001110010010100000000101100000001010111001
110101001000011000000101001010100111101111001110110110111000101110101011000111101010010101111100
011000111100100000101100001101111011101011111100001000110001111011001101001110000100001111010010
100100010011101100110111101110010101001110100100011011101000101011110100001110100100110100101000
000110111110011011100110010011100111010110110011111111111110011110000100001111111100001110100011
001101100001100001001000101110011101001110110001111110000100001011011010101000000110011001011100
111110111100000100101110110011010101100101100000110101001111101110011010011100110000101111011000
010110011110010011110110110000011011011001100000010011100011111001000101100111100110001101111010
001001011110010111011111101100010101010000111001101011001001010001001111111000001100000011111000
011111001010101110111111011110000010101111110000101001111111100101100001100101111011010110001011
100011101100111111011001000010011010000100101100100100010010101001111101000100101010110011100101
100000010110101001001100011011110100110100010011010001111110111110011110100011110000011000000000
001111110111010100011101001100100110001110101110000010010101001000111110010000111110111100111100
000101111010000111100111001001011100111000000011111011101111101001100101001101011111001100100001
110011101010001001000100000101000001110100010100111000111001101100110000101001100000111100010101
000101011000101010110010011011100110011111100101001011110011101010110110101011101101000010001111
110110111110011111000111001010001101101101100001000110011110001000110110100110111000100000111010
001110010111001001101001101000101011000100111000110100011100101001010110100100001011000100111110
100111010100101110000111010010001110011101111010000001100011000000100011110010001010001001010100
111111110010110001001100100111111000010110111100110011101000000111011000101011010111110110001110
000101101001100101000100001101001100001100011100101111001010111110111111111110111000001110000100
110101011001110011000101101110111111001111110111101011100100011011011011000110000100001111001000
110101010101100010111001101100100111100110010110100110100011101111101000010001010101110010011001
111110111000110000001110100001010001101001101000010001111100011001110111111010111101011001010001
111111011001011101110100001001010101111000000010100010010000001000101101000101100001011001001011
100010101111001011100101000000010010100100110100001000000001001110000101100111010011000101010101
000100110000011101011000111101001100011100010011111100111100011111100110100011010110001001001100
110101010100010111010001110011100011110010000111010111000100110110110100111011010001110111000000
101100101010001000101111111011011101001000110101010110101011101110100011101110001011110110101000
011000111000011111110101010101001111101011100011010000111010111010001000101011101001111010110010
000000101101101110000111101010011011101110101000001111000001100110111110000111001111011100110001
001010011100111010110111100111000010101010011111011001101011110000111011110101000011111011010000
101110111011011011001011111010100101101000001001101110100100110110110000000101010000100101000111
000110101011011100111001000010111001011000101010101010100101011110010111011001001011000110000100
001010111011110000000010110110000101000000100010111010111111110101111111001101001000001111010110
000010011000110000100010101100100101111001001000011111110001010110001100100100011110111000000000
010001001101001010111011000010100001011111011001000001110110100111101001111111101000111100110000
111100101110001100011000101000011100011110110110110101100011010110001100000010110111000111001001
001101110011001100111010101111000011111011101101110100000001100000100000111100011111010111011111
110111110000100001001000111101101101100001110011101100011100010001101001111101101000110011011100
011101110001000100000001001101011101110011101101101000101000000101000010111010011100011010011110
000000101011001000000110010100110111001110111011111011111101010101101101110101000110010010111100
101110100101000101000101100100001101001011100000001111010110110111101101000111011101110111010111
000100110001011010101101000100010000001110111000101100110110011010101111100110001101000010101011
011011010000111000011010010010000000001101010001111001111000010010111010110010011001110011110100
111010110001010000111101001101001100001010101111111111011111101111110101001100001100010101111100
001111001001000100000110011100111001010001000001110110011101101110011011111000111111101101100100
000101111110010000001000010100001001110000010001011101000011000011111111111010111011110011010111
000100000011110011011100110101100110011001000111001111110000010011100111100001001100000011100101
011011101110010110100111100001000101001100000100010100000001100000010011010001000100101010010101
101101101001101000011110101010110110000100011101101100100111011001011010101000000011101010000110
111101111010100001111000100010011110111100110000110110010000101000101100001010111011100100100100
011011011110001110011000100011110001111100011101100110001011101010101000101110100101000010110000
101100101101110100101010110100100011010010000110000101000000110000101100010010010011101010001001
101001001110101001001101001100000011100011001101100000011010101100100110110110100001010000010111
001011001011110001011000111011110011001101101001100100101011011001111100001001111101011100111011
000100001011011000010110001001110010100011111001100111011000110000101000000011010100100110000111
101101110100100100001001100111110010100000110100010001111101110011101000111000110111110111001110
110000001011001001010001110101000000100010001101000110000111010111010110010100000110111000101011
110101111111001110010011101111000100011001110100100100011101010100100010110101110111111000001011
000010000101010010100001000100010011011111110000010110011010010011100111110101100011101100010100
110011110101101010111100101110100011011110111111001110111101111011111000101100011100010110110000
111010110110111110010001110010010100111100111111110001110100001011111011011101100100101011101111
100111101110010111000111001000101010011101100101101001010100100010000100100001000111111001011011
001111100110101101000000101100010110111010010101010101110000000101011110011101100011101110000110
000110110101110100001000101101001101110111011011000100111010100110010110100001110100011100001110
111000001111001100011010011011000001001101100001000011110100000000100001010001001100001100010101
100111010101100111010101000010101111010101100110000110100000000111101100010100000010111111010110
000001110100101000100100011000000011000110011110001000001000101011100110011011011000101101100011
000100101111100010100110101101001011100001100111110010111101101100100011110011101101110000100111
000111000101111010011101101000001000011101101100011010111111100110000010101100111000000001111010
000001111011101000010011011110111001000000111101111101110011001000000110110011101010111000101100
101000100001010011101111100010110011001100001001100100001011000010110011010110111000000101110000
010000110011000010100111000000110011100011001111000110001110101100110111000011110010010010011110
111110000110000011101100111010000111001101100100110000111110111011111000111101010110011011110011
101011100101111101011011110110110110100000001010010101101101101110000110111111000100000110001110
001100101000110101101010000010010101011011000110000011000000101101001011100111101001111100010110
111000001101110110010011010011000011101000101001001110100100011101000011110100001010001000001100
000111011001010101000100110001101011101011010010001101001000001010101011110001101110001110011100
000110001101101111111101110000101000011100010110100010111011000001101101100101010110111010000110
110001011110111001110100111101001011110010100011001100101110110000000001010011111111111000010111
010010100101101110101100000110011111110101011111010011111100101100100111101101001001010000001010
011001100101110101101110000110101111000111001110100100011111100100000011000111011100110101010010
111100000000111000100110110011001010100100100010111101011000110101110010101011011011011111111000
000101001001011101111011110101101011101100100011000010011000101000010111101010110011001110001000
111011101111100111100001011010011001000100110110000101111101110000000110001010001010010000111010
010110011000010100111010111011011001001101100100101100100010011010111000010111100111001110101111
010000001111101111101010111011110011111101111001011000001001100110110100010000010111111111101110
101111001101110000101000110011010111010110001100100111000010110010000100011010111101001100101111
011111001000110010011010100010001001110000000110000011001101011001000000111100110110010100100000
000000100111101000001000100101010110100001010111010000000111101100111111011100101000000110111000
111001101010111101000010011101011000111011001011010010110100001100000001001000011100011101100100
101110010001110101010011001110111100111011011000000100001100111110101011010100000101100100001101
110010000100110101010111011001111011001100011100101010100011000001000001001100010011010011001001
000110101110001110000000100100110000011110100000100010100011001011011011001001000011011011110100
001011011001100110010011100011010110011011010010101110100100110011111100110010001010111000000110
001100101000001110101010000000010111111001101110010000001000010000100110011011000001111001001110
110101011000011110101011010010111111111010101100100001001110111101011100000011100011100001110010
001011111111011111001001100000100101010100111100000001110110000011100110011011101110100001101001
000100000111110101111111001001100110010000011011101010100000111100011011111100100111101100110111
001011010101110100000101011111101111000011001000000110010010100010110011001000001011011101100011
100001010011001100001011001101100100100100001010100100100010010000100011001111110001010000010111
000110001001010100110111000111101101100101010110100000111001111001001110000010110011101110011100
011100000101110001101010010011010110100011010011010010000001110011010110000101000111101010010010
100001011110001110100101010100110010110011010111010010110001010001101010110101110001000000001100
001110100110000111100111001010100000100000000001111111111001101111100010111011101111011010110000
000111111001111111011000100100001100101111100011000000111010011001111000101110101100101011110101
100101001110011000000110110101101110101100100011101011111001001001010110111011000001100000001110
100111011001011000100011110110010011011001111010000100100001111000001100101011101000011011101101
101001101111101111101000111101001000100101000110010111011001000100100000001001011000001001101011
001010010001110011011101001010111111101100110011111100010010101011101001010000111111010000110000
111011111010110110010010000110100100100011011101101000110110111100100010110101010100001001100001
000011101100001111001010011111011001101110100111110001010101011001101010101100001110011010010111
110010101101001000010101110011100010011001100011111101000010110110101000010010010110011110001101
110110010110111000100010110110101111100110000110000011011111011011100001010101000100010110100010
110100011101001010011100101001100101000011001011101011101010110011010100011100001111110001011110
111000110001011000101111110100110100101010011101110010010111110011101101101111100000100111011101
101101010100101110000111111111110101100001100001000010010000001011011010100000101111001101010001
011111000000100010010001011010000110010111011000110110100101111110010010010010110111101111001111
000100110100101100001001111111010001111001110101100100111101111100110010001000000101001110001011
010110010101101111010111110000110010000010011110110110100100000010010010001100110000010011010110
000001010101101101001101111010111000100111111000010100111001111001101111011111111110110100010011
101001011100100011001111100100111101110100011101100100000101101110000100101101010101110011110111
100100010111010101101111110011101111010101001011000001010000001110000110110001110100001111010011
101101110110111111110000000011111010010001100110001010000110101111010010101111100100001100001010
100000000000101101011100001001101110100011011110010000000010100000110110110011011001101111111000
110110111100011010111001101001011100101011100010011001001100111101001010010101100111001000100011
011001111000110001011000010000100000000110000111101000111100000101111111000110100010101110011010
110001100011110110110011001110000011001110101001110010011000000001000111101111111101000010000111
110010011101100011011111000001110011011100100100101010010011101011101011110111101101010000000011
001101110100011100110110100100001110011000011110101101111111101101001011011010000000011000101100
001110011010110100000101100110111000001100101111011111110000101111110011101101010010110100000101
111001011110010000100100110000111000000011100100010011100101010101100000000111001010010010111010
101010111011100111100000010001001101000101110110100001101000000000100100010010100001100101110101
011101101100000011011101111011110111010000011010110101011110101011001110000110100111000010011111
100010110101001000010100010010011011101101001110110100011100011100001100011100100111001110000000
000111001010101101011011011001000001100100000101010101101010001001010000111001001111110101000011
000001010001111001011011111101000001101001011001010011000001011000011000000111000111011101000111
011111101001001111011011100110100011000110111111001010001010010110110011001001011000000011110000
000100110110001010011101100110011111111100111010010010100100101100100011001000000011111110110111
001110111000110011010000111001110111100111111100111001010011111110001111001110101010111000110100
000000000010000011011111100111111110001011011011110001010111011000101100101010110001101100100101
100001001010011111110111001010010111001011110010001100011100110101001111100000000110000000101001
011001010110010101100110110110011010101111111110100111001011011010111100101101100010000111100101
010110010011111000100011111110011001001100101000011101001000100111111000110101001100010001111110
110010100101011100111001111001010010001110010000111010000110011111100110000100010101001101100100
111100010011010011100100011100111011011011111111010011100110111010010101011110010100011111110010
110100010101010100011101100101001111111010011011100100011001011110010011010001010001101000110001
111010101000011010100110001011101011000001001000101100100011100100111011100001100011111000011110
110010110010011111010000101111101000000011011000101011011110110110100010111000000100110110011010
001000000101101001000100000000000010001011100110001011000100110010101001101111001010100010010101
010010111000111100110010010011000011011001111100111111001100111010100000011001001011100111110000
000111001011101011001111001010010001111001111100011111111011010000011010010110100010000010000101
100010011010110010110010011101110001111010011110000000010001001010100010110111110100010100001111
000100001010111110100111111101101011000001001100001111000010111100110101010011001000100101100000
101001001101101011111000001011111111111100110011110110111010111101010101111111001101110101111010
001011110101101011110000101101100111000111101001010010010000111101100010011100111111101101010010
001000101111100100100010110111000001111000011000011101001100011110010010100100000111101111010000
110101100010101010000010100101100000110111000100010011010100111111111001011111110001111001100010
100001001101000110011001001101100001000010011001111010001000001100011011010011011100111100100110
100110110111010111010011000000101110100000011110111101100100011001111101100111001100111011111111
101000101000000101011011001000000011001010101110000011100101000010101011111101000010110010110101
000100001010000110011110000110001110011100101001111010101110101110100111001111110000111011110101
101010010011101110001001010001000011000001001100001000101001110001000001100110110001111000101000
101110000101101001111110001011101101000110001000110110000101000001010000101110100011101110110101
101110110000001010111000110111110111101010110111111011101000111111110111011111000101001111000101
111111010010001110010100010001000110100010111000000110111010001011100001110010000100110111110111
101010110001110011001001111000110011011101010110001000111101110000101011110111001101000100010100
100110111111100000000100100001111111100001000001001011000100001101000000100011000101001110010100
000100000111001100010110101100001001011011011010100011111100010100010110011001110110000001001110
010001010111100011010011100110111000001001011101110111011110000101100001001011000100110011101000
110000010011011110100101000111100100110011100101110110000100111010011100001000110101111100110111
111011000000101111001100110011110110010111011101010100110101111011000101000011110110111001100111
100001000111010000001101011111101001010111010000111101100001100001100101010000011011000001100100
010010111100101001010011001001000101110010101011101000010011100110001000100110011001001010101111
101101100111111100011111011111000010111100010011100000101010100110001110110001100110111100111011
110000111010100111111110111001101100011010010110000101101001110101110100100110111011001110101000
100101101010111000111100101101001100111110011111001100001110100010011110111100011101001001111101
100110100101101110001101001111001110001100101111110000110111100101101110101101000011100110000100
011010001111100110001001001001001011010110100100000011001011001010011001100010001101011100111101
110110111001111000001011101111111001111110011010011011000001111011111011111011010101010101100001
000011100101000010011100101111011000001010011010101001100111001111011101110101111100000001101000
110111000111001011011101101000100110101001001001101101101110101110110101101111010000000000010100
101111000010011100110101011111011010101111010011011101100010001001001000110110011000011100001000
011010010001001011110100100110010101010101111010111110001000101010111000000111010110011101111010
001100101110111101110101001111111011010011111110010110011001001110101001100000100100010000110100
011010100001101011010100001010111010011011100011000101110001000010111111001001011001010100010001
001011001000110011011110110101110101111100000010101011011010110011011101001010110101100001110101
011100100001100111110001011001001010100011010001011010010100001001111110010011000010110011110111
000100110000001000010101111000000100101101110101100010010001001110011010000011101000110101001111
111000011110001000111111110110010101000000110100001100101000100110011111110100010011101101010011
010111111101001001010101011011000010110110101011100000111101100111001111011101001111010001110101
100101100111101101001100000101011001011001011101001100001111111100011101000101101011011000111101
010101010111010011011011100000000110010001010101011001100101000110010111011001110100111001111110
001010110110111010111001100111001001011001001001000010001010111101011000111101111011011010101000
111101111101101100010011010000111011000010110001001010100010100010100100011100100111100010001110
000111011010111101110111000110001010101100101001101011100110000101101010111001111001000001100001
101010000100011101000111111101110010111001101011000010011110100010010100101100111110011110010010
011100111100111010101111110011111110010111100000110011001011010011001101111110011001100100000010
010111110011100001101100001100010011110111110110111001000000100110101101111011001100101110111111
011001111100110100110001111110110110011001000010110010010000110010111011101100110100001100100111
011110000001001111101010001000000101010101100101100111101000010011101110000001101100110001101100
010101011011011100001101011010100001010111110011011011111000010001101010110100111010111100110110
010000000101101110111100010011111101001010010100110101001101011000100101101101011100110110111100
010001000101010011011001111111101100010101111011010111101101101111100001101101010111111000110011
110100010110100111110101010011100010001111101000010101010100011001100100001101010011000101101100
111001111110000010010111101110010110000001010010001110101000000000011101101100101111011010100011
111111001100011110100101101110101000011111110100000110100110011100110110100101101000111001100010
101011110001001010011001110010011100011101100001000010001000001111111001001111111101100001001011
100011111011100101110100110110101000101011100111000101110100111110010000110001111110001110000000
100000111000111001010100011011111010001001111110101101011001110100011010011000010101101010100001
010110001011111111111011110011110010001011010111000011001011110101111100100111001000011111001010
110110100011010010100111000101010011101011110110100011011000100101011001101011010110000011100000
110001010001101111000100000101101011110010101001010011001110100011110001001010001100000100110100
111111100001000110110011111111010111101110101011000001001010110011110001110101011100001001100111
010001110100111000101011011100000110011010110001111111101110010111111110000011111100110011010011
000010011101111000100101011000010101000000100100101011100110110100110011001001010001111000111000
110001110001000011000101000101101111001110100001001111000011011110001000101111001100011010011100
100101100011111000101000011100111000111101110101011011101111110000011110011101101101010011010110
010110011111110011100111000010001100111010111110011001011101111100110110001111011101010000011111
110001110110110100010110111110000011011011010100110000101111110101000000011110101100000001100101
000111110001010111100000111000010010010101011110001101110011010000100101110000101100010001010010
111011101010100010010110001010001010110001110010101000001001011001001111101011011101001111001001
110110101100000100010100100000100010110111111011101011011010001011100010111101101010000100111000
010010111001100010100000011000111011100000011010010001101100000000001110011010111010001000000001
011111111110110101101101001000101011000000011101101111100011001010100110110110110001000001101010
111111111011100111110010000000000010010110001111001100001000111110001001010011100001111000000110
011011001110001110101110110101001101010011101110001101000101111110011101101011101010011011110101
110111101111000101001110100001101110100000101101011001010100011111110111111111000101101100101110
101111011100100011001010101101011101001101000000100100001000001101000101111101100101001011010010
011100011100011011100000111001100101100110001000001101000001110100000100110111100100111100101111
110111010000011100001111110000000001000011011101110100010100011110001000001001110100011110100101
110110101010101000001001001001101110001010101101100010000101101100101111101011111011011001010010
101001001011001010000011100110101000100000010010010010000001110101100010001110111101100011011011
101011000010110100110111101010111111100101111010101000000110101111010110000000111100001110010110
101000111001001001100111111001000110101010000111101100001001110011101001101000001011010000001101
101110100000000111010010101111110011100111001000010111111110010100111111100010101100000011101011
100000101001100111000011001110111011010110010000011001100111101100101101001011101110001111110110
010010100110001111100010001000000110111101111001111110010111110110101101011011011010000100001010
100011000101101000011101111110011010010011110100110011001111111001000110111110101110010111101100
101010011011101101100010110101001101101111100000100100101011010111110011010110100101010100111100
100001100010101110110011010000010100110000100100110110110111011100110110100101010001111011101000
000010110100011111100001011000001001000100111011111011000100001010101001011001100100111001010100
101001110100111011011100000101101110110001110000100011111111110101010110101101111111010100100110
110110111100101100000101101011101110100011111010010000101010111100001010110001001010000111000000
000011001110100011101001110100001100011010011100111110100110011110100011101100000010111000000101
110111111000110000110100001011101111100100111011110010110000001011001110011001111001011000001000
110011010110100000110011011111011010000111101110111011010000000011001110111100101101101100000011
111110100100110101110110101111000100000001111110111110101000101000000111110101000100100101100010
011011010100100100000110101100111011000000001100000110110001000110010010101011010111110011101000
101001101101100100110110110001010100100110000000011000011110010011110110111000001011111101001100
101000011011001000010110011000110111011000111111100010111100000010011010101111011111101011011000
110010101000100100000110000100111110100110111100101100010010110110110101110001100010101000101001
001001000110110011100001100100101011111001110011100101101001101100011011111011100000000101111010
100010000011011001100100001101101111000011100001101111000010001011011110100110011001111110001111
011000111011100110101001010110101001101101101000111011100000110101011000111000010111011111110000
111001110000110110111001101001010010100001000011000100010111101010100011000110111101000010101100
001110110111111100110110011100101001000110100011111010010100000010010010111100011001100010110011
111000110110010000011001100110100000011001111010101110010000011000011110010111101000111000010110
100100011101000110001010010100011110110100000000110100101000101011111011000001000010001000000110
100100011001000010011011011101111010010010001111100011101100010101111010101011110100100101100110
010010011100110001001100110011111001110100111011100110101100000011100101101011100000001101111100
100011101011010101001000111101000100101000010101101110011000000011011000010100110010101100101001
100011001010000111110110000110100001001001111111011101000110000010000111010100001111101000011000
001100001101110101000001111110011000101101110001111011011010101101011010001011111001110110100100
101101101000000001110111111101111010000011010001111000100001010000100000011001100101000111000011
100001011011111001101100010001000111111011101110111001010011110110110001101011011101110101111100
111111100110000011010110101011101100010001010111010001111011010000010110000110110101010111111111
100111000000111110101110010010011100100011101000010100011111111001110111011001011000100010110110
010101101100101001010101101101001110101011111011110100111001101101010001101101011011100010101110
001011110110001100100111001000111000111101111011110110010100101111011011111011111101100101101101
011000011010110110111111001010111001111001101110000001000110010111011110001100011101011101111010
111001011000001000000110101110000101010100000111001010001100101101010001001011001110110100110011
100001010100110000110110010110100000011110001011111011110000010110000001001000011011100101110011
110101110001011110001011101011011001001111010000110011101001010001110101110010000010011000100100
011100101000010100000000101110110100010011110100111111001100110010111101110011111001010011000111
100001010101000001101101110011000111001110111101101100010010000110011110111100011011011111110110
000100010110000101110100011010000100101000111000010101000110011111000111111101111110101100000111
101111110100000001111001011000010101100101000111001011011101010100001111110100011000111011011011
101000110000111100100000111111001001000100011011110010110001001010001011100010111100111110101101
011111101010000001101100100011110010101010111001011111100110011010110011010101000011110000001110
100011101010001010100010010110100100111101010001110010011010011010001000010100110000110000010000
111000101010000101010110111010010000010000011000011010010101101001110011101110111001101001000011
100010001101110110110111001110110100011000110110001010100111010010100000111111100100011111101100
111000111100011111001110101101110001100100101100001110111001101100111001010000001001011111000001
101001110110111000011010011100111111011101010001100011000101001011001100100011010010011011110110
011011101001110010100111010111111011000011010110000111000011101111010100100111100100011001110001
010111100110110000011111101100110111111110110011011101001100110101001100001001111111011000100100
010101100001010110110001111100110111110110001010110000111101101110111101111111000010010001011100
001011110010010011111111101100111001110100110000101101101000011111011111001100101011110100101100
000011100111000001110001100001011010001111011100011010111111110110101001110000110000101011010010
100100011000100111101010100110011110110110010110001101000001000001111101011110101111111011010010
011111110010100001011111100011010011101100101001010011111011110010111111110100010001111110001110
010101111000011011100001111110101010100010010011100101011001010011111000110100110011001000110100
011011001010111000001001100111011101100100010101100000110001100110011111111010011000011101100011
110101010111001011111001011111101000011010111100001001011011001110100000000101010110011000101111
011010010101100011110100000000011011111001011011000101110001111010111111010010111010110000010110
000101111101011011111011010000011100101011110111110100111111101011100111111110011111000011011100
000101001101100001011010011101000111111110100000000100111101110001000010011110101001011111011000
000111001111111010010000110010001001001010011111010110000110111011000011001010101100010010011110
011111110100111111101011111110001001001000001110100011101000100101001111010100110100001100110011
011101010110101100100101011110001010111010110000010010010111000110001110011010110010011100001100
101101011000100001011011000100100110010010001111110100111000010010001111011000100001111111011000
011011101001101001001111100001001101010000110110101001110000111110110100011000110110010001011011
100111111100111100010010110000111101110111000111001111111000001001000000111000001110110111110011
011000101100101101001100110000101001101000110100110110000001000001000011011100111111111001011111
101010100111010101000111110000011110000100101101111011111111011111001111000111010000101111010011
100111110100001101110111001001100111000111000110101111100100111011000101011111010010111100100001
011100001011101010110011010101111101110001100100111101010100100001001110110100011100110011111110
011011011011101100111111100001000111110010101001110001010111000101001100101111010001011101111001
110000011111100111010001000001110010011001001001001010110100000011110011010110110111110101101101
110001011000111011101010011000110010101000010111100100000011001011111011100001101000010110000111
000010011111100100111001001011101001111100000111101110110000111001000000011110111111001100111111
110000010010110010110001011010100100110100100110110110110101101011111001000010111001101110000111
101011111111101101011000100001011010011100110111100101111010000000101001011110011101001001111001
111110000100111010100001100101110101101111011100101001100110110101000010011110111101100010010000
000000101011100011001100100000011101001101010000001000001101111000011010010110110101000110111100
111001010000010111001000000111110111111101101000001011101100011011010010101011100101100100111101
100001100011100100111001000001000101001100100010110110000000011100110000110011000010110001000111
110000001101011010000101100111001010101011100111001110110001111001111101011101100010010101011000
010001010101110010010010010110110000011010000100010011101010100000111100000111101000001001010111
011101000010111001011001001111000110101011111100110111110111001011100001001101101001010100011110
011010000011100111001101110110111011100110110100110001010101001111011110000111111010000011010000
100100111000001111111101010001010010001101111001100011010011010100001101011000100111001001010100
000111010110101101000100110100000101010010010101001100001010011101001100001000000100000101101101
111011100000000101000100101001011001101000001001100111110010101111101000110111010111001010111110
001010001110001110100001010110011001111110111010010101100111100001100010111011000111001100001011
010001101011110010101010001000110101100001000101000011011110101101011000111100010111010110101011
110110000010011000001101101101101000101000100101111110010110110101000010010110011100010110100110
010101101011111010001011101110001100111100000111011101010110001011110110111101111111101001011101
111110111111111100011011000000001100110110010011111000010010010101110001011101001111101000100110
101111010000101010001010011101110101010101000110001101110110000000101110100101111110011101110001
010100011110000001010000001111000100100111100001001101001000001001111100011001110111000010101000
001001100010111100010011000001100110110111111000001100100001010011001011010101011101100001011111
000011111101111101011100010111101101010111010111100000000111001101011001101010100001010010100011
101001111000001111111100011000001010110010101010001010101101000000000101110101101011111100100101
000010010001001110001000100100111010110011111001111111011101001010011000000011010000001010001101
011100101001000001101011110000100010100011100101010110101100010110001101010011011001000001011010
100011110111011101100001111100110111011000111111111010111110000101000011101110100001000100010001
000010000000011101011001111001001001100101011101000100100100011000100100011110011001110111001101
111100010010101010111010111111010111101000010000001000001010101101010101101001110111000100100100
011000011010110000110111111000011111100001100100110101101010110001000010001111110111100000101100
001011000010110001111110000010100000111010110111000011110001100111111101101011010101000101011010
011101011000101111010000111101111110001010110111101110100101100011010001000110001000000100001000
010000010011111100011100001001110011101001111100111011011010111011110100000100011110100110110000
100011011101111110100000110100100111101001110101000101110100001010100010000101100111101111100000
010110110010010000111010110111110010110100010101001001000000010110001100111001000000101100100000
001101011110101000011000110101010100101110011110000000011100011000011001111001011111101001110110
010000010111111111000111011001011100110100101001100100111110000001010011010001101101101100000100
001111111011000110111010010001100111101011100010010001101110111011100010010111010010011010001111
010100100110101011111110000000111100001101100110001100000010101110110110101010001101111110000100
001101101000100100110101000000011000001110000110100100101001101101001010101110001000110000000101
001011110111100000000111000111001001001010001110110000110101001011110110010010001000100000001110
111011001110011011010010011000111011100111101110101000100111010001110001000110001101010101011010
001110011110010101001000000010001011101011100001101101010100010110101001011110011000110111001011
110100010101000000100001100100111111101000110001110100100100010010111001000010001011011001111110
110111101101001111110111100110110001110100001010011101010101110101101000101010000110100010011101
000101010011101110100100011000100011101110010001001100101100010001001101110100101100010100011111
010011010111011110010100111111101111011101010110000110101100100101101101100110000110010101101100
111011101100001111010010111000101101001111111011000011101101001111001011110011101011000100001010
000000101010001011010101010011010001010111001011110010101010011011101111100100001000110110011110
001011110111001110110100110011000000010011100110110010010111100111101010111110111011111001010001
101111111000101000000001100111111010000101101101100000110010010110111101111000101101111001010001
011010110010110000010100011001011011001100000010101010111100010000100001111001010101000001101010
001001001011100100001001110010011110001101010011011110111101010001000000111001101111101101001011
101010100100100010001111100100011101000001010000110000011101110110011111010001011000110000000010
010111101111001101010010001010001100011111110101111101010110101001010100011101100011001011001100
111101000110110100110100101111000101110000100101111101111111111111100010110001011101111100000111
110011111110110010010010101001101101000111100000111010000100110111010110110011111011111010001010
101000101000000100110111101111001011010100110011011011000111011001110010101000010011111000001010
110010100000010011011001101101000101000010100111101010110000100011100110011100111011110110001011
101111111010001111100000010011000111111110100101110101101000000010110011011111111101000010101011
010101111011010010101000011010111011001011001111100100110100100000011001001011010100101000100101
111011010011100000011011111100011010010001000000110000010000000011111110001000001001111110110111
011111001011100100000100010001011011000100101101011000001000000100110011100101101010011110110011
001101000010110011100000010100000110001100110000110010000011010110011010110011000110000001110100
000101010111011000100000001110001001000100110001001011011100000101111111001100100111011011001000
100110101000000000011100111011110100100111001010011001100111001000001111001110101010100101001010
110101110110101000111110110011010000000110000000101110101110110011101010110010110111110010111111
100001101001110100001000000111110011110001011000001000000110101011111110011110100010011110100101
100001100010001001010011100001101000001011101100101100011000110101010010010010010111111100111011
101101010110011001101101110000001000000000111110101000010001010000001000101001101100000011111001
110101100011001101010010001010100011100100000010101001110001101111110011010100011111001110001110
110111000110000100111000101001101110010101000001110010101010001111011000000100010001101010001111
111000010011010000111000010011011011110100111001111101001100101001110111100011010010110011101010
101010001011111111110011011010101010101101100111000000010101010100110011111101101100100100010111
100001000010010011101101011010000000110110101011001001010011001100111100111010010111010111110110
100000001111110111000100110010101011110101001010110111100111000000001111000011010101011110101001
000100101101001000000001000100011001001001001010110011100000000111101111101101011001001001010001
011111110110011110010011111110011111111100110011010100011110110001010010011111110000001110101100
100111100100010101111010000011001000010000010010011111000001100100001011010110100101000000010010
001111010010000001100101100111011111010100001010010001001110111001010111110000011001110000100110
110101111101111111001010000101010111000111000111011110010000101101110010011010001000010110011001
100011100000001011101110011100100010000011001010100100101011001111111100111110001100110011111011
101010000010101101110001110110100011100000001100011000011110110100101010010001000010101000110010
011010001111011100100010111010010011001110001000101111000000000111111011000010000001001010101001
010100001001110010101110111010010101001000100100111000111100111001000100001110101110001110001011
110001101011110010111111010111001010011011011010110100001000111110001000101111111110110111011100
111010000011001110000001000000111110001101101000000101001101101111101101101101001010100001111110
111101100011000111101000111011101101010000010100101010001101110101000011100010001000100110100011
001110101010110000011111111000101100001100110110000001001001110101100111000000011000111011111111
111100010001000110110000111010010101111110010000011100101110110010111101100010111000101011010111
111000110000111101010000110011101111110001000111110000010110001110011000101001010110100111110100
110101111001001111111011110000110000010101011001111101000111100000001100011101011011101010110010
111101111010010100010000010010101001000001011111000100100010011001011101011000001101011111001110
010111110100110100111011010111010100110101011101000011101011101001001000011101010010001011111010
101000111001011100011101010001010011000101000100110001111100101000000010010010011100100000000101
101011100001011001011101010001101100001001100000111011101011111111100100101010111100001111101011
101101110010101011001101111110001001111001111000110011100100001010110101101001111000111000011011
100001110000100011101101010001101011100101111111011100011010101010101001101011001011100100001101
111100011000111000010001100110101100101011111001111000010010001100001010110001000010010000011010
111000110111110000001010100000110010111100000101110110101000101100011100111100011001001000111110
001001000001110000001010000111011001001010111000101110001011110010001101101100011110100000010101
001000011000111110001011000011011011101000100100000101011100100011001110101100011011110011000101
010010100011110000000000110001000000111110001110111000100111110011010010011100000011000010100100
101110001111000101111100001111100000010111001110110100100101111000100110110000111110110110100011
011110111001000100110000100001001100011110011110000110111101100010101101111100001110001111010011
000000111000100001101011011100000001110110111010000011111101111110010000001001100100010111110110
111100111100011011110001100011000001000110100011101101001101000001110010001100011001100110001011
011101110111001000100001000110001001111011110011101100110000101101110110101100110001001101001001
011001001010010110010011101110001111001101010111110000001000010100001001011011011011000100111011
001010111000000111100000010100001110000001101111001100000101100101100110110010001101000111010111
100111010101101100010001001011111101011110000100001100010001011110110000001000011011101100001011
110111011101010000010000111111101111011100101101011011000001110010011001100001001000111111001001
011011100101010000001000000111000110010100011010100111111011011011110000110100010111000101100011
110111010111010111101111000101111111101000111001010101010110011011001000001110010110111101100011
011111110111001110110101010111100000111111001110000110000111001111000111110011011001001101010000
001010100010001010010000000010101010101100110001101011011101101011110010001101101001011101000010
101110100011111000101011001010101101000000010011011100101101101101111010001001100100011010111011
001100110001111111001010111001001010000101100100001001111000101011010011011000011010101101100100
111110001001000010100110111100011001111101000111000010111001101100101011110111100111010100100011
110010101001110000000100100101001110011010001110001010000010110101010111000101110000110110111011
000000110001010001111101101100110110111001100000001100101000000010011111110000100101111011010111
100000000101100011010111001000001110011001111010011011101110110110110111010111011101000100011110
011010110000010101100011100000001101001111001110011100011110011001001001110111000011001110000101
010100111100000001001001111001001010111101010011000000101101101111100110001111010001011011010101
000000111111001110110010110111010101101011001111011111111011110111110001010100000001110101110010
011111101000111010100110100010110010111110100011101111111010001011110001111011011010100001111001
011000101001101000011000011101001100110110011100111010001010001011101000100111100010000000010000
101110100000100000011011100001111000111000110110010100001101001100101001100100011000001000000001
100110111100011110011111111111000000100001000111001101101100001000001011100111101100100100000100
111110110101011100001010101000110101011010001000001010100000110100011101000110000001100101001111
111011101001011011010101000010100110010101000110011100011001100001001001011010111001100001101000
010000111101100011000010001001001101010100011111011110100011010011101000110011100011001110011111
100111101110010101010110011001100111101111100110011110010000011111111111011000111000000011000000
011010111011010001011000100111000111100111101110010001111111101101001111001101100101000110110110
011110001100010111001110100111010101011001101010001101111001111111010011111101011000111000100000
100110100111110101011100000101110101011010011101000111110011111000001110101111110011001001011010
110100001111101111011011000101100000100101010011010001011110001011011000000100001111001001100110
111001100001101000000010100001100011010111111001011100100000000100100101110101110001111111010011
011111000010001100011110100011000000010010000111100111010101011000110110010101100111110100111010
010011110101001101001111101101111110010110001100101110100000111110010001010101001111011011100100
101111100011001101110011001110111001111000000000010011001110110000101010111011101010101011000111
111010100010101110011010010000000010001001111001111010101111110101101101111110001000001001011010
100101001111001111100011101010101110110011101001110011001101000100011011100111000110111100100110
011011100001110111011011000001111010101011001011001000000110010001100001011111101011011000111110
001000100010110101001111011011011010000110010111101111001001111011100000000001111100011011011000
100011111001101001100111000101111101100000111101111001001011100011111000001000101000000101110111
100110100000001010001000111011000111011111110001100101001100111011010010011111011100011100111110
110101101010101111001111011111111010000010101110000101011101011110110111010000011001110100001011
101111000101011101001011101010001111010111000010011000001011110000010101100110001001010111100110
010101110011101111110110100000001110100010101111000100010101100111010001010100011110011010100101
110011001101100011100100001101010110101011011100010011111011010100011100110101010111110100010010
111010101011100000110110001100001001000010000000111100100011001111011100111001001011001011000001
001011000011100010000100001010101101100000010010001101001000000111001101001110111011111110000011
110011111011000110011010110110001000110010010100011110101000000100000111101110110110110000011000
100101111101010010101000100010101000100011010101111010101100010011011011101011001001011000010111
001010001101111010010001001011100001101011010011001011010010111010100100010001100010110101110110
001101000010100111100101000111100111011100101011100010010011101100011010101010011001001101110011
111010111111100001001001110100111001001100100111101100011111001000000001001011001100000010111001
001011011101000010000110100100011110101000000001010101011010011000100011111010011101100100101001
111011000011001100000110110111001000000100111000101110101001001000011001010010000111111001010111
001010011001001001111111011001000110101111100101100000001001111101011110010001100111101010110100
010011000011111100001011100110001000000111111101000000101101101011000101010101001000001100100110
000010110101110001010000110001011101111101011000001011011010010111101010001011110011011000111011
110011001111111101110110110001000110001100000010011111100000101101010111000011110100011000110001
110101110010111101110010110101111111100001100100001001011100110110100100010000010001001110101101
010101000010101011100011000000011011001100000010110001011101010111111110000100111101010001101101
011011011101001010111011100111001001111111010101110011000011111000101010101001100110101100101001
011111110000111101100011100111110010101101101110011111101011101101110100111101110100111100101010
011001001111110111000111101000011100000011001000100011111011001001111001101101001001000010110010
110011100010100101110001000000000110111101100101100101001111111110100011100110001011000110100010
001101001001111101100010110010011001111000010100000011011011001011000011111101001110101101000011
111011110100000110110100101100101100111011110110010100010000110111101000110011100010000101110011
010011100001001010101000010111111000111110111000000111011111110110100101001001110001000100110011
011010010100111101001011101101011011010001111011100010011101100100100011111111010001111011000101
011011010001001011000011101001011011010000110001111010000101110001011001000001011111111110110000
110000000111000111100111100010110101000001011000100011110110111001011101001110011000010100010100
110100011001000111001001010110101010110111110111010100011100110101101011001111000001001100110011
000001010100100100011101010110000100011111111100111100000101011001001001011101111000011110011110
001100101011001110100110100000110001101011001010111010011011010100000010101001000011001000111110
000001111111111110011110011111000111100011001001111010100110011010111000010010110101111000111000
111010000111011101000100100001101101101000110111101001000011010010010110101000011100011010111110
101011001010101111100001010100101100110110010110010011000101110000101011101111100110000101100111
010000111011000110010110001111000110101000010110011011011101110011001110101010101111000101111000
011011100111101100100100001101111101001101111011111111111101110010000110111010010011001111001110
111010111101101001001101110010000011111010110011101110010101110101111011001110011100100101000001
111111111001101011010011100100110110001110100001000110011001101100011000001100010000000001011011
010111110000110001100010011010110000100000111110010101011000110101011000111001011001101011001111
000011110000111010010110000100011011001100110001110111111100000011001111110111101101111110001111
110101111111110111010001101111000001110101110100001011011000000101101011110010000110100100101010
000100100010110111010100001010011110010000100110011101000101111011001000000000110001110111010111
011100110111100000000010010110110100100101110101101001001100101100011010010010111111010011010101
001110101101001001010010000101101011111001010011001011000101110101111001000001111100110111100101
000011000110001100001101010000000101001000010100110101010111011111101100010100111111111110010010
111010001100110100111110110100011101101000001011111010101011011000010110111110111101001000111011
100001011010101110011001011111100111001011001000111011110001111101111111011000101000111101010111
001100111001111110001001100011001101100110100101010000000001110001100000101110011110010001111101
110001100110011110001010001011010001100101000010101100010100000101110001001011101001010010110111
100101101011001100101001111111010111110000000110110101111111100100101100010100111001100100101101
001111011101110010110111010100011111100100010001001100101000001000000000001001110100101010110101
111101001000001100100110011101000100011101100001100100011101110011110011011000111110101011010011
000110001000011011111111000110110100010101100001100101010010110111101111100100000000000011011110
010100110010110110001101111000011011101111001001001001000001010100111101001011010101001011010111
111110100001111101000010100100100110101111111001111010100110011001011001111001100000010000100100
010111110000101100100010110111111000010111011110101001100000001001111111110001101100111001111010
110001110110000010100011111010001101111011101110000001011111011001000000001010010000101110110101
111111010001000100000000000110000111000011010110110011101011000111100110110010100100101010101111
101010100101101011010010101101100111110110010011010101111111000010010110001110011011100011111001
011111101101100110101101111101111000110001110101001110100001101010110010001011011100011101011010
111011111000110110000000010111111110110010110111000000110101001001100101101110101101111111110010
110101111100011000110111111010000101110110001110010100100010001010011110001010000011010010110001
001010101100111111110011010011111011001001110010110101111001101010000101010010100110110111011101
010001000111111111000110011110001001011100110010101011101010100000000100011000010001100111111111
110100110010110001010010110110010100010000110010011100100001000010101010100100101001011100100100
011001010010011100011110000000101001011111000010011111110110000111010000111110010010011111101110
111111001100010000011011111000110001010111001011110111011010010010001111000111001111111000011000
110111100000010100101011011111100100000101101110110011000011010001010100100000110000011000111011
001000110001011111111001011001011111000011111011101000010111111100000011010010001001110111001100
011011001001000100011101001011000000010110111100101101001101000000011011000101110011101110110011
101000001101001010010010010100010100100101100110001101010110111011111110011101100001011001111101
100011100111100111100110111100000101000011110011110000101011111111100010101000010001100000100000
001000000101000100010010111001000001111101100110110111111000110100001110100010001110101010100000
010011110001111000111000100110000110010111001111101011111100110110011110101111011000100000011000
110101011111011110110001000010011101101110101110101011010010110000101111011010100100010100101100
101000001101100110010101110010111011011101101110001011001101011010110001111111001110010011110001
000001100100111010111010110111110010011101111100110001100010100110110110000001111101001101001001
101001101101100111110110011100001111011010111010101000011100011010110101010110010100110100111100
001101111101011100010011101011000011111100101001100101000000001110100111111000111101001111011100
100110110101001101110110010101001001110011111000111011000101101000110100110101010001100011100111
010111010101101010000101001111001000111101011001011100110110100001010001000100000001000111101000
111100011101111111110101110001011010000001100000000101000101101101000101010101110001110001110110
001010101010101100100100110001001000001011100000100110111011111010101101010010011000110101100110
101110110010011110011100101000111001110011110000010010001001000011100010100001001100101001011011
111001101101001010110111100110000110000000111000010000101110111001001101000110111100000111011010
010001011010101010011110111001101000010110011110000111001011011101001011000100100111001010000110
110000111011111110111100100101011000000101010000001001011010100000101001010001001110101110111001
000011111001110111110110010100011111101111111110101100001001001000001101110010011001100000101100
111011011110011001001011001101111010101000001110111110101101000111010101001000000100000001010000
101001001111010110011101010001101011001100011000111010000101111001001101110001100000101111101011
110011110100100010110001100001000001110011111001100110110100100010010010010011110000110111111011
000001010000110110011001110010000010101111001011000111110011000100001011010110111011110101100110
011101001111111010010100111110100110100001101100100100000100001001001110110001101001010000010111
100010000100000111010100010001000011111010011010010001111101010001110011111010001110000001110100
111110011100110111110010100110111011100000001110100100110000110011101100101011001101101010101000
001111010010001011101001101111101000010101100010111001001101000000111011000110001100101010111111
001101010100111001100010001100110110111101011011100110101110110111101010101011111000010010101101
100000010011100111001101100000001001110010001011110000011011011110101010111111001001001111111101
011011000110100111111110110010101101000011011010111111001000011100001110001111010011101101011110
101100000011110000110010100000100100110100001010110100010000010010000100110001111001111011101101
110010110000111100010001011010100000110100010110111011100010010000000100111011100101110011010101
100001010101001110111110001100001001011001101001011001001011000101110111110001101010001001000100
111111110001111011110001111001010001000011110110000110110111101000110011001100110000110001000001
111100000001110001010101011000101010000000100001000101001001010010000100100100000011011000111001
011110010101000101010111111011001100011100010111011000111010111010000101110011000101111010101000
011001011111110101000110101111011111011001101101001001111100011100110111110001101001011111110101
111100111011010111010101101111010111011111010101000111100101100100111111111111001001001001010000
101010110111000000111001001011111010101001101101111101111010001010110000101110110010010100001100
110000111000010010001101110001101000101010101010100111110010101001111000011010001100010101101011
001011001110101001011000101010111101100111100001111100100010001000110111101110111011000011010000
011111011011101000111111101010110000101011001001101010011010000101100100001001110001010000011101
101001110011010010110110001000010011000110111011011110110000111111100001101010110100000000000111
110111100001101110000111010111101011011101101100100010000000001110101111101011110100010000011001
010101001011000110010100011101100100011110111100000001001001011010111011100000100110001011110001
110011100010110110000101011011011010001100000111101100110111100110010111010100101111011110000100
000011000101101001010100000011000001100100111011100111100000011101110101010000111101001010111010
110100010100010100000100000101110100011111011011011010100101001000100010111100111010100001100100
100010110001111111011111000000000100011011111100110001011111110010000010010111010000011110011111
010010011101101010000110000100000001111110010000010010011011010111111010011111010111010101001110
111100110110110111010101101001001101011110011000011101001101100100110001001001111101000101101100
101111000011100100011010000010011010001010001110000011100111001000011000110101101001001111001110
110000001010111010111010001110111011010110000100111100010111001110110110110010010000011110101010
000100001111010001000100101011101011011100111110010111100000101010001000111010110010101011011000
101001100110100111011100111010010001001011100100001101111010001001011000110010000010111110111101
101001011100100011101101100000000101101000001110011010001000111110011110010100010010111010010111
011111110010010000101010100111000101110101001110101010011011100111000111110011111011111100101011
000000011011010000101111111110001110111010110001011010101100010101100110010110011010010111000110
101111000010011101000111110111110001010010101011111101110010111000101011110101000011100100011000
111011000000011011011111011010011001011010000111110010010111010111011011011111110010001000000000
011010011101011010000110010010011110001100101101001001111001111111110110111111111101011111010000
001101000011000010000111011010010111001001100110101000110111110101000100111011001111010110000111
101011010111100101101011010001011001010100010111011100101000101100010100010010011010001101000000
001010001001010100110001111111100000101101101110110010101100000101100010100110110010111111101001
011000000010101010011111001000100000001000111100001110001010010001100111110111001111011011010000
100110110110111000100001111101101011011001101111010010011100100111010010101100101010001101000001
100100001010101101101110001100011001001011001101010011101001111111110110100100111011111111110111
111000111111011101011010101100100110111110111101111111001010100011001111010010011000010000110111
000010010101111011101011100110001000011001011000110110110001001001000000100000010011100101100011
100100110001111001010000110001111110011111011111010010110110110000111111101010110110101000110110
111100100001001100010011000111101100111100010011100011001000101011000011010010001001010110000100
111110010111101011011101001001010110111010011000001000100011111011110000111101000101001010010111
101110001001011111001000100110011100110100111001000101011101000000100100101110111110011011001101
110010000111010001111111011001100110000010111110010101011100101010011000000101110111111010100011
000101110100111011010010001001010101111000010110101011011101110011111011010110101010111110011100
001000010001110001011100011011001110110111001111110111011011010110111001011011111001110000001010
110010101111110011101100010111110110101111100110010101110111010010000001100011111101010111111110
000010101101000110101000010001100001011111010111000111100111100001101110010101100000110001000110
101010110001000001110001001111000010011101011101010110001001011101110100111011011101101100111010
011001001010000100000101011001000010011000111110010101110001001101000100011111001011010100101101
101011111001111100011101111100111000001010111011000111101000001000100110010010101110010011000010
011011000011101000110011011000001000110110111110001111111000101111001100101011001101110000011010
111111010011001001100001010100100011110010011101101110101001010000011110011000111000101000110000
001110101100111100011101001010001001011001011100110101101001001100111110100111111110111100110000
110111011100111010111100111010011000010111011100101101111110000011000001111011000110000011100001
010011100101110000111011000011110000001101101111100001010011100100011110101011000001100001110011
111000110010001010111011010011100101000001001101011101001010101011000001110110000101000001000100
000101001110011100100110011010111001100001011110111001011100000100010111100010001111111011110100
111110010101100110001001010111100001000011110100001100110001110000111010110011111010011001101101
101100010100111001000101110011110100110011101110111001101100000001001001101011111111000001011101
000010100100101110010100010111111011000100010010010010110001010100110110000110110001101100100100
000101100110101110110111110001011000001101011100110011001110100101100101111101101100100001110001
011110000100000100101100011111110111010101010001100011101011111001000010101100101100111101000101
101101110100101000010101110110111000100011010001100110010101000111101000010100001000110111111101
111010100100010001110000011000110111000000010011110001000110010101100001010111110001101100011000
011000110000010101000011001111001011101100100110001010011000001000000000010001111010110010101010
001100011011100110001010101110000011000001000001110000101000101101001110100000110111011000111110
000100101111010011110011001001011011111011100101001100001000111010111110001110001010110010100101
100101101011000001101010111001011100100001001110000011101011010010111111101100111011110011001101
110010001000001001011001111000001100110010001011000100101110001101100000010000001100001010100100
111011100111001100110000000010001000000010110111110110111010000110110100111011010011101101101110
000010111110000011011101111100001000110000111010110110010000000001011101110111101010001000001000
011001101100100001101011100111100100111101110010010001110010101010010010010111110011111000001101
101111101110011011110100000010111110100101100110111101010011010001010000100101100111101000000110
010101111101000100101011101010011100100100011000100101111010100010010001101111110111110100111011
100101011111110000001011000110010110110001101001111100001000110010011011000111110001111100011110
000111100111000001011001011110100011001001110111010101010111000110011110111010001010101110111101
010000010100101100000011110010010111001111101001010011101000111110111111000100000101000010110001
