000100101101011111001111010010000001011010101111111000000010100110001001010100111011111101101100
110100011001001111010100000011111110011110010010111101101001100111110010100111101111101100001110
110011001110010110101011011000101011011001010111010110001011011010001111000111011100000010011111
011010001011001101111000101100010001000101010111101001001100111010100111101001000111011001111100
100010001000000010001100001101000101000110001111100001001111001101100010010001010010110101100000
000100010010010010010110010010000000100000111101010001111101111010100111111110011100111011001001
111111010011001001011111111101001000101101101110001110000110000100000111110010011101001001000011
001111010000100101111100100110100000011001010000001010001110000111110100011001101100010001100101
111101110001110101010110001101111000011101001000001011010011010110010001110000000100111010101010
100010001100010100110000001001110011010110011000101011111110111100010101010101000111010010100111
110110001101111001110011000001010010101101000011000100010100111000010110011011001100100101111111
110010101001000100100000001110101001111011001110001111000000000110111110111111010010000110111011
011011000101100111000010100010101000100100100110001111000011000100001110101001111001011000101111
101001000100001001000010101001110101000111000101011011011010100100101011000011011010101100100110
111100100000111101000000001011000111100111010000001000110110010011101011011001111010110011111111
010000100101100111001100001111100001101001001111001111000000100110000100001011011111011011101100
101001100000101000111111000111101101010011100001001001010010010001011001110011111010000011010100
000110000110010000110100000101000001101111110100000011001110110100100011011010000011001100001010
111100000101110011111110001110101111000001010001001011111101000001001101110000100010000110100110
001001001100110001011101010010011101101111100011100101000110101010000011010000101110010000001101
110111001100001111011111010001110001110001010111110011001110101100001100000000101111100010100001
111101000010110000000010110110010001100111100101011101110111101111001011011111010010000010010011
000110100111111001001001001110111111110001111110011100001110011111001101010100000011110100000001
010010010110000000000011000011001111011001010010000111001111010100010101101111010011001011001011
010100010101110000101100011100000000010011111101110110110101001001100011000100000111011110110000
001110110011111010111010011010010011101000011100110010111110000110010101101010011010001000001100
110001011111011110100110111000011110011011101101100110011010100011100100101010010100011000001011
110110110110111111011110011011001000110010100001010111101100001100111111000010100110111111110010
011101101110101101101011000111100111101011011011111100110100110001100111111110010000111000111011
111010100100001010001100101000111001010100100100111001000000110001110110001100000111111001111111
001000100001001101100011011010000000010101100001001000110010111111011100011111100001100010001000
101111010111110001101011101101111100010001110100000100101101111011101001101100000001101110010010
011011001101101000011111110101000011110101001011001010011010110100000010110100000001101111100100
010101011110001110011101001011100000000000100110000110011001111010000001100111101110010100011011
110100001001101101100111010100000010110010101011110011001001100110111110011001110000010110011101
010011001010100101110000010011010010011011010010100011000000100110001000111001001001011001010101
100001111111010100011010001000011001100010100011000101110100111001010000010011010011100110110011
000110101010001100111111010000011110010100000101101111000100100100010111110101111110111011011010
110110111011000101010100111100001000110001110101111100110001010100111110100111101111001001101000
110111011101101000001101000101110011111000011111110000010111000001000010111100110011110110110111
101001001100110100101011111011101101110010100011101111010000100010010011111100010110111100100011
011010011010111011000111011110010010010111111110011100010010110110101011011011001111111010101011
001001001000101011000000101100110001010101010000101000100100101110110000101001001011110011000011
110111000111001001110101110000110111000010001010110010110010100010100000101011011000011100101001
001100010111000000101111110110001010000100001001100110110110001011111100100101000100101111100100
111110000001100111011101011000000100101011110110001010100001110000001101001011110011001101001111
001100101101000001000100111101111011000011011101001011110010001110100101001101000000000011100010
111010101100101000100111000011010100001001011001100010110101011001110001110011011001011101101001
111001011011110101110010010010000110010111111111111111111000110111100111110011000011001110111101
111101011001000101011101110011011101101111001010101111100101111010011010101010100001110101010101
100001111010001011110000001100101110000001000011110010010111001000010100010100011111000001010101
100111011100010011110100010000001100100111101010110101110101111011101101000110110100111001111001
001100011100010001010001111001010000010101000111110010001010111001101001011001101111110011110000
111111001100011111000011110100101100101100101000100100111011000110110001111011001010101110000110
100100110000101000111111101111000001001000111001111001110110100011011001011001101101011100101101
110110011000000100011000000101000011001010011001010010001010100110110111100010000110110010010101
000110100001100110100110010110100010101010000101110000010111001101111100001000000110010100110111
111001100010000111010000011110111100100100001111101101010110111111101011001010010101100010010101
111001001001110011010101101011100111101001000110011110110100001110110111011110111000000011010110
110100101000000000100101110000010111111001100111100101010110110111000111010111110011101000000100
110101111100111100110000011101100000010100001000111101000110110010000110000110000001011101000001
000011101101101011010100011010010100101011101010001000001000111111011010100011100111100100100001
111000010000011000000011111010101010011011111011001000100110110101011001100000110010011001100011
101000101000000110010101101101100000010011000010011110010100111000001011101011000110101110001111
000000110111001011011100001111110011101010000111110010101101111010101000011001111111010010011100
001010111001101111010111110010110011001100100110011110110010100011010010101001010000000100110100
011011001000111101111000001010111001100001011100100000010010010011010111001110111011010110100110
000010101110101101111100010110001001111011110100110001111110000001010001010110010110001010111010
011100001001100011011010111011110001100000000010111101010000001010100111000111011110000100110110
011000001010100011100111011111010110111000110100110011111000011101000100000110000111100100001110
111101011001010001100101010010011101001010100101011010010010000011001100111000110111101000110010
110100110100001111111111111111101000110001000111011010011001011111100100001010000100000111001011
010100011101100100111001111010000100010101101011001101101111101001000101100000100101111001100111
110100010111111011100111010110000001100111111110010000011001110000011001001110111100011111110010
110100110100111101001001111010111101110100010000011100010100111111110100010001110001101110011101
101101101000110101101011011011001100101101111001101010100000110011111101001011101000100111000100
101000001000101000000000000110011100001111101001000010110100100010100000010100011001100011110010
100000111010001110111011111000101111111110010110000011011100110100111010010111100110100000000011
011000011011101001100010010000101101011110000000010010100000010011000010111110011111101111001100
010011001100111110010111100111110010000010010110101100001000000101100111000001100110101010101101
001010101110111010111000010101010011011011010100011101110011110010000100001000100010001100110011
010101000001111100100111101010000001100011100010000101010011101100111010111111100011111100011100
110111110011001001100000101000100110100001010100001000000100000100011001111001100101111100100010
110000101111010100111001011010100001010110110111000010111010011111000101001100110101101010100110
111111001111001000010000001101110001111100100011010110111100010110100101100010101000100100010011
111101000101111111000000110000001101110100010111001001100110011111101100110001101011001111111011
000011100001111111100111111101011000000101110011100110000101001111101101000100001111000011111101
000111111001010011010011111011010110110001111101011001111101000110000101000010111000110100110001
111101010010000101101100001110010011100010100101101001101010101001111110101011011101010010001001
110000010110101101110100011011100011100010011110100011001011101010010000101001000111110011100100
001010011011010110011010110011111111111000001111101111010111000100111011111111100011000010001100
110101000111010010110100100001101001101011011010010000101100110101101111001000011000101010111101
000010110000111111011100000100001100011101001110010011100010111110010110111001100011101000000100
110110001111000001000011110010010100111110110011011010001010000001100101110011100110010001111110
111100101101001001000000111001110110100110000000100010100001101101100000010111110111010011000100
100101110010001101010100110110011001001110110000110011010011000000111110100001110011100111100100
000101100110000000110101010000111011110011100111000110111011011101001110010100010111110101111110
100111010011111010000110000111101010100010011000101001011110000000010100101000111100101001111000
010010101000111010100000100000010110001011011110011010001010010101000111010101001110101111000010
010111000011100111100000001110110100011111100100010100101000100110110011011011111000101010100111
111100010100000001010010000000010111000000111011100101100010000000101000111100010110011001000100
011010010011101110000110000110001001110101000100100011000011001111001110110111100100000001010101
111110100110001010010100010000001001111010011101110001101100100011101101101000110101001100011110
101001101010000111010010101000010110011111100111110101111000110110001000000101110100011000100001
000101111001110010111011110011010111010000101100010000010101101011101010111000101100010001000000
000001100000011110101000000101011001010011000011001011110110111000101101001000101101000110010001
000101011100010111111101001000011011110010100101110001110000001010000111101011000011101000011011
010101101100111010101110111010101001100101010000001101010111001101010110100010110000000110011111
001101100111100000100001011110101100110111011100101101110000010111001000011000110001100010111111
000010000110011111000100110111010011011101101110111100101111000000100101010011011000011011111011
001000000111101110011111000100000100001100111010010001100101001101010101110000010100111101000111
000010100110010110100100101101011111111010011100000011101111010111011000101011111010001001001110
010110001101110010111011001011010111011111111000001011101010100000110111010011001110000010111001
001010011010100011110101011000110010000110000101001101111001001010101111011101000110011000111110
001110101101101110001001001011100000000000110100101100000101110010000111011110000011000100110111
001100100010111001001001111100001101111101001110011101010101001011101100101001000011101100111100
011010110111110011000100001100001101101010001011011100011101100000111101100011111001101111110101
110000011100011111010000011111111101001010100100111001111011010100110010100100000011011000001100
110001111111010100100001111000011001011100001000110001111001100110011101001000111101000000100000
110110001001110010010100110011100011100111011001011011111000010011010011101101110101010000011001
000110110101110010101111100010010000000011110000010101110101001011010100010010000100101100000101
000010001001100111101111110001110101110100111111011100010010011111111001000100010101110011110110
000110010011110001010001100000011010010110111101111100100101011100001111011111111010010001011001
101111101010101100111110110101001111111111001010110101011100000111001001100010100110011000100001
101010000100101011011101110010010010101000110000111011000001011100000110111000001101111000000111
110000100011010111100100001000000110010110110000110000111101011010000000001011101011110110111110
001001101010101101011101000110111100000001100000101110010011111111111010010001110010100111101101
100100001001100111100000101110110000001111000101010110111001111010001111001000000111000000010001
011101100111101111111101101011010000110100000110101000110110000110110101000011001010100100110011
110101100111101110000101101101101001101101111110001100011001011111000000001001111101101000000110
001111111101011011101000101100111001010001111000001100011101110010010101010110110110001010101100
000101101011110101000000100000000001011101100011011100111010001101101110010011011000101111110111
100100011110000101101010000010110110100011011011111101010100000001001011101011111101000001010001
000100010110100111001100001000110000001000011101111000010001100111001011001100011001001101001010
100000000000111001001010111101101001011001010101000110100100001001000001011111010000011010111110
101100010111000100111001011001001110011000010110000110100011100111011110010000110000110101000011
010111101000010010010100001100101111100101010111111111110000011001100111001000110100000101100100
110100001001001100100000000111111011001000001010101110001010101001001100010000111000101001101001
110010100100011010100111001001010010111001101101010010101110010110101000001010110011000010111000
000101101010000101110010011011110111001110011110000010110100110011101010111000100010111100000011
111111111111010010000011101011110011110110011001101100001111101111111010001000011100111110011110
100100001011100000101110010000001100000000011101101000111001101001001000011011001110101111011111
010101101011111111100111001111100110100101101101101010100011110011000111011001001010001000011100
000000111110101101010001111111000011010011000011110101111011100110001101101101101110000111001010
101110001101110001010101111010100000011100111011010011011000100111101101010000011011000001101000
001010001101000001000010010110010100110111111000110110110010100011101111111110110101110111000110
011101110000011101110111001100010010100010010111000111110010101110011111011101111010001000001001
011010110001011001011100011011110001110011011000111100110100000011001101011010010110000011101001
001111010111110111110100100001100101110111010100101110011101001010100000101011001101011010011111
010001011010001100101100010101001110111001000010011011000101010110101010010001001101110101100110
001111101001100000001110101101101010100101100001110100111010111000011101001101000010101110101011
111000011011101010110000111011111100100010001010101100110110100111011101100001010100010110110010
000010100111101011010111001110111010011011010011011010110100110001100010100110011111111101100000
111101000011111000100111000101001000010110110001001100101111110110100010111101110010111010011010
110111010100000011100101100110111100111010100000100100101111111101000110011110100000001110011111
010110011000001100100011100011101101101010110110000001101101100010001001010001110101101001000101
101101110011101010001001011001100010010000000001010000001110001111001010011000111101010111001101
101100010001000000000001101100110101011011000111101001001001000110100110011110001000110000011011
000010111010101101110111101111111101010100101110110100011010110001110000110011010111001001100001
100111000011000011101001010111110010111110000101111100010001000011101101001010010111110101111100
110111010100001101010001110000101111010011000100101111011000101111111001111100000000011100111110
100101010101000101111111111001101000101110100101011101000110001101111011100111101010000101010111
111100001000000111011100001100010000100101110100110010110100000001101000010100110100110101111100
011110110100101111001110110110001000111110001001001010111000101000111011101000111011001000000100
100111011101100111111101111000101010100000000011111100110111100110101001111110100000110100001010
110110001010100110111110100101001110101000111011100011000100010000010100101010100111101101111101
100011011100110111001001010010101000001011011100010010000111100001001011111001011010111110111111
000000101111001000010010100010100100111011011010100100001000101101011010110110011101111101010100
101000111100001100100000100010010010011101101001011001000101110111111110011000011111101111001001
110000001001111100100110100001100111101010011000010111000101101010001000100001010110100101011111
110111111101101000000000101111000000110111111000001101101111011111010000000100111001101011011110
110010101011110000100001000101100011000101000010110011110110001000010011011011010011000111110011
100111001000010111010010000011010011110101001100111010000001101000011110110000001101010110000111
010011010001001101110101100110011101000010011111011011101001101111011001001011100011110001010111
001011110000110110110101110110100011001000100100110101100001000001011101000101000001010011001000
101000000101100100101110101110001010110011100111101111001000110001011000010010111001001010011100
001110111000101000001110001011101101101001010010000011010010001110111101000100011100100110001101
010100111011111100101101000000111000110000110000010001011100101010100011101111110010001000001110
010110011011010010111010111100001010010101101011011011100000011110101001101001100100111111001101
100111111110100101111011011100101101111110011110110011111111110000110010101000000001101011110100
111001111111100001010100100001101111111010001111010001000001100101101110101000011011110010001010
000110001010011111100111001111011011111001010000011111011000000011101110110010000011011000011011
101011111001100001000011011100100111100111111000100001001110111110100001010011011110010010011111
001011100110001001001011011101111111010110011001000111111011110001100010000010100001101101110000
000000010011101001101100001110101011000100011001011000101111110101111001000110111000110101000001
100111111001001100100010110000101010100111010011111111000101010001010100101001001101011010110000
100000001000101100010100110111110000100111001110101101000100000111000100011110100111000111011100
011111011010101010010110001001111110001000010111010111011111100101100011010011000101100011011001
001001011011101101001101101111100101011001010100010011011011111110110111001110000000000110000011
100001000111000111000100100000010101110011100111110001100110111101111111100011011010110111000001
000101010101111101111110100000010100001101001011011101001101001111111011110000010100111000000100
101110100110100010010101111110101011001001010111100010100111010000100010001001001011101110111011
001011000000000101111010000000111101110111101110000011100010001000110100001111101100100011110010
111111100000011101011000111001111110111100001011111100101000111010110000100101000011011110101100
101110001001000001001011001000010111011111011101111001001110000011001100111010110000100000111010
100110110110000010001110011011101011011000110010110000111110011101100001001101000000110001110010
100010111010100110100110001111110001100011010010010101000101110110011111101100010011110010101110
001101010011101000111110100010100111111000000000100100001101111000010001010001111010101111010011
101101000001011000000000000111110000111110011100101111000110111011101011000100110001000011011011
001000011001001000111010010000001110010101100110010010011100101101010110111100101111011111010010
111100011111100001011100100011111110001101101110111101010011101101000010110111110100100011111111
000100111001000110100010001100011010011010011100000110011101010100101010110100000000010001101101
011011001001010111011111001101010110000101111111001000100001101110100111010111111010011111100010
000000111011111100000000110101010100100100101001011110111011110001100111101100100100010010010111
001110000111001111001100000111100111001001011100111011110011011101001100010100101101101011000101
010011110100000101101111101011110101100001010100000110101011010111001011110001000110100111011100
100110110110001110101101111000010111010101011100000110110100010001010110110110101011001001010011
001100000111000011100100000110110110001000011001011100010100110011011001110001010110100111101111
100000011111111011010011001101010001011010010101010000001101010110010111111010001001010011100011
001010100010101011010010010000011111011000111011110110011011111001010100001100000010111100100001
001111010110111011000000111101111011100000101101111100001110001000010000100011100000101100010001
111110101111010000101010100101100101001011100000010011100100001100011000011011100000010001011011
000010011110011110001101101011010010100111011101111011001101110010001110111101010000101110000011
011010111101001111011111101100001011011111010010001000111010101101100100011101100010001101010110
000011111110011110011110010110011111000011001011010001000010000100100011110111101111111011010010
110101111101110001111100110001010100111010000110001011111110111000100011111111000110101100111100
010101101011010000110110010110101010001101100001111101100101110110111001101101011010100110000001
010111100110110100100010110001110111100101001001010001101100101100100111000011101001000010010111
110110001100010100101101010001111001101000100111111001100001001011100101011100011001000101011011
100111001001000010010000001111011111001011011011010110011000010110100101010110001101100101110101
010101000100011011010011000111111100000110011100110000110010010101100001000110000100110111011100
111011110001001010100001101010100000011100000011111100100101010000111111000010110000001010111000
011101000111101000111101110000111000011011011111001011101011111100101011011011001010101101001110
100010100011010110100001001101101010100001101111101001100001111001011000100111010011011101101000
010010000000000001000000001101011100101001011011011010111111101010110010001100100111100011011100
001001111100011001010110101100101100010001100100111101111000100011110010100000100010011011010010
110011110111111110000101010100111001010010101111001111011000000011010010001010111011000000110000
110111100100000111110111100101000000011101000011011100100010001011111101011001101010000011101000
000110000011010100001010011001010110011100000010110111100001101010100101110011101010110101110001
110101101101010001101011111000001100100010110100011001111110110101111100001000001011000100110001
101100010111011111110111001011100110011101010111001010111101110010001001111111100011001111110001
100000001101100101100100001101010111011110110000111101001100001101101011100010110100110001111000
101111000001101001110011101000111000111000101011100101000111010010000111010111010101110101100111
110000001110101101101010100000111010001110010001100011110101000001001001100010100001001111000111
000111001101000100101010100100100011101110001000001010010100011110010101000011111000111110111001
010111101110000111111110111010111100011101110011110100111010011001100101111011100010001001001011
001001010110001000000000101010001000010110000010000001001000011100111011001000011001110001111001
100001000010010000001101000111010100100100111010101101101010000001001001011011111100111010011110
111110000011001001111000000111101111010110111101001100101000011000110001001011000000101111000001
001011111101001101001010011110110100101001011011001110010110000010001001010101001011110001110010
001001111100001001111011010011000100111001100100001100001000000100011010011111100011101100100101
101000111111111010111110011001110011110101110010010101001000001010000101100001110111000110110101
111110000110011110001010110100011111010001011111010011001110111100100000111100000101011110101101
111001110101001111001011001001101011010001111111011101101101100001000010110000110011111100010101
010110111000110101101010000101011001110011010110010011110111111111100011010100100001001001100011
001001000101111001011001111100011000111100011101011101000110010101010010111101001010101101011101
010011101111001110111000110001100111100000111111100110100011001011100100000001101100000011111111
100011001110101111011100011001010011101010110001000000001100111111110110000101100010100010011010
111010011011010100000011110000001100101000010111011110111001100011010011100110110010111011000100
111000101010011010101101111011011010011100000111110101110111110001010001001010101000100100011001
011010100011100111000101011010111011100101010010010000100101101101110000100011011100011110101110
000010011110001011010001011001100011010110101011101111011101010000110010010110010001001101101011
000101000100111010000101101100000010001101101001011111111011101000011001010110110000111101100001
010100101111100100111100110111001110101000001101011000010001100110001010110001010001000010000101
011000111100011100110101000001110101000000001001010101111001001010010110100110111011101111010011
110000110100010101100011111111011101000110110111111101100110010010011000111001101001000010010100
100111111010001001110111101101100110100101001100101001101000001011101001101001011010101110010101
011111101000001001000100101010111010000111100000110010011101101010010110000111000011101000000001
111110110010010110001111001010101000101100000100100110110010111000011001111111011100100101111101
110000000010000101011110111011011010011111011010000111111011001011100001100011010011100001100110
111110000110010111011110101000010011101011001010000000110100011111010110001111001011110110110010
101000101011011100001100011000011011110110100010101001010011010001001000111101010101111000100001
111100001111100011010101101101101011011010011000111000111101100001010000110110011001100110000011
110011000000100011100000100100011101001000001001101101000110110110101101001001011111111001011000
110111100011011111000111001010011100010010110100110011011111101100011001111111110111000110011111
001101010101011111110101010101000001101010111110111111101011000001000100010001000010011110011111
000010100011110110011110011111001110001001001011001110011011111000100110111111001100011111011011
000000010110100111101010001110111000100010001111000001100111101100010001001001111001011010110100
000010001100011001000110011010101111001011010001001000111100000010111110010000111011000111111001
100010001110100100110010000001011100100011101011110000010110010000010011000000100100110101101010
100111001001110101010100101010001101101001000010101111101000101101000101101101010000111010110000
111011111001100111011110010111101110101100101001010101100101111111001110101000100100001101111111
010101001010101001011001001100011010011000000101110010111000010101111000011001111001101001001010
110000011001110010000100001011101101111011000001100110011011110011010100110010111101001111011010
100100011011010111100110000000110111110010001111011101000000111000100111010110111011101001110111
010100011111010001010001010001011111010001001101001001110101111111101111001010001001111001000111
111110111101100001111011001010101010000011101000001100100001101011011000011000001110101010100001
011100101011011000001100000010000000110110110100011111100011111100100111000010101111110110101111
001001110000100100110000111000010110110111100110001101100111101010000011001011001001101000010001
011011001001110011000001001111001001010010111010000011111100001011001101000001000010110000000110
110011110101110010110111000010001101011100011010011100111111111011001010011110000111101111110000
011111001011101101101001111110000101000101001000101111000001101100010001011011100010010001010000
000011101011100100010100111101001110000110000101011011011111111011111011010101111011100101110010
010100011100001111101101110011000000010100111011101000011100100000101100111001001010010101110100
000101101001100101000011110110111001110110000101101110011000010101001000001111100010000100111111
010010010001100100010011111011000010011110111101111011001000110101010010000110011010011001010111
000001110010001111111100011111001010011001011110010111010101100010010000100000111001111111000101
100010110101010110101111100101100100111001010000111111111001001100111101100111010101110110001001
100101111100001100010011011100111001011100010101100100001110000010110011100001110011011101100110
100000100000110101110111001010101010001111011111010101011101100101000111010111000010011001011101
101000001111010100111111000100111010011000101011101100110101011000010000101011111010111101100010
000101101100111111111111101011111000001111100001111000010010010001101100100111111011011000001111
000110011101101110111011100011010001111000010010100000100100101111011010010100111100000001110010
101010100100010111011001000011101010000010101101111010111111110100011101111011011110000001001101
101101010111101111000101110000100011001001010100000011110100100100100001001110001000111101001011
101101110110001000111011000001010101111100110000001100010110101000110111001001110101111011110001
011001100010000010011111000101111000010000010101101100100100001000011010000101000100110110010100
111000101110110011111010000010000111001010101110000010101000100100100000110101111010001100011101
101101011011100010010000000001101011011010110110001100001000011101111110000010101001101011101011
101001000110010000001010111010111000100100001011100111011100100111101101111001100101111010010110
110110110111000011001100100110101111100111100110110011001110100000111010011001001001000101101000
111011110011101100010010101110100011110001100001001000001000100010010101111110100111011101001111
111001000110000111111111000010011110000100101001101100100000101110111000010110011001011110011000
111110001111001111101001101011000101001100000100011111000111101111111001011010111001100000100101
011011110111111000110100010000000011011011000110011000001000000100011010011110001000111100000100
011101101001100011111111110011111100001010010010010110111010011000000101100111011100011110110101
100011010100101100111011010110111110101001111011101001110001110100000100001011000101010001011011
000110110011000101011111110010010001001100010000110011111100101110011010001101110011000011101101
010101001101111100011110011001110001111110101110010100010111100010000001100110001101011110111001
000110110110010100100001110110100100011101010111001111111100011001100000100000110101100100110001
000100100011000000111010001111100000010010100010001010101101110111111011001011001001110101000010
010010100000100010001011101100101001111100100110101101010110100000101001100111100111000111110001
011111100101111000101010101011001100110101011111100010111011100100001101011011100001010010110111
101010101000110001110100000111011011001101100110111110101100000010111100001110000101010001111101
111010001001000111001110100010010111000101000000000101111001001111000101000010000110100110111010
001001111111100110100101000111000100110110111000001001101001000011110011011010001001110011010100
010000110000101000110111111010111010110101000111101000011100010101001100010110000000100000110100
010010001001010101111001101000101100000001000101000100011110100100001001000110001111011000001010
011101011101011010110000110110110101000100000000111000110110110011000000100000100010011110011001
010100101101001110001001111011100001010111000111001111100111111110111001000001100010010100110100
011001001001110001111101111101010110011011111010111011000100110110010110111101111100100100000011
100001100001011100001100000100000100111111110110111011000100111110001111000101111001010110000111
011101111111110100010111101010100001000011101001010011011001110001110010010011010011000001011100
101011010010101011011011111110101101001011100111100111000001110010111011101101011100101110011101
100100110011100111000111000000010010000100010110101001011101000011111000101101010000110011110110
010000011011011100011110100010100110010100010111101101011110011100110100111111011100101011100101
111000101100000001100001010100111010101101000010100100011101010011110111110101110101101001011001
011000011011010111000001000011011001010100111110010100001011001101001000010111111011000011110100
110100011111111000001010101010111110001101011011010010100111101011001011011100000011011010011000
110110111000001100011011111100010001011110101010011010110000100110000001110011010010111011011100
100010011111000010001000100100011100100100100101101100101010010010100100010110010110010110110000
101010010000110011111000110001011010100011100111010001000011000110100110001110101100011101000001
001001000101101011100011100011100101010001111111001110000111111101000011110111001000101010110001
101011111000010111101111100010101011000001001100000111000111011100110100011011000101100111110000
000110010001001110000111011110101101100100110110001011000001010101001011000010111111000001100110
010100110000000110000010101111011000111001010100111001000001011110011001011011010100010010001110
011111100001001110011100001110111001111101111100111101000111001110110001010110100001110001011100
001010111010010110011010110010001111101111011110101111011101011011011010001010111011001011101000
101100101010001111101101010001100111111111101001111100000111010100011010100010100010010110111010
100100011010110110001010110100101010100011110100101000001100110010001101110100111101000101100011
000010000010010010111001010100101011110011101100000111000001001011001100110110101100101100010011
110111000110001010011101110011111011101101001011111101110011011010110010111000100100001111110110
101001110101000100010100100011001111011011010011111100011010011110001111100110011001100111000010
100001111100010110001100000101001000000011001001101100011000111111111000010111011011110100000010
100001000111010001001011101100011000101101110100000100011101001001001011100101100011101111001001
110010001100001101001101011100010001000010110100100100001001010000111010111100100010110100011001
111110010000111101110010000000110001010001011001101011110111011010000000011001010001000011010111
110111000111110001110101001111101100100000110110011110101101010100010101110010010110111000000111
110110111010111011110011111000001110101001001101011111101010111000100111110010111010010100000000
001001001010010010100001101110011000000010000010110101001110011010000001110100101011100100100100
111001100011011011001010101110111110001001100001100010111000000011011101111000011001011000010101
010000101110100111001000000101001100000111101111110010001000000001101001111000011011000010110111
000111100010001110111000010001101101101111110110111001100110101010011010001111110001011100010100
100010011001100011000111101111100100010000110111011101111001100011101010000010110110011110011100
100100000110100011011001000100110000101110100100100000010010000011001101011110100011011111011101
111011001000010000000100100011110001010110001100010110100101011000101001000011001000000111100001
000000000110111101000101100011101000100001110000000011000110000111001010011101100101011001101111
110000111101110110011110001101011100110000010100010111101011101101000111101000010000101010010101
011111101010000000000111001000000101001101001110001100000001011000100101010100001011010111110110
011110100100111111101110101101110110111111001100100011101100000001010010011011010100111010100011
101010010010011001000110011011111110100011101111001110001011110001001101011100001011100001011101
100011110101010000110001100110001100110000011001001110111011000111001010101100001101001011100001
111100010011000010111000111100011110000101110111001011100111100000110101101001100110001111011010
011100111100100111001000110100001010111000000010001011011111000110011001011100000011010011101001
001110001100000001110100010011111110010100001010001000010010001111101111100010111001001101000001
001100110000111010110001111101001110101110010100010010011100101000110010111110110101000101010010
000101100100010011011011001110001000110010111001111010001000011111111111010010010001101011010100
001010011000000100001010001011000011000100101011000111110000010101100100001000110000110000010111
100111010101100000110010010101011000110101011010011011101100001101101000101110101001001010011101
000101011111101111001011111110110110011100011100111000000001110010100101001000010110111011001100
011010011111110100001011110001110010111101010000001010110110111010000110110110010101010001010010
101011100100110100010101010010000111011100011010001111000010101111100001010100100001011000011110
111101110000110001110001111000100110011101001101111111111101010010111111011111001100001011100110
010111011000010111101011110111001101011110110110011100101100111101110111010010101111111101100000
010000110000000000000100011111010010101111101000100010011000100110111010101011001100100001111000
001110001100110000111010100100001110000111011011000110011111001011110001100010110011101001101110
011100101101100111100010011010011001110000100001001110111010110001001100111011101000100011100101
111010010111011100000000011011111001011110000001111000110110101100101010000001101000111111100000
101000000110111000001010101001001111011010001010001000001110010100001101010011111101011111000110
111100101100011010011110000000100101100000011011000101011110100010001101001011111100001010100100
101100000001100001101100101000010101001111010001000011001001101001001100101100101000001100111110
101101111101111100101011101000100100011100010111011110111010011111010110111100010111111010101000
111111001011110010100100101101101001011111100000011101110010001100101001010011110010000110000111
010011000001011010001001111001111110000011000100101100011111111001100000000011001101100010011011
010010011011001101000110101011110000011010000010100101101101001101000010111100011101110011110011
000000110011010010110001111000010011011110111100100000110001111100011100100011111000100100010000
000110000100101011111000111111101110110011111100111011000000010100001101110001000000011111100101
001100001011010010000000110111100111011011010100101000100010010111000101100000111101111100111001
100001010100001101011101100001011010110000100011101111111100001001001101001111000011011010010001
111000100101001001101001111000011001000101010001111000000111101011010000011011010000000001111101
110100110010000011100001001101110101100001100010010101001111100101101010100011001101000001011101
011100100101100111100101010001110101110000010011001000011010101111111101001100111101010000101011
110100010111100100101111011011000111001100011010010001000100100100111001111001110111110010010111
101000101011100101111101010101010001010100100010110000010001011111111101111000010101111001010111
101110111000100110000011110100001001100100100111101111001011011010001111110011000001110010110111
001000011110000000110010111001111001111010100111011101101111100101100111100111100100100001101010
110010100110101011011111101111001000100011110000010101100111011010101000111000110101010110110010
100001100011011111001010011000110101100110000010011100101001100100100111000000111010101101001000
110000100001001110111011001101000101100110001011101001000010011010000101111110101100011000001101
101100110001010111111001011010001010001001110011111000011101000010001111010111111110101110110100
011100110000000100011000101001101101000011111110110011001101011010010001001010111101110000100110
110001001111111101111000100001000010110001101111010110001100110111011011001111011110010110100011
101000010101101111011100100110010010011011011111111100110110100000010011000110011010010001011110
010111010000101010011101100001101010011001101000000110000001100110110101000000100111010100100101
001010011101101101110001111110100110111011010011110000010000000011110001110101001101110001011111
111111110001011011010100001101011101000001000001011011101010101000110000110111100011010110011101
111010010010111110011010001100010101101110111001010000111001000111010001110110001010100010110100
101110000100010011110100100110011101011001101000111010111101011010111110100000110010010111010111
011000010000101100100010101101110011010110101000001100010110011111101111010111001100001101101101
011011111001100111100111000001000001010111111111110110101101001101100101101000100010110010011100
011101001110011001111101011010110100101111010111001001110011011010100000111111010010011111100100
000110011001001010000011111001011011010000010111000111011111010000111110110010101000000101001101
111000001111000001100000010001111100000101010100101110010011111000011101011100101101111100111101
010101111000010101100101011101001111100010010110010100010011100000111110111110111001000110010011
111101010010100100010111011100001100110110100111010000000001011000010010110000010111001111111101
110101001101000101100001010011010000011001001111011110010001000000101110011111110011111111111101
111111110111010001011000100100111110011100010011110111110001100010100100010000010101010100011001
110010111101001001010001101011010101011101001011000111010111010011010110010111010101010111100001
101011100110101000100010101100111010111010010100110110111001110011000110001100011111010011110001
101100010011111000011100100100001011011001001110011001001110101010110001011111111110001000100010
110110111110011111100100100110111010001110011010101001110100111101101001001100110100111101101110
100100011000101110101111011100100111011110001100110011111000011010011111100010101110010001111111
100110100000000001100101001110010110100111111000011111001011110011001110001001001000010011001111
000001101010110010000111010101110000100110000110010000011101110000101111101000111011110001101110
011101111011111111001001111100101010111101111011011111000001110011101000101100010111001001110011
101101110001111010101111001011011001010000001111111100010001010011111011001111111000010011101011
000110100010111111011110001111000001100100011100100111111111110111101100101001100100111001010110
010000010100110010000110000100101011110101000010010111100000100001000110110101101000100011110100
110101111110000011010011110101000011011010010011100110111100010010100000001010011111110101110011
110110011010110100010011100101110101111101110001100000010100010111110000001011111000101010011001
100100100100011001100010100101001101000111011001110000001100011101110100110100010001000101001100
001111001010101000111100111001010110100001011001101111101101100111110001101011110010000001101000
000010001000000111010000101110010011100100010010001000001100010000100000101100010010011110111000
011101000100111111000010100011111001101010010111101000001101010011111110110111101111000100100111
100100101000101000101111011101010100111111111000011111000101111010100110010110000101100011000001
110010111111000001101000001100100100010111111010110110100100110100100101101111111111111101011001
000100001101011101011000001101101110110110101001100001100101001000010001000110000010100110011010
001001010100101010010100100011011000000000100001001110100111001101101100111110011001011111000101
000001110111011011001111101100000100101001010101110000100010100011111011010111000011111100011110
001101011000111100100111001000010010110001100101001010001111101100011001111101110100000001100001
110011000010011101000110100111010101011110100111100100111110111001110100000101111100001000100000
101100010000110101010101011011111110000111010101001110100110101001001101010110011110111000000010
001111011001110110000100100101010101010110111100010100010111101100000001100000100001011110101101
101011000101111001000011110110101000000100010000111010000010111011101001101001100110101110101011
011111000111010010100101100111101000110111001011111001100011011011100000110110100011101111101000
100110000010001110010011001110100010100111000001110001000011001001111111010110100010101111010111
011000111010010010100101010010011111000110010001100100001110111110111011110000101000110011001111
110101110001001100110111100110011001110011101110001000001000111000011010010101101011100100011010
100001101111001101101110010111001000100111010100011110101100111100010001000100111000001011110110
000010100100100000100000100101101011111011111101111111110101001000001000010101001101100100000100
000010110010010000101101001001001100001100000110011001001100011101110110111101001001000111100010
010011010101001011111001110101011110011011101100000110001011101111100110100111111101010101101001
110111111000000111011111110001000010000000110000110000011111010010000001000101011010000001101111
110000011100001110011010101101010100001010011101110101111100010111010010111101110100011011100110
111100111111010001110011010000000101000010101100100111100101000110000100111111011100110001101111
100101101111111101111100101011100000100111100000101000001001001100110010010110111000100011010001
101001101000100001000000000010100001111111001100001100110000100001100001110001001010011000001101
110111001101010001111011110011110110101011111000010011010010111111111111101110111110001001011001
110010101110010111100110101110011100110111011111100100100110111100110000100001100011010000010000
101100011000110101100010101101111101011000001011111000011010001001101001010001110010010001100100
100011000000001100110101101101100101101100001111000011000101111110000010101110100111110010010100
011101001100101100101000010001100011110101110110110100001110001001100100111011111110010111110110
011010000001001011000101101101000010011001011000000101000010100111101111001100011111010110100000
011010111101000011111110001001000100101010111001010110100000110011001111001111010111000101011101
011001000011110111100000111101010100110000111000111101101110010111101100111011011001001000011111
011111110111110001101111011010100111110110110101111101010011100101111001100110010011010100001011
000010111011101010010110000010010110011101001000101100100110101001010011001001010100101000100010
101000111101011011101001000001111101010010110011100100100000010011101001101000101011000001101111
101001110101100000001101011000000101011010101011000000010001110000000011110011011111101010111110
011001111100010110111010000111011110011000101110011101111010101100011100111111000111111100110011
100111100011011011111100100101100000001011011101110100100111010010011110111110001001001001000000
110011110101001000010001000000000011011111100101011010110011010110001011011010011011100000111110
000011000110100001011011100111100111101001011100110001011110011100101111000111100010100101110001
011100010111001100001100001011101110101010000011010100110000100100100111111101110110010101100011
010001010010010001110101010101100101110100100110101010010011010010101100000010100010111010011001
010111110000011100010001011101111111100111111011000011101111110011101111110011010001000110001000
101000001100111101110101111000010110011100110101001100100100010001100101101100001001011011000011
010100000111011001011110110111000000100110000001100001100101011010000110000111111000010001000000
000101010100100001100001000010111011010111111110110011000010111001010011110101000100111110000101
111000100011100101111010010010000011010000110010011000110110100100011000101000000111100000000110
011011001101110000010100101000111011101111011011101101000000111011101111001100100011001111111000
111001111110110100010000001110111100100011101100111001100101001111111011001010011000100110010010
110010101101001111001000010111110010100101110010111110101101101110001011001100111111000001111101
000010000111110000000000001010111001100000111000100100010110100001110100010110101110000000001001
111101110011111000100010100111011100101100010100011001000100111110100011101100010001011111000011
101001011001101001111010010111101101000110100000110000011001100001111101100111000101100101110110
101101110001100001010110011010011001011011100000000101001100110110100101000000100110000000100101
111101100001010000100101111011101000101101011100000100010110011010010000110111011111100101001111
010111101010010010100100010010100011111111100110111110011010101100110110100001100111000100111000
111000011011000001101101111011001100100000110111101011000110110000100000100011011001111000111111
100011100000110010011001101000100001011110001111010000010011001010001100100010011110011011011001
011101000111100110111110110011101011011111000010001101101010110001011100011010010101001000100000
110000110111010011111000011110000100100000101001101101100001001001101100001100110011100001010011
011100001011010111000101101100000101100110100110011001100001100010100111100101101110101111100100
001101111101111001110011100000101010010001001000001111010000111000110100011111000100111001101111
011100011010110001000110001011101101110011011010110011100100010110001101100000011101101101011001
010010010001010011011100011010001011000100101011010111010101100100011001101111100010011101101100
010000000000101000001100010011010110000101011100011000101101110010100111111101011100101001010001
010001001011000100100000100101001000010100100110101111111111011001011100100111001100010100010011
111100101001110011101101000100100011100110100000101011111101001011100100110111101111101111100110
101100100000100100011100111110101010111011010001011101101011110000001100000100011110111011101110
111100101100011010100110111111000010111001111100001110100111101011101101111101001101010111011010
111010010110101111100010000110100101101101100000010100001110010010011100011101111100110100101000
010000110011111011111000100001011101000011000100011101111110010000001011100100111001001010111000
011110010100110011111110100011111101110011010100000011010111011011100000001010101111010110111000
011110011010100011100001010110101000111000010101011100111101011111101101010110111100111011001100
011011011100001011101010001101011010010000011110011000110111011000011110010110111101011011010101
111000000010101111100000101101010000011101110011011000110111010110111101011100011011010010110001
110000111010010101100001100011000111000111000010000101001001100101011100110000010000000011011000
001110000111101111010001011000111101001011011101011101011001001100011000100101001101110000100011
100010010011101011101100011110111001101011110000111110001001110100110110101111101011001110001011
110110011010101110100111111101100011110100010110111110110111010010110000001010101110010010011111
101110100000101100111101001100011010100001111011010110111111100000100111000111001001000100100100
101000100101111000100010001010111101101010100110110111110101101100111000010011110101011111111101
011100010011011001111111010010001010010100001011101100100000101000100010110111010001110110011000
000000111001011110110011000001001001011101110101110000100000100001111111110000100000100000101000
100011100110001100001001010011001101111111111001110100100000010010111011101100011111110001110000
111100111000011001001101100000110110010110001111010111000101011001111100001110101000011001111101
010001010000000110100101110111111111000111011001110010100000100001000001100010010110010111011000
000011111100111110000101111110100101100101101100011111010111010000100111000101110101010011001001
110111111010111001110111101010001110000101010110110011101110011010101001111101011010111011100000
001000111111100010011000000001111100010010001101011010101001100100100010110001110011101100001111
101110101000011010111000010100101001010010001101011100010101100111100010111110101000010001110000
011001101010110100101100001010110000011100110001011000110001001101100101111111101001111011100110
011011011001111000000011100110110101000000000101001100101010111000101001000101111101101100101100
011110111110100001111001110000110001110001111111100011101100111010110011100000010001100101000111
111000010011100010001100000100010000110101010001101111100100101011110110111100100001100000000001
001111100101100101101101001000100111010101101000001011100111110111000100001101101111110010000111
101101010011011000000010100100100001110011101000010001010100100001100101001010101111011101110111
000011110101110011011010011110011110101110010100010100011100101000100111110101001110011100000110
001010100010110010110000001101100011001111101001111000111111101011001011100110111001101101110100
101110011100011010100110011110001010111111100010111010011101111111011111011001111011111000110111
110010001110110001111110111110000110000000010010100011100000110110000001110001011000000010010010
111110101000011101000111100011011001011111011011100100111011001100101011000011110111000010100011
100011000000111000111111100100010101100010101101100111110100100111101011011001101100011101101111
011101100101000010011111011111000100011010001101101010100001011000100100110101001001100010111010
001110110001000110001100111010111111110110011011010000000110011110110100011110100001010011001000
110000000001100000110101011110100101110010101100100101011000111111011110110100101100011010100111
010000100010000001111101111101111110000100001100001011101110100101010010010111101101100001111000
100011000101110011100010001100010111011110011011011010011111000011010100100010000010000010010100
010010101010000001011000110101010001010100001100011101011100010110101010101101100000001010101101
011111011011010000001100111010011100100101101100000000010000001001110101000011010010110010100001
010000100100000000010010001001111011000010100100000001010111011000101101110001110001010110000001
101010001100101110011010111010101101101110000011001001110110111011110111101101011110010000101111
110101111010101001011000101000100100101001001011101110111100010110001101011110101000100101101111
101010111101100110101000001000010000000100100010111011001010011101001001010101100001101110011000
010000101010111000100001100010001000111000000011110110001111110111010011000010001101100001110000
001011000111110010000111010000000000010111101010100110100111100010010100111011100110101001110110
101110001011110100011000100111101001101000100110010101111111010011001110100101000001000010000010
001010110000001101111000011111100100111010011001100100101110100100010010011110001101110000001111
110000111100001010110100001111110000100101010101101110101011111110001101011001001011100100001110
011000010110010001110111001000111110101011000010111111100101010000100100101011000100000000111011
011100010111010110110101101111111110111110101110000001011010111010011011111010010111110111011001
111000001001001111011101000011010101011100001101101101100111000111010110101010001011000000001001
101111100010001001111101000011011001000110100011110010100001000000000010001100011010101110001001
011111010011111001100001111100010110101010101111011011011010110101101010011001011011100111100010
011100010010101100111010010001111111110010101101011101110000011010011001101111001010111000101101
000001001111111000001111111101001011000110011100111110001110100111111101010011111000101001111001
000000001100001001100101101100100011111110010001000110101011001000110101101101100001110010010011
110010011100000100010000011001000101100110111011001001100110110100111011111000010110001110100000
100001101101011000001011001011000000111101100100001111011111100100001101111010001101001101001111
101010111100100101010101111010101110010110111101101100010111100101100000001101001000110101000011
101101100010001000100111011111110011100000011001101000010000011001010010110000010000000101011111
011011110100100010100001100100011001110100001101110110000011101011000001110011011010110100010001
111000100101000110010010111101100100110101101110101100010001001100101100111001010010011100000111
010010100001000100011110111011000011011100011111010011111000000000111001110011011001101101111100
011100010101010000000011110101100100010111001010110011100101001000011111001001110000101110010010
100101011011000010011100000100100100110111010101000001001100010100010001010100111000111101000001
111010011111101110010011001001101011101101111110000001010010001100100100100001001010101001110001
110111100000011000111000100110001010000100101000000111101110111100111011100111100011110100000100
100011001010110101001011010000101000101100011111000111100010010010111000000110110100011011111011
001100111010001011000111101111000011011001011001101111010100011110001100100110101110100101111001
000010010100111101011011111001101101111010010010010100111010001010110001101110100101110000011011
010000101100000110000101010111000010101010011100011000111100010101110000000010100110101010101101
111011000110010100100100100001011000110001110011111111111010110001011100111011111011111001111111
111000101001011000100001010100001110110100000000111101110100011101000010010111101101100010111000
101011001011110011110100001001111100110000101011100101111111000011110110000000000101110100110101
111111111101001011010010001010010111110001011011010010100011000101010101011100101011110100101000
001100111011010001000011011011010001111010111010000001110101110001101011011000100111010100000111
000001011110000000011000100010010000111001001101110100110111011100111001011111011000010000010011
011010001001000101110110100011111101101010011011110111111111000011011101111001010011010101010100
010111000010011101110100011001001101011100011101010100100011111001100110110100001001111010111001
011101010101010100110111001111111001101100011100010101001101110001001000011011010110111000011100
110100110000101110111111100101101000101010101101101100000010101110011001000011111110011100011100
100101111100101010010010001001011011000010001000000110110001101111011110011010101000111101111101
101101101000000101000111010000000110001101100110110011101100110010110011100111101110101011000110
011001011100101000100000101001101111101000111000101011111001110001110001000011000011111101010110
100110001100101100001001101010000011101001111000001000011001011011100001111001010001110100000111
001010011010001100000101011111001101101001111000111000011101011010111100010110101110101000100101
110000011010101110010011101100011110010100110111111011110110010110001011100111100000100110011111
110011001000010110111010000100010000111001111111010100101001101011000100010001110110001010110010
010001000110001111100000101100011101011111001111000010010000100010000011111010011000001101011100
100001011011111101100001000101100010000001000111010100000010100001010010000011100010011110001100
100000000100101111111100011000110011101101110011010011010111101011011101100010110111010100110000
010100001010101100110111011000011000001101010001100001000000111110100101000100110010110101100011
001111010111011011110010001111110110011100010100001010100100101010001111010101000011110111000101
100000010110011100111111101101110100110010111010001001101111000111000001110111010101001001111101
001100110111001100100111110011101111111100011001010001010000101101001001010111111001011011000110
110100111010000001111010011001101111010010011011101111011000101010111110101011001110010010111101
101100101100110010001111110011101100001000011010110111111010100011001100011001110001101001100110
011110100101110010000010100010111100100011011110000010010100111000101000001111111001001011001110
100111001001100011110110111111000101110010110010111010101101100010101011000011100101000010100100
100011001110110011001100011110101101011001110011000001101010111010010011101001010100111010101111
100111111011010111100010100111101010010001100010100000010010001111110101000000110000101011111110
111111010010000001111010001101101010000101101111001111011100101100110010100001111100011001100000
001100101011101100010011011101101000000000101111000001110111100011101101001100000000111110001111
001001100100010011011011110000100011100011011011101101000111100111100110101011011111100011111101
000001101111101100011011111111011101011011101001010000111000000111100100010011001010010011100110
001001010101100100110100000100101010010000001010001110000001011010111001000101100010100000011001
101100100011110111110111101100110010110101100011111101110101011100100111001111101011011100110110
100101010010010000011101101111100011101010000011001000111111111111011011011101110100110000110100
001010001101110101111011100110000000101101001111011011110010100101010001000110000011001101110000
110100000100011001010110101011001110001000011000101001010100001100110111000101000010110110110000
100111010111100111011000001001000000001001010111100100100111011011110101101111001110000010101101
101100101110111110111101010110000110110101010100001101001101110011111010011001011001000110000011
010111101011110011111000101000010101100100100101100000110101011100010100110110000000110110100111
011010101000001010101000110110011101110010101111111001100101001111000111101100010000101011111000
001100101110011001110010111100100000000011110000110011000000111001111110100110101101101011000110
011011111100101110111011011011101000010001101001101101000101011001010010001001001110101110000110
110111001011010111001101000111010010111100101111001000101010001100001100111000111100000011011011
111011111011100001111100100100101111110101010000011011111010010111010100000100000010001010100100
010001001111001000111111010111010100010010011001111010101001001010001110001101011000000000011010
111000011101101011111001010011010011110110000111101110101001011100010101101010111111011111111001
110101100110100111101110010101111001111010110011011111011101011000001010110101011100000000100110
001101001101011001100111000110000101010001010000001100000000011011010010000000101011000100011101
101101011100111111011010101010100000010111001110001100001000010001101010010000100010001011100111
100001100110100000010000100000111101100011101110001101001001010100100000010011101000110011101010
101010100110010100110001001011111101110110001011100000001110111111000011111000000000110011011110
111000011001110001110111001000010011101010110101101100001110100001110000010110001001001001101011
001110011100000101110001000001010011111100011010001110101011110001011010001100011001100011001001
011100100110001110100110010110011100100001011011010001011010110011010000000001110010111100110110
010011100100101111110100100100001000011010110001111000110001101001011110111111011101110001001100
000000010100011111100100010000001101101011010001100100100111111001000010110011111001011100000111
000111010100000011101100000100111101100010001100010011100010000101010100001111110111010101101010
000001110011111110000001110011000111001110110010011001100001101001011111010101010010100100010100
101000001010111111100010100100111010101000111110100001000010111101111001011110000111101011111011
001011001000110011000111111100111111001010001101101110100110001000100110110000111011101010111001
111000110010000001011001101100011101101001110111100100101000011010101011001010011011010001101101
101011101000000100000101001100100001011010000111101101111011101011110100100100101111110010000100
111011011001111100101011010000110110110010000010011001011011000011101000101101010010111111101101
010101001101001110101001111001111111110011010100101000101010001001001110010110101111101001011001
011100111110111000011111001111100110001000010111111000100011100110110000010001000011000000011111
100100011111101001111111011011000010011010111101101011110011011000010101001001011110000011010011
110101100100000000111100110010101101010110000100101101101111111011101001000110111111111100000001
000110101111010001000101011110011101001101001111010011110010110011110111110010011010000000101011
101001100011111111010111000000000010110101011011010101111101011111111101111011000010111101000100
011001101000000001010000011101000010011101111000111111000111101100001001010100010111000111100111
001010011010001010110101110010111010111000100111101101101001111010111111101001110000100010010111
011011101010000111110101111011001110010111111000111010100000100111101011011011000111111100101110
010111010110000101111110110111111100100000111010000010001000101100001010010011001110111100100101
100011001100000010100011011010000100100100111101100111110000000011110110010010110010110000010110
000111010111001010101001010101111100111101001001000110111100000010011110101001011110101001100010
011110110010111011101101101100010100001001111001001111001011111110111000010000010100010111100000
010011011001101111000000100100011100000100011111110011100001100010010011010010101111000000000000
011010100101000011010111111100111110010011001000111000100111010011110011000100010000100101001010
011000000000110011011000011110001101110000101001000100000101010111011110111111110001010111110000
100110001000010010100011100010001010111111101110100010011100001111111110000111101111101100101101
101010110010000010110010100011010001100110011001011000011110100000100010101101110100100000010000
101110000100101010111000001010101111010011100010000111010101000001000000110000101100100001110100
001100011000011100110010101111000111011011010011100001101101110001001010111011101111001001110010
000010110011000110110001111100100011000010000000101111010011010010100000011111001011101101010100
000011110001001101001100010110011101001100010011101110111111000000001000111100001001100000101011
001001000111010011000111011101111100010010010010101010110010101110010101101011001101111100110011
011001000100001011100010010011110100001011110111100001000100001001010101111110101110100110011011
001001000010110111011001000011010111010000000000110101111100011111101110000010011100011111100010
101101111100001101010011100101010110011100010000001010011000100010001101111100001110010100110001
111011010101010011111100011010100001000110001110011111000001010000011011110001011011100101001001
001011001011111110010010010000110011011010011101011101100101011101000100010001111111101101001000
001101011110111111010111010011101111011000111110111100110000010011000000010011010101010110111000
010101010110000111110101001101010001111101100001001010010011011111100001011100000101101010110101
011101101111010000010100111001111100011101000101100110000101011101010001010111100010000101111000
010000000110001011100000001011001010011010110111010000001011111001101000110011001010111010001000
011000001011011010000001010010111010101000001001000000010101011101110011100111100010101101001010
001111100011001011110010011010010011100011110001110000001101011110111100100100011110000001101010
110011011111101110111001110010101001111111001000010101111100111010011100110001100010111011110100
011011111010001111111011011001111110001001110001101110100011010001001101100111001110001100100100
011111111101010100111110110000010110101011001011111011000010101010010011011111011010101110010101
000111110110110011011011011011001000000001011010101111000011110000101001011110010001010010001011
111000011111110110110100101000110101010001101001000000011010111110000000010010011001111111000110
110000100100100001000010010010111100011011010010111110000011000000110001000010100101000001010001
010101101001001110111111010110101010010101111010110010001001110101000011010111110110110011111000
011010001011100101110100100001111101010101101111000000001110010010101001010000001111000111001000
000101010000011011111011011011111111100100001000100001100100110010001111010010010000000101110010
100001100010011001110001000000100011000100100101000111010011001101010111110001111100111001110110
001010110010011011101100110001001110110001001111110100101000101011000010111111100000000001011110
010000001110100011110100011000111110111001101101101110101100100100110100111010000100101010000101
011000000100011110111001100110111011101101010010101001000000010111001010110101001011001011111010
000000010111000101110110001110000011111111101010100111101110100000100010010000110100010110010010
101011111101100000001100111000000110111101000000110110001000010000000101000011011101110010001010
011010101101000101110110000010000101110100101111101011000010001110001001110010011001010110001100
011111101001110000100010000101100111101110101000110011111001010001010100001001111100011010100001
011100011001001111011111011010111000100110001100100110001010000000110101010011001101110011100010
000001101111100110100011111100010010100010011101110011110111100101010110011000101011001101000001
100111111011100100101011001011010111111100100000011111101101000001110000010101011011000010001001
101100111101011000001010000110011011001100001001010010011011101101010111111000000000010100011001
000011101000011100010110110100011010001011000111011101100100101101110000100101111001010011101100
100110010100010011000011101110000010011111100100111011110000100111110101011101011100000000111110
011110000010000011111111110101111100010111010000001110110001110110000000111111011110011100111010
110110110111011011000011100101010010101100011000111001010101100100011110110111000101110000111001
100101101101010011111011011011001101000101011000011100101001010100011000101100000100000111100100
100110100010000100000000010010111001111000101100010001101010100110011011111111101100001101110011
000010101010011010010110101101100100110010111110111111001110101011010101001101011010000101101100
010010111101100110001111000000101111111011010111100110010010110010111100000110110011100101101010
010110100011001100110100100010001111111011101011110100111000000010010111111010100101110111100111
100001010100001011000010010010111110110111011001000111011100101011111110001001000110101100011010
011010110000100001100001011110011111011000110110110011000011000100011100001111111000100010001110
111110010110000011101001000000000100000000110000100111100110011100011000110101111010010111100100
111100010001100001000100111111111110110100011000001101101000111101011101110011001011011010010001
101010111011101010110101001100010100111011011010100110001111010010100101101100100010011000010110
001011100000010110100110110100110001101100100001111010100011100010101101101000010011110111011100
000110001001100010110101100000011110100110100000100101110111111010101100111000010100111000000001
010000011001010001001010111000011111101011011011111001110101110111001101101010111001101101101010
101011101110010110011110111101111001110001000101011011100100101111100111001000101110101111011101
100011110111000101101011100110100110100101001111000110000111000100101010000011111101001101100111
011011011101011101111101010001001110111001101001011111000010100000000000100011001100101101101010
011010101001101011011100001010011101010010100111001001110010011001000010110000010101000001010110
111000000001011100000011001101100100111111000000111010011010000011010001101100100100010001000110
000010111101011000010110011000100000001101010110111000111111001011010000010111010010110100101011
011111001000101000100101001001000101110100010001011101110010110010111100100010010000011001111110
110101111010011001010101110010010100111010101000010001001100011101011010111111001001001001100001
000001101100110001001101111011000001110001100100010001110011111110100101011111000001101001011001
101100000111001110000000110100110101100110000110011001100101000101010000011001010101110101000000
101000010010000000001000101110001000111011100100111100100110111011100001001101110010010011111100
000110011111110001100010001111111011000011111100001001100011001111110111100000011011001110111110
011101111111100001101001100101101111001110111101001001111110100111100001110010101000111011001111
010000100010101111011000101001001100000001100010001110111100011001110101100110100000001000000100
101000111011000000000101101111000110110000010110001100010011100000111111100001111111111011110011
101111100110110110101000101011111101000001010000001000001111000000011100101001010101111100111001
100100010010011010000010010011110010001101011001100001000111100011110011110000000110110010011111
011010111011111000000100000110100001010001101101000011111100011101011100001000001111101101111000
010110000111101010000100110101011111101111001110000101010101100110011100011011101011101001111001
010011011000100111110100011111000101011100100100111101101010110110100111010100100011110111111100
000000010101111100100110000001110001100111111011001001110111101110111101001101111000010100000100
011001110011011001100100010000101000010011011001010010110110101111010000011000001101010100100101
101111001110100011101010110101111010000011101101001010100101110001000011100001010110100111001011
000100110100010001101001101111001000111100010000101000101010010110101100101001100000111100101001
101110000100001000101100100100111011101110011100011011010001001011011110101011000011000111110011
100101100110110101111011010101100001000011110001111001101010110011101000101110000011100010111100
001000101110101110000000010001101000111100110101000101001001001110010101100110100100000001101001
110001110001110000110001101000111001111100100111010011011101001011010000101010100101011110110000
100011110001110001001110000011110000001010111011110101100101000110010001001111110111100100011001
001111111111010110100111001010100000010111010101110100110111101100001100010001011001101011110101
110101000000110010111001100111100110110100010100011001100100000101101101110011110110111100010001
011110100000000010111111000110101111001110010000000111001010000010100000100000011100100000000111
110011000101000011010010000010011111001001100010101001101000110000110000000111111001111001111000
100001011110001100000000000110011111101111110010000110001111001000100110110110101111000111011000
100110000101011010100001110011011101101001101100100010101101111101000000000001000100001111001011
111101001010101111110101001110000110010000110000100111100110100100001001110110010100011011111101
101101000101001100010100000001000001011011010110011111000011110010001001100011110110001010110110
000101110111101110111110011001000011100111111110001011110101010001100101101011110101001100010011
101100001111101111011100000110000010110010101011101001011001100000101001001011101110001000000110
100001111010110000000000011011101100101000000111001100111010111001010110011010111110100100101110
100000001000011011101100110010100111110000110100111101100010001111011000010110001011111000100011
110001101001111001110000010001011110001110100110110011101000010110011100100010101000100110001011
101111101000001001110000011111100101011010111001101000111100100001001000001000000110011100110001
100111110111101100110000100001011010001000011100101001001011111001100000100100100110110110100101
111110001110111011101100011111101110000011010001110010111001110000011110101101011000101100010001
111111110110111011011000000100000110000001010110011001100100010010100000011111011000101010001010
101110001111101101110001100111010100101111110000011011100101011000000110000010100100101101110010
001111100110110111011100110100110011010011100111001101000010101011001010100011010000000001011100
111110010011100111100001010011010100110110010000100011001011110100111110010100011001101010110011
100001010110101011111000101111010111110011010011111010110100101001001000100011010101000111000101
101100100111111100100111011111001000001101011011011100110111011001111001101010010111010110001100
010110000000010100101011101010100000011111010111111111010010000100111011000011110111100100010101
001111001100011110011010001110100010000100010011111001010100101010100010110010110011000010101011
101000101111010000011011111000111011011111000011110101110000001011101000111000111000101110001100
000001000000101101101110110111101011010011010000001111000011001011011010111010000110111011001111
000111001110101110001001110001001110111001110001100000001001011000100101111011101110000000001110
110001001011101000101001111101111100111000100010001000010001110110010010010110111100011110111110
101111011111000111110001100001111110011110001000110110100001100000001000001000001111110011111001
011011110111001101000111011000110110110111011001101110101110011010001100001110101100111001111001
100100010010000011001110100110110110000100110100101010110110000101101011100111111000010101111100
011001111101011111001100011000100001001100011111001010001000110100111011001001001011110000100110
111011011001101111000100010010000100100011011000001100000011000001011111010111100010001111001110
001001100101011000110111010001001001110110101010000000110000111001001100110100111110101110110101
001100110111011000111001111010000100001100010110110001001011011100011001010010001001111011010110
000010100100100001111000000101110010011110110001010001001001000000000100010010111001111001111100
100011101100011111111011101101111111010011000101011010011011010110110100000100000011110100011110
011110101010010100100111110001101101110100011011111011011110100001111100011111011010100011001010
010111011100111111000011111010010010000001101110000011000100011100101010111001011110010011101000
001001010111111010101001101110111101111110110011001110000000000001110111010011000001001001000001
001010110011000110100000000001011110100010110110011101100011011110010111010110100011111101110100
001110010111100101101011001001010011001000101000010111010111110101010111111001101011001001001011
010101100100000000001100100011010010010111000011111000100111101000100110011100000011010101011010
110001001000000111000100100100011101111110100001110010000100101101001111100100010111010111110010
001000001100101101111101010100010111110111000110001110011111001010110000110111010110011000110001
111101110110100101011111110101110101010010011011000101010111011100100010110111011010010111110100
110011000010100111111010001010101001100101001000001001110110101110001000010011101110000010100010
101000000001100110101101000101101111000110101010111001111000001011111001111110111111001000000110
101101001111011111100010101011010110111110110100101101000111111011100010000100111011101011111000
000001100100010010001011111111000110100011001110111010101011101110001100011111011100001100110100
000011110111010011100110110001111010101110001011111010110111001100001001110101110011110011111010
101010001001000010110001000111101011001101010111110101001111001001101110100100011000101110001110
010010101100000011000100110000000100101101101011101010101110011100111000110001001110010111011111
000101110000001011110010100100100011011001000010011101000011000100000111100111111011100010101010
000110010011010101101010011000110011100011100010010111000110111111001000010001111110110110101011
010001110000001000001001011101001011110010101100011001101101010111100001101000100100111000001110
011101011000001111110111000010111010001111010101101100110110101011000100101111111011101100110101
000100110001011010011010110001010010010100101110011100000111011010110000001001101101110010011000
011111100001100101000101110111000010100011000000011100000010011111110010111111100100100100101011
