101100110001000101010001101110110011111001010110101011110001101001010110011110000100111011000001
101001010110001010110001110100111100011110111100010110110101001100110101101010101001000001010011
111101100101001001010000010111110111111110001000100100101110011011110100100100101100000111000111
000101011010111111010011010010010001010100000111010110001011111001000100110111110110001001010011
111000111011001001101010110010000100000001110111011010011111100001101111011110000000101111001000
100011100010000100101001101000011001011010010000111110011110010001110110100001100110000110111011
100000101010000111101011110111111110011100100110010111111011111111011000010101101000111011100001
111101001011001101000100101111110010011100111010110100101010001101000010100110100100100111010111
110101111000011011100100100000110010110110110101001010001100011011001001000010011110011000011000
011100100101101001111100110100111111010001010001110000101100111011100001101000111100111110001011
100100000100101001111100111001110101111001001100100011010001100010000100010011110101000110010101
000001010001100101010111010010000001011111000001001001111011110101101011110101100011000011000000
111110011110110110000010010110000000111110001111100111100111101010001110000000111010100110110010
101010001110000001101011010001011110110010101010101010011100010000110100101001110100101010011100
000101101001111100011010011010001110101001011001011010001110110001011111100010111101011001101110
100101000110011101000011001110110110000001110011001011101001111111101101001000011000111110101001
000001010011110001000110110001001000111111001011100010101000111001011010011100010010100111111111
001000011011101100100101000110011101101010100011110111110011100001011110000010000111110010010111
000101011111101111111110101101001100010000011110100101100111111000110011001000001100000011011110
101110101001110100110111101011110000010000010110011010000001000011001101100010001101010011000001
111001110111100111011101110110111011010100101011000111011111111000010111100101110000101011010010
010001111111010111110000110111101001111011110111101001011001011000101101111001001110011101100011
000110111011010101100100000000100100011011011001100011011101010101111100100001000101001110001010
011110110011000001001011000000110110011011010111001100010101001001011000101011011111100001010100
110101110111100011001100110001011001110110011100010100110111010101001111001000011001000111010100
001111000110000110101011101010101010101111101110110001001010100011101110101010111110010100111011
100110010110000010001010010110110000000110000101001111100111000010110110001101101001000000101110
101110100001101000001101101111100001011010001001100011000011111000010111010101100011001001011111
001000000011000011011000010001101101101101001110111111000010000001111011101011000001101100011100
100000010010010101010101101000001011000101111100110000001011111000001110001000111000000010110111
110111000000101010011001111010000011010001110101101000011011001000100110011101111000111101011100
101000110000101010110011011001011101100110011011000110010111010111100101001000101101000101101100
010000101111111100110110000010000110011010111111001101011110011111100010010010010100110100011101
001001110111111000000011101110110111011100110011000101011110100111111000000100001100110000010001
001011011110100101111000000000111110000111101100110101100111100101110000000111000000110001100101
111011010100010101111011010011000110000000111000100110000101100101101101100111000101100000110100
001011011110010001101111011101011100010101000111000101001011100100110100011101100101101110001101
000110111100000110010001101110110000011100111010101001101000111010001011110101011100111011001100
101000000110011101111011100110000110111011111000010110110111100011101100010010001111100000110100
000111101111111110010110001110101001010110001101110110110100100000001000000110000010001100100010
011010010000011100011011000010100001011101000010000000000101001000111000001110111000110110100100
001000100101010001000110111001001000011001111011100111111000100100110000111001101100001100001100
011101111010011010101010000001111001010100110001101101000101111010111001111111000011110100110010
110101001101001110010101010010010111110101111001100110011011100111111110101011101011101110000011
001100011001001100010100111001011101100011010111000010101011000001110111111010010001101001001010
001011100100111100100101110110010110001001101011110101100101001011110011001000111001010011011111
101110000110111110011101010101111111000001010011101011101101110101011011100111111000110100111010
001101011110000010100110101001110101110001011101011111101111111001000011010011010010101001000100
011110110001110000100110000111000010110011100101000001110101010110111011010011101100111011110100
001001100100000010001001100100010101111010100111011000110100110101110010001000011100011101011011
101010001110001100111111100100000000010101000001000110001000000100100101100111011101011000011111
010001011000000000000110011100010111000010110001110101011100100011000110111101101010110000100111
111100101011001011110011001001001001111010101011011001001000101100011000000100001110101111110010
110101101111101010100100001010011100011110010110101001111000000110111110101110001010000000101001
101101111010000101101011010111000111111010110111001100001010000100101001011010111011001000101110
101100010011010010110001000000101111011011101110101110001101011110010010100101101100101010110110
100101001101001110100001100000111100000011101000011011101111100000010101101011010101000010101110
000101100101010111001011110101011010000110111010111010100000100000100111111101011000111010111111
101100111110110100010010101011101100111101011000010011110111011001110101001101101001111110111010
011111000001110101110011100010001001000101001011101111100110101011111011100101010010100011000101
100001000001001000111110110111011100110101000010001111100011011100011010111111101111001111100111
110001110010110001100110011011000100111011100010010111100111010110001001001101110111001100011000
100111110000000101000011111001101100110011101110010111011111111111101100010011000011111100111101
010001001001100000000110011111110101111010001100100101100000101110000001011000010100011101111011
100101010101111110000110010101011000001001101101110110010111111010010110010000000000101011110010
100100011101010110001111010000000100110111101101111011101100111110110100100000101000010101000101
011100110101100101011010110000111100010110000100100010111101110101011100110101101100111111101110
110101110011111001101000110011110010110110110001110111111110010101111011101001010111100101110101
110111011000000111100001010101001001100101101101010101111101010001110001010011011110010101010001
010110110101100011111111111010000010100100001110111000110010000110001100101111010101001010111010
111111101110010100000110011010100100101000101101111101110010001100010110011110111010100000111100
001111100100010010000011100101111101000010100000001011111100101110000011101000000011010111111001
111111101000011011010011101000000100010110110100110110111001110110001110110111100000011110111011
101111111000111100000000100100111001100111000100011111010000010001010111011010110001101110011010
100010010001100011000001100101000110111110011101010110111100111011011110111001111101101000000111
010111011001100100101000011101100100001001010001001010000110100110010100100010010000111011000111
111100100100010110011001010100010100000011101101110000101011011011110001100111110101100000110111
010010000011000001100000001000000101110111010001011101011111101001011011010001010010110111011010
101010010111010011011111000110001101000001111101110101110001000100110100010101110101111011001001
010110001101000010101111111110111011101000101011011100001110000110111111110111100001011001101111
011001010110000001101010101001010001001011100111101100011110111000001010010000010001111000000011
000010001111111010111010001101111000011100110000001001011100010101100110101100010001101111001100
001011101110101010000010000100000111111000101001101100101110110001010100010101000010000101010100
101100100011010101100000111110011110110010100111101100000000110101010111111101111000110110101111
001110101111010001010110110100001000010010111011000100011001101110101000011100111100011111000011
010011011000101111110000110000111000101011101101011110001101000100111001011101000100101110011110
011110000101101101010110010011101000110001100101010000000011100011001011101111100110010010001001
101011000001001001110111111001101101111101000110111101110001011010101101011010100100110100001111
000011000111011000000111101111111011001111000110010101110011100011000001110011011000010011001011
111111101100111011111001100101011000110011011101100100001011001110010101011011010101111001011010
011001011111110011111011101000010000110111101011111010101000110110000011100111101011001000111100
101011001100011100101011110100110011101001111100100010011000001001111001101011111111101111000100
111011000011001010010001011100101010010000100000000011101100100000010011111010010111100110100111
110001001011001011011100000101000010101001111011011101001101101011001110000000100010011100101010
100110100100001010110100110010001101101111110000010101100110001010000000111110101000010001100001
010011001100110011000010110111011110100010111001111111101001110010101000100011011111100000010101
011010111110000110110110111011001001001001100011010111011111010010111001010100001110101111111010
111000001110111010010100001010010101111111110010110011110111100001001000101101011101101111110001
100110111010110100100000000111100111011111011000000010111101001111101011111010010001011101110101
101111100000100001110100111100011100100100101000111011011100000011010101111000001001000101101001
011000000110111100011111000100111001110100110000111011001000110010111000100111001100110100010100
110010011111010000010100000001010101010000111101110101001000111000011111001010100001010010110101
100100100010100000001110000110000010000110101111100011110001101111100000101100101100001111100010
101110011110001000001011000001100110110000000010011000100011100011111000000100000000000010111111
000011010111100011001000000001000000000110110010111101000010001111010010000011001110100001101111
001010011011111111100001110011001101010100000111001001101010011010101001100101111110000111110011
111111110001101100011001101111010010100111101110111111011001010110101000001011001101011111100001
011111111110010000100000010110001000011000011101010000001101101100001000101110101100100111001001
011000010010101010010010101111111111000000000001111111000110110000000000111111010100110111110011
110011110010000010001001001100111000010111010011110001100010001111100010110111001111010101111100
111001010101100110011110100000001111101010110100011111011110111101011110010011010010000001111010
011000000101010010101011001101001100010100101010011101001011111001010110110101000011011010111010
010011110010010010001101011011010111110100100000000001111000111110000000100001011101110111100000
001111110101011100001111100000010100010011110111110100110111101101110001001011100010100000100100
110000111101011011010101100110100001011001110001001011011101000110001110110011100101011110001110
111100011100101010110111001100010000100000011101110110001111111111111000010111010100001001100101
000110100001010101010010110001010101001000010010111100001110000101000000010010110111001011101001
111011010000001010100010001000100100101011001101000001101010000000000001101111001000100000111110
101000010010101110000100000000100100000010111010110010101111101101001100101100000011110000010101
100100111010101101011011100000000001110111111111011111000110111010000100000010001110001110101111
011011001110001011001101111001011110001110011010111110110001011111010100101010111011101100010000
100011111000111001010101100001001010101110111000110110101010101111000010010101000000011101110111
101111110111111111101000001100110100000100101010110101110110101100000010110011100001000111110000
010110100000100010010011111001100010111001010011101101000101000100100111111001111010011011100011
010111010111101011001110000101110010000110011000011100101000110111101011000100001010010011000011
111011011010001011101000010101100110011101110011111101011001010011111010000000011001110110011011
000010111011100011100001100101000110001011011000100011011111001010011101110001001111110101110001
100111110110110010100111000110100101100110110110000011010111111111000011100101110111000001100010
000011011111001011001100000100010111100100110001011110001100010000100100101110011110011100101111
110001110001100010110100110100110011011110011101011111010110110100111110011101001000101111111111
001110100000010010101011111011111101100110011001101011001111011100001000010110011100001011011111
010010000010110101000011101101011000001000111011000011010011101010010100000000001001100110001110
000110001010110001001111110110000111001111010011111101110010111011001011000011101101000000111000
010001001001100111011100000001101101111110000100111001100010100001111100100110001100100010011011
111101111100011000110101011011110110100110010111000000000100001011001010001010101001000101010010
010011110100111101101111110100111110011010000011001100010110010011000101101011011101110011101111
111110010111101000101110100101001110101010111011000011100001101011010100101010011110001011111000
111011101101101101010011111010100111101001100110110101001010001110011011001000101110011011100010
111001101110010111001010011100110010000010010000011001001011111010001011111011100001000011011101
101101010000010110110100000010100010101010110010011101101110001111001011010001111100011110111001
010101111111110101101100000111010010101110001001101001001111010011100100011010001000101000111110
111100111110101100001111100101011010110110001000001110011011010111010111101001110001111010111101
001011001001000000100111110100100101001101011101101010011111000001011011100111100010001111101110
101010001010111000110000010111100000111111000111010101100110100010110111011100000000011101100111
001100100111010001011110001101101100111001101110100001011111100100100001111111011111011111000000
110000000001100000100100110100111100100100101001011111110010000010000101011101000001101101010101
010100000100001101011110010111001001000100010111100110111110001101010000001010000100001000011001
011010110000010011110100100001010100000111100110101000011001111010101001101010100100000010000110
010100101110000011001001101111100011011010100000000011011110110100001101111001100000100001111011
110101001110101100100001100001100110001011111101010010111110010011100011001000011011111011011001
101010010101001000110011001110100111110111110011011001011000100001101001001011010010001111011110
000101001011001001101000011000100100010011110001110010100010111110001111001000011010010001000111
100000100010110101011101010001100101000010001011011010011001101000100100011001011011101111001000
101111101101011010000100110111010101011010010110000010010110000001000011100111100001101000001010
111011101100000101110010100101011110011010110010011111100000000111001110010001000001001111001001
000101110111110110101100111101111010100101110000110010000011100010011101101101110100001001001001
011111010101010111011110010010110001011011101011011100001000100010000001001000100110111100011110
010000000011101000100000110100100110010001110001100101010000101100111111001100110111000000111001
100101001000010101010111100011100101001111110101111000111010110011101100010000111001110111100101
100101110010110111011010101011001111000100111101011001011001000101001000010100110101111011100101
101000100011110111001011011101011001010110011000000000100110010100100001110101010101011111011000
111110111000001111111100111001000101100001111010001011111100001010011000100100111010111000111000
100011001010010100011000001110010011011011011100010001001010111100101010101011101110000010010111
101011000001110101101010111101110111001100111111101100100011000110000011110111000010000101101010
111110100100000110101010101101000001011010010010100100100100010101000010111111101100100111111101
111011010001110101010000111011000001110010100101000011100010111100111011101010001011001001010100
011111001110111010010100101000001010100111101101100111010101100000111111110101011100100100101011
000110010001010011100001100110110011101000010001011110010000011011100101001010011100101000101101
101111001001000111111100111010111111001101111011010100111011100001011100100111000111110010010110
000000000110000111110010111011001111000000000000100001101111110011111110110000010111110000010100
001110001101110101100000011001000100010111111010001001010100101111101111010000011110111001111010
110010100000100110000010000110101101010111110001011100011101101100001111011111011010001111010011
010110000000010010101101001101000010100110010100111011001111001110011111000011010001111011100111
111100010100101110010100010101001101000100111011010001101110111110101110110011101010011111011101
101001100100111011111110110001000111011100111010011111011001111001100100011001010000010110110110
011000000001011010000000111111010110101011100101011110000000101110010101000101110110000100111111
100101010000001110110010100101000110110110010011010010010011000110110010010100110111001001011111
000111001001000110010001010100001111011000110000110011010111100111100101110111100010110011110001
011101011000000100100111000011100001111011010100000011000001011111000101010101001010111001000010
110100010110110111111101010100100100111110000010111100100101101110011100010001101101010100111101
010011011111011101000101110000011110001001000110110101001000111000000101100101011000101000011101
101011111110000010001010100110100011111010111101001010001100110100001110010001010110101110100110
100100011000101101101011101100111000000101111001010110101101101100101010101010101011101111000101
111100000010101001000001111010101000111111011010110010000101101011010011000000101111001001011000
000111100110000100010100101001100110111100101010010100100010001111110010101101101100111011110110
110011101100000000111111010000110100111110100011110001100000110011110010111010100001110110101101
110001001111100111000011011010011010010111000111000011001110000001111010100010111011000111010010
011111100001100100101110000111010101010011100010100110001011101111001111011010110000010111010000
110011111100010000000000000000000010110111111111001001000110111110010001010000100011100100001011
000111111111001100100110100001001000000111001000111100010111101101011010010101101101100101001010
111010101000100001111110011000010101100110101101011001110101000100111101110010010110110110010111
000111010100101001110001000011000001101111101111010000100100001110001100011101001100110101001100
110110111101010011010101001110011000010111010000001001110000110111101111011000010010110000101001
011100010111000011111100011001001110100100110001000011000000110011011111010000010100000010100111
110000010100100111010101101111001100000101000011100000001110000101100001011011111001110011110101
110110011101110110010111010000011101001101010100101100100000101010110100110011000111100101001111
110010010000110011110100010100100010000100011000011100011101100001110111010111000110101101011001
001101111101000010001100100111101011011011001110101110101001100011111101001001100010010110011000
001001110010100010001110000001010010110110100001011001110011000011111011101011111111110000011001
101111010001100010111010101011000000000001111111111111000101001000011011111101001110011101111011
000101001100101000001101000100111011101010100110010000011010110110100101100000110000001001011001
111101101010111000010111101001010111110110110111001010101100111011111010011101011001111110110001
010111111111011011100101110011000001000011111110101010001111011001110101001100101101010000101001
101011111100001101010010110100000001111110000001000011000110110010111101010101001101011010100111
010010000011100110010011110101011010000000000100110010101001000001110101110000000111011011011011
110101101111101110001110101000110101000110011100110100000101001110011100010011110010110101001101
010011101111110100000111110101000111010000001101100000101011100001100101010101011011011010100000
101101011100000001010111000111110001001100011000010000010010001001111110111000010011110011010001
010011000100001011100100000011101001001010011011001110101011010010011100001010110110101101001000
001110101101100000001110011010001110111001111001001111000100110010101001101111000001001111101001
010001101010111110011110000111001110011011101000011000011110111111100101100011101010110101110000
111011010000011101011111101001010011111010010011000000111011110100101010010011111011001000101001
011000011110100110101100001100111110111000100111000011110010000100001110110011011101011110000110
011000111001110011001001011111011000110001100110110011110001101001011000100000101000111111101001
010110101111110100111000110001111110100110001100110110111110111000101011001101111101001101010000
000001111111100110010100110100011011000001111100001011100100101100111110110000011000010001001011
001111111110011101100000011111100001011101011101001100011111110001110000100111111010101010011110
111111000100100111101110100001011011100111100000011101010111000000110001110100101101010001011100
010100101010001001110000001101000101011001101011111010011111110011101001100010000010111100100110
111110100110000011110101010000101101111111100010001000110100101110101010110010010101100101000000
010010000011001000111000010000100101111001000001111110011111011110100000110010010110101000000000
010001001101011110100101101010100000101000100000001110100000111011010111110010001101000100110111
110001111001101000110101101100110011001001100110110011001111110100111001011110100010100010011101
001111100111001100001101001111011010000001011010011100110010100101101111000011100111111010010011
111000000111000101001011100100111100111000111000010101101010010011010000101011000110110000001100
110110101101111111111101101010010101010110001100101111110010001000100100010000100101101111010110
001000010000101101001100011010010101011110111100001011100000001101011000010011011000001110001100
011100010101111011011110001101110111100101001101011010100000011100101011101100000100111011111010
110111001100110000110001100101000001001100000011011010010010001100001110110110010000101101100011
110010011000000010110001110110000111010000100010010001000111111100110001110001001010101101000110
001100000110001101111011010101111001100001010011111001000101100110001110011100101010110001010100
011100111111110110010111011101011010000110000110110101000110010100110100100100111010101110110001
010011010101011010001101111000110010001101100000001010010100000001010110000001010111011110101101
111110100101111001011101010101111110011010111101000100000110111001010000010100100010000111111111
000101110011001110001000000000100100000011011011000100100111011000100110010011111010101010111101
110010101111110010010100111000101000001000000011101100010011001000100001011110010101110000011100
100100100111010101000001111010101110011010010000000010101000010000111100000010111100011100110000
110000100111010010111101001000010110001110000001111000010000110010100000010011111111011011000010
101101110001011001000101000010100100010100010001110010010110101010010011001001101000101011011110
010001111101100000010101111001001000101110011010001011100110010011111101011001110011110011011010
010011100110000000010010100001010110000000000010000000111011011001110000110100010011001111001110
101101110000001101011100010010010010110000110101110011110101000111101100001011100010111110000000
110100010010101100101110001010110010000001000000000100000001000110001101010100101111010110100101
110100111111010010001000011001101100011101110011111100010001100000101001111001001110110101100111
111001011101101010100110011011100100011111011001111100011010110010010000011110110111110000010101
001101100000000110011111011111111010000110000111111100001010110100010110011111000101000000000101
000001011110011100110001010110001101101001101111010101110101011001111110101111011101010011111110
001010011111010000110101111110000000110101111101011011010110011011110000000101011011010011010100
100100101000001100100000001000101101010111001100111011001000000001011110011101001010100010011010
001111110111100111000010111000110111001010001101000110101011011011001111100011000000010010101111
101110101101000111100100001111010000001000101110111100010011010111011000110010001100101111001110
111011101101101001111100111010100110001001011000101001010101000100000011111000110101110110000010
001101101011111001111100101101110101101100101001110111110111101001100010110111011001100111101000
100100000011001110111011100111111111010011000100101011000101111011110111010100001100111001101010
011010011111110000001010010011011100110110110001100110000111011001011010110001110000101010001101
101101101001100011000100110000111010101100011001010110000101101000011010010110011101000011110111
010100010011100011111000101110010101000100011100100110001101101110001110010100110001110111111010
110001000110101011111011011111001001001000110001011111111001100011010111010001101001010110111101
011101100010011000111111010111111111000101010010010011110110100011101111010011000111001101001011
101100101100000010111110101000111100101111001000001110111010010111011001110111111010001111000101
011001011100100010010110011011100001011010000111111101101100000110111000011111100010101011001010
101100011100110010110010011010000110010010010010010110000011111010100010110101001100101000010001
010111100010111011111011011000010000110011111110001110101101100000000000110000010101101000000011
100001111101110011010111001011011000101100110000001001110010001101011001111010111011101100001001
110101000100111000011010001111110011010110000110010000011011001011000000100000111001000001101111
111110000011100001111101111100000000111100000010000010010110000100010101111111001010011101010011
001011111111001100011000010111010010111001001101110110100010000100110111010110110011011101111011
001111001101011100100100000000110011011010100001011110010110011100110001010000110111001011011010
100000010001000001100000010111111010111101110000110101001101101100010001110000011111110001011100
000101010010001100000111100101100100010100110011010001010110110111101001001011110010010101101001
111100110001001111000010111101010111010100010000110001100101000001100001010011010000011001110011
101000000001110001100010000010101110011011100000000010100101011100000100111000100010100011111100
100010001110001111111100100000010000101111010011110000010100100011001101110011101000101011101000
110011111001111000001011010110000111001000000111100011100010110001101011000010000000010100111010
101100000010000011111000100111010110001110101110111110101001110101001001011111110100111000010001
011001110000110111101001101001111001111010100100001111110001001101100000001100010111111010001000
001100100110110101010011011011011010011110100010110000010010111011111101001100001001011100111110
100010110010110110010110000101100101001000010000100001001000010100001101101010100001001101101000
011001000001011110000000110000100110101110001111111011010001000111000010011011101001001101111000
011001111100000111110011101111110110100111001100110000000000100001101011010110011100001011101001
000101110010001011001101001100001000001111111111101100110110000001100110000000000100111001111001
000101101111001110011001000001110101011111111001100011110000010010101111100110111011100001111011
101000101010100111100100101010010101011111011000110101111011110101111100010111001011110100101111
110101001001000100000110100011100101100000110001110011111001000111110011101110101011011111101111
100100010100111111111110111111101110100010010010001110001010111001010111010100010110111001011001
111010111011000001000000111110000011011001101001010001010000011001000010001010110110110111010101
110111111100111100011111100000011100111101001011111110111010111101010111010000011011110110111001
100100100101010001001100100100101011001111111011100101000010100011011111100111010110010010010001
110011011111001100101110001010101111011001110101001101111111011011011101100000110101001100010000
110111000100000111101101000000001110010111110000000011111000101011000100001101010111011011011110
010010010001110010010000011001000011100101010101000010111101100001001100111100011011111111111100
101000111010000111010111110111101000101111011110000001000011101001011000110010111000101110010110
011011110110011011011000100101101101011110011100100010100011101111110010011110111000110010001111
101111011100111111011101010110101011110010001111010001100000011111001000001010101101100010110010
100110001010101001010110101011100101001101111010111010000101001111011101100101001100110100101000
001010100101001111111110111110110010110101110111100010100011011110011110100111110110010110000110
111101011111111010001101100111100000101000111111011011110010001000010110010001000001111011111000
011000101111000101000100110111100000010110101101010101010010101010100111101001110111101110111011
110100001010010011001111011010110101110010001110001101011000001111110010100001000010100111000101
101010110010001100100011101110111001110101000000011100111111001101110110010111110111110101101000
111010100010111100110111000110001101110101000110010110100001010101100110011111111101110100101010
100000010110010000010000111100001100111011111101000111000100000110100000100111001100100100110000
000100010000000100110101010001001011001000101101000111100110110010010011111010111111010110101101
000101000011011100000000010110101100010110010010001000011001101100001111011100001011001001011111
011011010010010111000100010001001010101010001101011111110100010101010111111100001010001100001111
111101000011011111001111110001010100011011101000110111001000000100110001000101100100000110101001
110001000100011101000100010101000100011011011100110100110111111011000101111010011000101000000010
011111100011000111111111010110010111010000001001110000010111010000011101110011110010001101111011
101110111111100001011111100110111111100000011001000000100000100001101100000001010001100000110111
110011011000011110111000101001011111100100010001001110000100110011100010010100100001011011000011
110000100110100001011101010111100010010010110001011000100110100101110011111111000110111010111101
110000011000110010110000011110000001110001000001100111011000001001011001111111001111011101111010
100000100111101101001001011000110010110010010110100000101000101000000100100010011001101011110111
001010001011100010011111110011000010001010010110110010110000000101111111000100011011101010001011
001011010100001011100011111010100111001110111111010000001011111100011010110110000000000110110010
011001100001111110101010001100101110010100110101110111001100010001101100011001101110011000101110
001110010000110101011011101010101001100101110110000000110000100111000100101101011001110100001111
101101000000001000011100000100100001000110001101001111010111100010100011110001100111110001000111
011101110010011110110110010010100001000101110111010100010101000010011111101010011010001100000000
000010101111101001010001001100000001011111010111010101001101100110000011101011011101000011101100
110101100101000000111101111001100010010111001011001111111101010111001100111111101001111000011100
010010011111110010010101100111100101000010100100000101001010011101010101101001100000110111000011
001010110000010110011110111100011001100010001000101100111010101000011100100011111011011001111011
110010101001111011100110101000111001000001111110000001011100001101000011011001101010000001011000
000100100000001011001100001100110001101101011110001100100010101100110101111101011111101101101000
000001111111000110111110001100000001100001011011111011111101000010100011111011000101000000011101
110000110001001111110100111110111111110101110011011000110111001010110100001110110001101001110101
001010001011110000010110100000000101100111010101011010001101110101000000011001001111000110011111
010001100101001010110101010100000000101101000100001101010111011111010100101100100011001111010011
010011010110010001101000011010001110011011001010011010011011101010100111011110101110000010000001
100001111100101001110110111010101110100010111101100010010101111110100100110011111100110111110110
011011100001001110001111000010101110110111100111110110111111111000100010011010010100100110110101
111001100010100111001010110000000100011000111110101100010100010100001010101000110100110100101100
010010101000010001001110001010100000001100110111100011100011111010010011110100100111010001100111
001010110001001111011111001110111011101001011111001110111100011010011101101110101101010101100010
000100011110111011100100001101110001011010110000001101000111111011001011110010001100000010001111
001000100001000101111110101101100010110110110010101110100100010110001111111100111101010010000101
101011000111110011110110011011001000011101110011111100101001000101001001110000011111111001001110
001111010000001011110010101001010101000010111100111001000100100101110101010110101100101010110111
011001001110111001111000110000101011100101000100101100010101110100100111000001011011111000011011
111000001101011000111101110010111100010001101110001100100100000111011011110110111111111101111100
001010001111010011000000001110000100001010001110010001100001000111000001111101011111000111110000
010001100110011011000111010011101001011111000111010101100011011110000010111100100001101000111111
000001100000011111000000111101010001010111101101011110000111111100001001100100001011111110111111
000100000000000010001111001100111000111011010100010101011001000101110011100000001000010000000001
011111100101000000110111001111100101011011010111011001010011100011111010011100011111111100111110
011100011000110100100110111000010101001000000011001000011100010111000001110101111010110101110110
000101011010011011101100010100100101110000011110000100000111000000001000001101010101010111011011
001101101100011001101111010001010110001011010101101111100111000001110101010100101111111001011101
000100111011101110001101011110001010111111101001111011111000010000110111000011101111011100101001
011000001101101010011010110011000111111100011100001010101101011010111001010100010011101010001000
001010011001001111011011111101101010000000000001111000100101001001100000010100111001001000100111
110110001011100101111111010110010111100111110110101000111001100100000000010000001010011011011011
011111101100000101000011000111111101110001000111001010001011100111111001100011001001100110000110
010010001010011101000110111100101101111111101100100101111101111000100001011011000111111110010000
000010011110110110001010110101000101100110110000100000011101101110010110111011110000011100000111
110010001011000100001000100100000001111110000000100110010100010001000101101010111111110101001001
101000010011000100011100000110110101000110101101111110000110011100000100101000110111000100010000
111000111001110010000101111100000000101110111001011010111001110101010011010100000111010100110000
000001001011100110010100001001001011110111111101110010011001011000011101000100011101011100101110
000001110001010100100111010110010101101001110111111001100111010001101001100111010010011010100100
010001100001110010110111010111111111110111010010001101110111011101110111011110101101000100111110
100110001111111101100111100001110110011110101010111001101010100000101101111011011111000100101110
101101001111001000100111001100000000000110111100011000100000011110100100100110011011001011001011
111000010010111101110001100110101001101101110111101000001001000110110110101101000001111011101100
101001000101010000000000101011101011101010001011110000011101000000010101000010001100010011101001
100101011110100110101111011000100011110000010001110001111001011010111010100111110000001111110000
001110111001100010111001000110111000011111110110000100000001101110010101001110001011010111110010
110000100110101011011001001001010001000000010110100101111111101000000011000110001101011011000110
111111010111000100001000111000001001110101001001101101000000011010010111000110000110100110101011
010111001110111010000010111110000110100101000101000101100110000110000010000101010000011011001011
101110011001011110001010011011001101010111000001001000011111111001001001010101110000100111100011
010101101110100000110101101100101011000101111110010000110001001000001001000001010101100011000001
101111010011001111110110111111110001010101001011011110111001001001011011101100010000010101100111
001010110000100011011101110011101100000100101010110110111111011010100010001000111001001001110111
100100101011010001110010101101001000100001101011011010100011100111011010011100000110111101100001
111110100010100101000110100110010110011101101011101000001100111111000111101101011000100100111100
101100011001001100101110110010010010100101010101111111101100001011111011010001001011001011000110
000011001100001101011011101011100110010000111011100110000001111110010011010100111011101001011001
001001011000000010011001110011011001111100000100110000001110011111011110100010100111101010010111
100000001101000010100111010111010101111010000110101100111011111111011110001000010000110101111011
000000011111100110010001001111000100110100001000001100010111101000110001010111001001111110100110
001011011111000111010101110001011010111110101001110000111111110100101110001100010101100111011100
010100111100101011111101001011111011000010000100011010011100100010010001010101001101010001010001
111010101111110111010000110010111100100000100010101100000101000010100010111111010011111000101111
111001011110110001000010101001101111010011101011110111001010010000101111100000011010001001000010
110000010010010001110111100100101110100000100010111101100011010010010110000000111110001000101110
000011101110100011001110100001100101010111011111000011101000110110011011110011001010011100000010
011010111000100111111001011101010110100101101000111110110100110111110000011010111000111101000000
100101100000000010001101011001011011111001011010010110101111010011100111100110100001001111010010
110110011000110110000000110101100011011111001100101011001111001100011011010100011000011100001000
110000010001101110101010011111011001000101000101101100111110111101011110100000010001010011000000
000010001000000110111001011101100100100001111001010001110001011111010100011011000110010010101100
110101100001101001110000101001111101010110011000111111010011100011010101001110111000010000000100
100001001100000111010111000101011010111011000011001001001111100101000111010101100000100010001101
111110101011110100101000110100100000100100111110001011000101110010100010000110100000101000111101
110110001110000010000000001001011111100000111011001001101001101011001110010001101001010101100000
000110111110011111111011100011101011100101100110100101011101000010100110011010101110010011010100
110000000110011000111100001111110011101010111101010000111001000011001001010000101101101011111011
111100011000101100111001011101011001100111100011100000101011111111000100000111111010000111110000
000101011111010110100010011110110100000101111011100111010010001100000000011010010000001000010010
011011011111011100111010111110110111110110010100001010010010110100010010110100110110010110000110
010111010110110110101110011111001111101101010101111011111101001100001010010101110110001000110010
101000110100111100111101010010001100000010001010010001010000001100011001100110001101010111010110
011110000001111101000001101110010100111100100111100001100001010101100001010111011101010110110001
011000110111110010000000111010000010011110000111011010010010101100011111001000111110111110101111
101101110001100010001110111010001001110110100001110010010000001011010010001000000100000011101000
010111001000001011010101011110000111001101101001111100001011001000001100110010101010101001101100
001011011101101010001001110110001000001110011110100001001110100110010101111111011001101100111101
001110000111100110001000001011100111110000011100011101110100100000101000101101011100011111111011
000111100100001100011101000101001101001011101010100101001010111110111000101111000111100110110101
001111100000011100010001111001010010010011010011010010101000001111100011000101001101001110100010
010100010110011110010100111100011000100101111111001011101000000110000000010000010010001000010110
101110100101010010011011101111010011101010111001010110000000111011101110001011110000101110111110
100101001010001000001011010011000110101111101110101000000001000010101100011110010010010101010100
100101001000001011101100010101101001000110001011110101100111111111000110011011100110101001011010
000101100100101111011000111101110011110000100011000100111010011110001010011011111100110100111110
110000101110011011110101100010111111101010000010010001001111110101100101000001001100000110101001
110010110000001110110011101111110100101111010111000001001111010101100110111100100010001101100111
100010011100000100101111010101001111000000111001001010100111100001010111001000011101011101001100
101001110110111011000111001110110100011000000101000101010100001100001101101001010111110110111110
000100101101010000111100000101011100111001011111100011000101010101110100110110100011101111001101
010010101011001100011110101010100011010011001111101110101110001010100100000000101011001010010000
111011111011100011111011100111001010011100101001111111010010011110101110011010110000101101000010
110000001110010111100101001000100100111100101010010010011110001011010000111000101111110001100000
101011011000110100001111010001010010000101101111010110000110111010111111100111100011111010111010
100101011110111000101010011111111001100100010000011100000001111111111000111110111000001010001111
111110101010100000010001110011011110010110100101101000010110001111100110101110101101111110010101
001000010001100000001100101110111001001010110101001010011100001110101001010000111001110100010011
100000100111000000111101000110001000110101101011111011001101000101011011110101110110101110001010
101001101000011001001100011011110100000010011001110111101111111100101011110111111100110111010000
001001110001111110101111110101001100010101100110001010011010100000110100101001111100010100001011
001101000001100110110000001100001010111110110001100111010001111010100101010111011010001001111001
110100100001001001001111110111000000010101100011110110100111000011110111100010000010001011100111
101100111011010101011000101000010101011011100111000001001001011100001000010100110000001100101001
111101100101110010110101000101000110011000111110110101111011001010010111011010000110011100100111
100110011101001111010101101010010111001110011010011101010111000100100010100111110100100110011101
010110011111100101010010000100101110110111100000100110110110100001110111010100110111101101011001
111101110001011110110001101111011101100011110101000000011001001110011011111100000001100101010001
010011010111100000111010000100000001100111110001000001111111011001010101110010011100010000110001
101000111010000010010011110010000000101010110100111010100101001010100100001110001011101001000001
100010110010101000100011111101101110011001111011111100111010000111111011100011011110001010000110
111001001100001110001001101101100000001010111100101000111101101001010000110001101010000001011110
001001111110110100111111001011000010001010100001110001010110000000011110011001101010000000011111
001000001100111000110110010100001100001000100001100110101101111010110101011011001100001111010000
000001101010111111110101101101111011100111110011011100001101101001011101100010101011010100100100
000011010110010000000110110110010011110010101001001101100100010000001011111001110100100110111011
110101010111101110111001110010000011101000111100011000001011111101010111000000111010111001011101
110100110001001100110100001100100010111011010010111010110100101100010100101111001000100101110101
001010000000010001010000110100011110100110000101011010110101000101100000110110111000001001111110
000101001011111000110100100011010100110000111001110000010101001011001100010110101101000101100011
100110110111000001011010101011001101100001011100010001011001011000010100011100011100010011101100
001011100000101010101110001110111010100111111011100101011010010011100001100101100111100101011011
000001110110000011101100110001011011110100011001001100000010000110001110101010100100101010101010
011100010000111010010101001010111101100110101111010100001100110111001010101001001011101110111001
101101001111110101100010111001011000001001000001000011100111001110001101101101011100111010100011
111110011001000110011100110100001111010101111001100110101001111101011101101111101010111000111000
011111111001000000010110001010110111011101000011101101001110010010001001101111000010100111110001
010010100000000110000001010101000010001001111000011110100011100110101110010110011101011011010100
011111000111111111101001101110011011101101010111011111011010000110011101000111100100011010010011
110010011011101110100111101010101111110100001010110101101101101110010011101110000101101001001011
100000001001010110100101101010111101111100010000001011110011111011010100001010010111101101001010
100001000001000011010001010010111001000010001110011101101011101100110110001011100001011100001010
010001000010100110010101001010100010111000011011111001000010011001000001100001000011110110000000
100110001101100100111101011011000000000100000101101010111011100111100110100111010011011011001110
110010011100100111101001000011111001110000111101000001111011001100111011111111110111100010000101
000001011110111000001110010111011010101111010011001001111000010001110111001101011111001111011001
010010100100000111000101001010010001010110100101010000011100011011000011000101111101010101001000
011101010010011111110001010000010000010111000101101000110111010001010100000111011110110101110010
001000101110111111101100100111001010111110001001101010100111001001110100111000110111001101101001
100010000010011110011010000011111111010100100110111000011110111001010011100010100010101101111001
111010111101111100100110001001100010111000110000000111101001011110011000000001111101111111100110
001111100001010010100111110110000110001111101101110000101011101110001111101101111100110000011011
001101110010011110101011100111101010111111110110010000110111001011111100010001110111101010011100
111110011110010100101100000110000100001010110101001110100111011000111000000110110100101010110001
011100001001001010011100001110110010100101001110011101110000010011101111001110100001110100011011
001000011000010101101001000000010110110101010101100100111110100001111010111111110011000011111000
110101110001001101110000111111100010011100110111110110011101001001001111111100001000001001111011
001011100110110111011000011101011000010000111100011110010001010101110011111100101101010111000010
010001110100110001100100110111000000010011111001110110000110111101011011101100011101100100010000
101110000101101010000000100101100101101000100001001011110010011010011001100100011001111010101000
000101100010111110010000110010100011100100111110101010001111010000100000001001011010001100110100
110001100001010111000010010000010010111110101011011111101100001000111101111100111001110001101100
001100001111110000001010010001001100000001001111111110001100101111000100111111100000011111000111
110101110110011011101110011001011100010100101001001100010100011110101110110101001111001001000010
111101100101110001001011001101000111100001110001000001101001100011010110110011010110001001001100
100000001000000001110001110011110101110001011111111111011000111101101100010111100000100011010100
111110011100100111011010010010001110110101101011010100001110011011001101110101000100010100011001
110101011100011000100010010110110101100000110100101101101101101001110001110111110111111111010011
001011100000010111011001010011010000011100111010101101110000111001011000010110000100111101011101
011101000101110110110110011001010111001100111010010101111010100001100110010101011000011111011001
101100100011010010010100010010011010101010100001111111110100110000101010111100100100101010111010
011110101101011011110111001101010111100010001000101010110010001010000110101010101000000011001011
000110011001101100110000110101101010111010111000000000001111100111100101100011001101100000101010
100001000000101110100011000110110000100000001101010100010101001001101010100110010111011000000010
001001101000001001110010110011000111011000111011010101100000100001011011000111000111101101000010
011100101111010001101010000011101000100001011101011011001000000011000110110101111001010000010010
010000111001110101100001001011101101011011010011000110101001111000010100010010111010000100100000
110101111001011011100100111110110110100000010011111111000100000110101100111001011110111100000000
010101100100101010100011110100011100100001100010101001000101011001000101110110110011001111001001
111001001011011110101011001011001111111010001001011110000101110101101101010010000101010100110100
101111010100110011100111010101000110010110010101111011111001100101010000010111010010101111111001
100111100011101010010100001100101111001011001010111110100011010110111001111010101111110100000101
001001111010101010010011100100101001001010101011010010001100110111000111111110010010000111011111
100111000010000110000000100101110001001001101001010000100011001011001111000100111011100010101011
100101001000110111101001111000001111000001011110011110100010001001001010100100011010001001010100
110000100111101001001100111101110100000001001101101000100010011100101101010000100110010110100100
010110001000110100111111101000011101001101001011001000101001000000001100011001000100101100010111
011011001110000101011110001100010001000001010100000001100010100100000011111011000000000100101010
010101101101010000000101010001110011000001110010110001011100100101001101110010101100100011001100
000100101111010110101001111010011111001101100011110110101011000000011100001011110110110010100110
001101111101101000000011110011011110100011110100110010011011100010000111110101000100101101001011
100010111111010110000110001101100001000010000100010110111100000001000110101011110101100011111001
000110111000111011010010100000000100010011100101011111100101101111110110001011010010011011010110
010101100010100010111101010101011111100001111111000000011100000001110010001100000110010010101011
100101000000001101010101111010000101100011010101101111100000010100010100001001011000000111001010
110011111111100010111000011101000110000001111010100100000011011110100000011011101011001010001010
100101001011101110101100101000000010000001010001001100111011100011010011100010010001111011100000
111001010001101000101011111001110101001001000010000111101111111000101111000110111000010111001001
101100010100111100100011101011101111101000001000001010000000110001100111000101011000010100010110
110011010101101011110100101111011011100111110000100010011101100000100111000010101101111110100101
000111001011100010011100010100111010110001000010111101011011111010111010011011100111011001000101
101111001000110101110100001110010110000100101001001101011110000001011111001000011011100000111010
101010011101110100011111000100000111010000111010001100010000011111000001100010000110111110000010
101001000110110111110111001101001110001110010110101111000101110011101001010100111110000011000110
010011101101111000100000010111111011010110001100100011011011000100000101101100000101011101001000
111011011010110011000101101101010100000101010110000101010101001110101000010100001010100011111011
111010010100011001101011100010010100010001001010010011011101010011110011100001010100100001011001
110101101101000101011011010101001001111100000000001000010111001110111101011001001010000101111010
110101110110011001011001100001100100011110010000000010000110000001000001000001001001010100000000
001110011001100101011010101110100001000000111010110010001111101111111010000111100010101011001100
100010000110111101011110101011100111011010001010001100011111110000011000101000000010010100100011
101110000111001010011111011011101010100110110010011101011001110000100001001000001000001001011000
101111111010101110011100110011000010110011101110010010111011100101010111011111111110111100011011
110111011101100110111010001101000011001101111010111110101100011110001001100001110011111010011010
000101101010001100101011100111101100110001110011111001011001101110101000101101011001001111010000
000111011001001001001110100110110100001011111011100110001000001001110101011100111111110010011010
100010100110110010011010101110111100000000011001110001110111100001011010000101011101010010001101
100101011011111100010011001111111111001110011100111011101101001101011100101010011111100011100101
010101101000110110100101110101001000001110110010101011011000101110111001011011110001011101000001
001011100101101101010101110110010001100101011110011000011001100010111111001100100011001000001011
001000100110100111000101000100011011000011000001001101001000000111100000000100001100001110010000
110111100001101000101111110000000001010100011111001001011101110000001111101110010000111111110011
011001101111101001110001100000110100010100111000001011010000110110000100000001110011001111000110
001001110101010100011101011011101100111000100100000111110010000110110100000101111000110000111010
010001001100110111010110110000110001111010011001001000001101101101101100011111001000010011010110
011010101010010001010010000001000001111101010010100101111011000101100100100011110101011110010100
101000111111110101011101110101000100010111110100100010011011111111000110011011111110010110010000
110100110001000011000011010110000101010101001101011010001100010111100001001000111100010010101001
110111110010110100111111000111100111111101110110100000110100110101000110010111001011000101001001
001010111000101000101011001100111100011010010010100010110111101001100101000010011000100010010001
000001011010100000100110111011111000000101100010001111010101110001101000110011001000011011100100
011011010111110111010000011000011000111001010011001000111010011000010010001011101001001010000111
100101100011110001011111110111110000000011111101010110010000011010001110100010000010101110011101
010101001111011110011110111010111100100111011000111100011110010001011100101101001011110000001010
001101110110100011110101101001011110001001100111101001001111110110100000000010010000010101111001
100001111110111110111101110100000100010110000101011011011010000011100100110000000000111100010000
011010010011000010000011010010110001101111111100010101011000110100011000111110010100011111110000
001111001000010001001100110010001001111100010010011011111001000110111011010010010110010111010101
001010110100000100010010000101011110010000010111010000101001001101001100111101010011011010010011
111101011000110101110110000001010100111100000101011001000101010111101100101110001100111101000111
100011010010101111001111010111101011110000111000110011011010010111001101100010000010011000011111
011010000011001001111100010001001001100110110011111010110000111011110110110111100101101111000110
111001100001111101001010010001101001010011000000110010111100110101011000100010101110100101100100
011011001010001111011001010110011101100011110011011100011111101011000001111000111011100101011010
101101100000000111110101011110011011100110110000011001100000011000011111101010011110001111011101
111111100000011001010100000000011100011011011010001110110101001110010010110000110100101111111100
000011010110101100001001011010010000000010100110111110010101110100011011000110100100010100011010
110000111111101000011110010001100000010010001111101001011010000000000010010110101001101100101101
000001101001011111000100100010000100111101110100101011011100100010000110001101001110110110101001
000100000110011000111110100110001011000000000101111100111101000010010100110010111110110110010100
001010110000101001110101110110100001110110111011010000011110011100010011010011010000110010110011
111001010010000011000010001110010100011011011011100111010010001001111110110110010100010011110100
100011011000011001100111111101010011010100001101000000001100110101000110011101000111000011011110
001100101100111010001010011110000111111001101110010000010110100011111110011011100001000011111010
001010011001101110001100011100011101101100100001100110000100010011100011011111100101100011011010
010000001110111011011111111010111011110110001111110011010110011001111011001101111001001100010000
101011110000000011110100010011101111011111000000011010011001101101010001010011101110010111101011
011111000101100110010111110100001110110000011000011110110111111010000000100111111110100000100001
111101111111100011100001000010010001010111010101111001101010101000000011010111010110111111111111
010101111011111010110101000011100110011111011000000100000101011111110110000000101011111001010000
111000100001110111001011011101110111111001100111111111011010111111101110010001010110000101100101
011111010010110100011011010011101000110001000000110111010101011001010100101100101110111000110001
100111111000101111110011101100010011110101010000111001101001110100011011001111000101010101010000
000010100111001011101000001100100010011000011000011110011001101011000111001001011101110110100011
000101101010000101010110111010111010101000001100111000010011100011010001001011110111000100110010
110010100010011010101100001100100111010111011110011110111011110110011101111010100100100100100101
011000101100111000011101010111111001010010000100100110101000011101010011111001111110111000100000
001001100000110001110110001101000011111110111110001011011110110111010111000000100001100101101100
000100101111010011101111011000100100101101101010000111010110111111010001010010010111111101110010
001101111101101100011010011101010101011011001101100110100000100001001110011001010011110001101011
000100110110000110011100011110110101010110010110101001000100100010010111001101011100101110000101
011110100100001010010001001011101100110011011101101010111111101111101101110000101000011111110111
010000101011000011111011111110111110110100011100001110100101101011011001010010111011011000011000
011101000100110101100001011010100110101011010001011000100111010011100001101001100110101011101100
011000110010100100110011011001001110000001001010110011110000010110100101001101001010001100100001
010101110110011001000010011101101011101011000001010010100101010111101000010000011110100111011011
100010111010010000110011101101101100100010100100010000100010101100101111101100101111111011011010
001000101010101100011011111111100111000001110010011110101000101110000010001100011000000110000111
001111110011111000100100101100011010101010001000010100010001000111001111100100000110111101111110
101000001101100101111011001000011001111111101100111100111001111010100110000100110111111100010110
110101001111101010001001110011101110101010101111000110101001001011010101011111000101000101000000
100110111000011011101000000010100011010101010111100000000101011001000110001110101110100111011100
011110010001010000100111111100001100010111100001111001110001001011001000100010100010100001100100
000110101000110000010011010110010100111011000001011011000011101000100110011001000101100000000110
001010111011001100101011010101000110100011110110110101011001001001010001000101011100101010001100
000110110001010110100110010011101110110111011110010101011101100101111010011010000010111000001111
010101111010101111101101110001001101011010110110110100101001001101111100000100100001110001100000
100100000111000011101101001101011011011101110101001110011011100110100110011010011011110100000001
000001001001111101011011001100011001011111110101110101011101110111110101011100100001001101101001
110111110010110001000011000111011010011100011100110010101010011111100010000010110010111000101001
011111100111001010001000011101000110101001001101001101001110100000001010001000001100011111101111
001000111100100100110001111001010001100001100000011000000011110010001001100010100011101010110101
010111000110001100101010001111101100110011001110001010111110011011111001110110100001100101000001
000011001001011111111110101100111001101100111100100001011101101001001101001000111001111000101111
001001001111011010001101001100101111010100010001111001000001110011101110001100001011001111101010
111000010001110110100000110111001110110001101010010111110011100110100110011101000101000010110010
101100110100011010001010011111000111000011111101101011110100010101100111111010110001110101101000
011110011010010101000010001010010111010110000110110000110000111010011010110101110001100011011001
011010100001000011000001001001110110110110110011000111011001000110111101111111010001000001000011
010100001111110010001001111101100010000101101010111000100010111110111010011111001111001001100100
010101110110101100111110101111001111101111110000111001100011110100100001011001100110101110001000
110000001001000011111110110111111010110111101011001011110110110110011011101011000111110001011011
101110001011000111101000000011111010011011101001011001111011110000110001000001110111010011110000
100110000101111001100011000100000000001110010010110101000001010101101100100100010001111001011111
000000111011010001010000110011010000001111010001011110110111010100010000100110100101000100000100
100001101011001100111010111011111111100001110110000010111010001110101011100000000101000100000101
011011110010111000110101001001011101110001001011100011001000100000110110110010001010100101100001
111001111010011011010110000110100001111110100011111001100101000010010100001111000001100001100010
010101111110101100010111100001001010001001010100101001100010000001111010111100000011011111101001
001100000100111000011011110101110110111000010110101001100010100011011101000011010011001001000010
010011100100111011100100110110000111100011001101000000101001110000000111011000110000111101111100
101011011100010101001010001010010011111111111011001100011001111110110111001100110001011101110000
000111011000111100001111010111001110010000110100010010000110000010110010111110000110000110010000
111010011101101011011011010111010000101010010100100010011100011011011010010111110111100101001100
000101000000000100011110101110010111010110000010001100001000100111001101001100101101100100001111
001011110110000000100001100011001111100111010011011101000100011111010010110001011011011011101101
010101010011010101100010100100011010100011111100000110010100011111111100101111101101110110101101
110110010110001001000101100111000000110100000001010100100101001111100100001010000111001010100001
110101010101000110000001100011000101000010000010011000010010111001010110100011010001110100101011
011010000111111010011111101010101111110100100100010010011110101100001010101011010111100000110100
100000111110010100100000110001001011100111111010110001000010100010100011000100010010111000001111
100011100101101110001011011100101000001111000110101010011001011001010110111001011001001011001100
101110011111111100010011010011000011010001000110110010000100111010011010100011000110101111011110
101111111100010101001111010110111010110110001100100100000011101001111010100111001000000100011111
000100000110001101000101100110111101100010111110110011001010011001100100100000100000101111000101
010110100011011010101011101000111101000110011000000110000110011000101111110001010100011000010001
011110001011011100010010100001100011011111001111101100111000000011011111100001011100011000000110
110111111110000101001110100000100001010010011001100101110100111110001111101011100111101000010101
100001000100000110110101000001000100111001111011101100000101001000010011110011100000100001100010
110001011101000000111110000111000111001110011101110100101010011001110101000110101011111111110000
100001100101000000110000000111111101000111010011011100000011001100110011101100111101111010000110
001001110100011001100011101001100110001101000100100110001110000100111011011101011001010001100100
100011000011110101000001010100010011111011000111100011000110100011011110111101001001001001001100
011111100110010010011100101000001000100100101101100101010100101010010100011101011101110110001101
000001011011010100010010010011100111010110011011110010011110000011010011011111100110000100100001
010101110111101101110000100001110001010100111101101000011101000010000001101101110111111100000110
010010101000010110001100101010111100000010010101011010001111111011111011111101011100111000111010
111010011011000000110000111110010101100111000111101111101001111010010100000011001011001000111111
011010000010001011101111010011110101010011111110011000001100110001011001000010001011001011001100
010100111111011010101100111110000010000001101110000011110000110110010100010000001010000100010111
000001010101111101101001010100100010011010101010101001010001011111111101111110000010110001011010
000010101010010011100000000000010111010100011010111100001001101100100111010101010100010100001100
110001110001001100000100110011011001011110000110000101001111011001011011111110111000000010110100
111101100110111101011100001010011101001101000000001000000000000000100101110001100101011010100101
100011101101001011111001001101111001100100010100010111111111011100010010010101010111111010101000
100001100111010101010100100001110111011100001110100110111011100011100011000011011000000101100101
111111010100101001010011001010011000110011011111001110101010001101111110000010100001111001010000
101001001100111101100000011110110010110111001010011011100011010001010111100110001101001011001000
111100000100101100111100100001011110110011111000100010101110011010110101010111110010000111110111
100110001011100000111101110111010101011111111011110001000011001001011000011000111000010011111010
111100100111000100101100010000010111101011111010010011001100110111000010010100001100001000100101
010010010111010100110011100000001000010100000001011110111101011000001001011000111001011010101100
000111100010000100000100000101111101011111111000000001011010100111000110010010010001000000000110
100100010011011111011111111001010111101000011000011111010111101101001100010110011001011111110011
011010010101110111010101100010011001001101010101111000000011010101010110111000100001001100001101
110010100100001110101100100111111011000011111001101011101011100001110010101010001101100001000000
101010001110010011110000111011110011001110110100101001101110001111101000101111101101000101111011
001011111010111111111000111000100001001111100011100001011110001000100101101100010000100000011110
010010000101000010101101000100011011010011001110000010111010101100001111111100101000100000100101
110011001101100101011110101101100110100000110010101111101101000110001001100101100110001111110010
111010101010111010011001010101101100011011101001000100111001110110001000100101000010001111011101
110110000001101001001000100110010110110110111001110011001000100001100110111010110101010001001011
001110110001011101101010110101010000110100101010011101100010111111000110101011001111001101110110
010101101110100011110101011101011011101000101101001111000000010110001011010110100110110110111010
111110110101100110011101100000100000111101010000100011100101100000011111001110000010111110000101
100100010110001001101010010001101111000011100111000111001000011100011001100101010110001000101111
001000000101111001100000100000101110111001010001000111111110000110001111011011100111010101011001
000100110101001001000110011111011101001001000011100110010100101111000100111010101010010110110100
000110000100110101010100000101110110000010111000100000000001011010000011001010010000100101001100
011101110111110011110110100000011100100101000001001000100101110110000101101110110110100101001110
100011110101001110011111011110111110001111111111110011010010000101010001010111010110100100101111
010000110101111000100001000110010001011001010011001110011010011100100101010000111101111100000011
101111110010000001000000011110001001001010111010011100101011000011010010111011001110110000110010
110111010110111100101000000010111010101000111100011010110011110110011000111010110010010001111011
000100101111111101110101101111111000101010001111011010111011010110011111100001100101100010101110
011100100110100101111111100111011100001011010110100000111110100011100101010000101010101000111001
010000011001010110010011001110110010111100100110011001110011010011001010100000001010001010011100
111010011000010100000100100010011101100010000100010110100111001000100010011100101110000100110111
101101111110110100110111101111100111100111100111011011011110101010000110001110010110111101111101
101010010000011000110010011110010111101110110110100000110001110110111111011000110011101101010101
011101101010000100001111011010001001010101001000011001101101000001110100101010001110110111111011
100000100001110011011100010101110100100001110100001101101000111010011010101010111100110100010100
110101011010111001010000001100001111110011001110010001100011011011100011010110111010100111100101
000011101110000001100011010100110100011011101111000100001001001111001000100001111111011100110100
011010100101110101111111101001010000101111010100111111011110001001101101001111010011100000010011
110110000000010101010100110000001110110100010110000011011111111010101001110100010101001110111010
000101010100011000000010010101010010011011011100011011100011010001100110000000011010110011001001
101101010000110011100001010001011000011100100110010100001101100010011001010010110111001101000010
001010100001011001110110000000001000010101010011011100111101001110100110010001010101001111011110
000111110101101000110010100111011001101011111010010011110001111101000000111010111010010100011000
101000011110000000011011111011101000010111011100011101101001110001011001000110001110000101001010
101100100100011100011010111011100001011110011001111000001010111111011001001000010101010011110011
011010001111011100110110111010000101110101101111010110000000110010111000110011101111010001110010
010000000111001100100011111001101100100101011100000011000110100001111100110101011100101000111011
010100001111010011001011110100100110101000000010000110010110010110110110000011010110100100000110
001111010100100101000011110010110100101010010000011100111001001000101100001101111011110100011101
010000100110001101010001111001010010111001100101100011000100011011010011011110011010100011110101
010010010110101101011010010011111000000011000000011101110111011000010111011111000011101111110110
101000111101111101110011001101110100001001011110101011010001100101010011010000110110001111011100
011011000111111010100110001001101101100010110110110000000110110010101011011111101000001000001110
110000001000111100010010010100011010111011110010001110110001101010101100001110000011101100100100
011110110110001100000001101111010010110011101000000100101011111111100110110010010001001101101110
011011001011100101011100111010101000001011011111101010101101001101000010010000010010000101011110
011111100000010000111001100110001100110100010110111000100000101011101101101001111101110110011100
001111001001000001001000011000001000000101110001100100010000111100110110110011101010001011010000
101111100110011100101101110001000010100110001101010010011010101001100101001101001010000100010100
010000000111101100000110101000110010000111110001101111101011011011110111111101000100100101101001
101110111101101001100111011000010101000100111101110000010000111000111011000000000001000001101110
100100001001011101110101011111001000111011101111001111100000010111011010111010010100001000110101
110010000100100011101110011011010000101110110000110110000110111101000010010101000111010101011001
101100100101101101010010101011010000110100111101110010110101000111001111000001000101111011001001
010101100001110000010100101101111110001000010011111100101101110001011011010011101001000111010010
000110010011010101010001000100000011111010000101100111111001010101111110000110011010010000101100
100010001111111101010010000001100010011001101000000110000100101101000110010011001010101100100011
011111110011111111111101011010101000101101010010010000111011101011101110010100111110110001001010
000010101010000010000011101001100100010100100100010010001100000000000110010011000110010010011011
000010101101001000010001110010101001011110110000100011110000110111100010111111100000110001110101
010010111001111001010100100100000000100100010010000001110010101100101101011111111000000011110000
001100111110000101111000010110001000001111011010011110000001000100100001001100110011110110111101
000100100101101010100010000001100101010101110101010000100010100010000100000101101011110100001100
110011011100001111100100111100111101110010000000101000100100011111111101000111110000011100000000
000101011110000010100011101110111011100100110011110111100111010110011101010101110111001101001010
000101000001010001100110010001110001010110111010111110011110100010010110111001010111111110101100
000111100101001110011101001011000110010000100011110110111101011110100110010000010000111001110011
010000011101001101100010010101100110100101111010110001010101111000011001100111110111011100010010
101001101011010110101101111010110110100011101000000001110010011000010111010001110000100010011010
110010100011101000100010010010100101011111000011000100010001111111101001100001111000101110011110
000100101011011001101101001001110011101000110110001100010011000100111111100000111001100010101110
110010111011010110011010000010111100000111111110111001101111111100101000111000110001100001111101
011110000100011011001010000100001010001011010000110111000011001010111111011000101011000100000110
011101110110110010100110010011001101101110010011101000100011011111001011111000101010010101100001
101011110011001010111000001011000110110100110000000111000111011000000100100010100100110100101101
010000001110100011001101101111001110111011011101111111111101001101010010001000101100110000100110
111010011100000000101001011010011000010110001000011110111010010100100100111001010100110110110101
101001001101100110010011110000110011010001111111010011010001110100000110111011000010001111101011
011100110001110101101001011100111101011111100100101010000010110000101101100001000101001001101100
110110101100011110011101001010001010101110110111111011010111110010100100001010101110111011000010
101000100110110001011011011010001111100001001100101001001010011001100110111010000010010011010110
011010101010100100100010000100011001101100111011010101101101011001000110011100001111111000101011
001110000110111000100111011110100011000100101000101111110000010101010011100010000000011010100001
101111011001110100010011011001000011011110101010010110101000100011101101100110010001000010100010
101001000101010100100000011001111011111011101100101011101100110110111010010111000111101100100110
110010111010100111011101000101110100011010000000011111000001001011001010010010000001111010101010
111110100010000011000100110101001010100101111000001010100000011110111101100100011101001001111110
000001100001101010111101011101001010110101000100111100101110110011101000011111101100000010111100
011011101001110101000010100110111101011000111111101111110010000000100010110111010100101110000110
001110001111011110011100010010101001101011111011000000111011110110010000000100110001011110101101
111111011011111000110110100010101101100100100110010011011101100011110011111001110001101001111101
010010011000100110101100100000001100010000000100110010010000100000110111000100011001001110010011
010110101011110111101011111001001001011001000111010110010101110000011110100110001111100111111110
000011001100101011000010001010000101111011000110010111000001100000011101110001110001101100110101
111010111010110100110101100111011110100100000000010100101101010000010100000111011000100001010010
010010100000010011010010111010110000111000111100001100010001010101111111111001000111010111000110
001000100101101101111111110000011010110001101011010101010010000011001011100100010111110101110101
010100010110100101011011011110100111001000110011100000000100010101101111101110010100110100001111
000011001111010111000100101011001001010001010001110010111110010111100100000111000101011110100000
000100011000110101111011110101011101010100110110111110011010011010100001011101001101110001000100
011000100010011011100001001010010101100011110010101110110001111011010100011100111001010010101001
100000111100111010110110110101111011101100101111110001111010000101101111001011011110010101000011
010000100010000101101100111001010111100010000010111110110111000000001001011100111000110110101100
111111101001001011011111110100100000110111101101110011100110010010101000010110110001000011110010
111101110010000110111110101001010111010100100000101001000011111001000001000010100010100001110001
000001100111111000010010001111011111010110100010011000001000000111101111101001011001111101001000
000110111011100100111001110101110010001001101110010100100111011111100111001000110110000001011011
011100010000011110001110010101110010000011000011000000001101001010001100010100101000010001101100
100100011010010101111000100100000001010101111100010010101100010000100100100111111011110111110010
011101101000011000010111000010010101110011111101011001101011100110110010001011110001000100011100
011101100101100011111000111111010111001110000001001001110000111001001001000101110010010110100100
110011010011010100110100111000010100000110100101111100000010010100101111100011100110010000111101
100000100001010001111010011000101011111001010110101100111010101111111011111010000100111000011001
110111110010110000111000111010111111101011010001001010001111110001000000011000010101001001101101
001111100011011010100100101111111000111110110000001101101001000100011100000101000100100000010001
010000010010011000100001100011011011000000100110010111111100100001110110000001111000001000100101
011001111101100010000011110010011101010000000000001001111101110100000010001011111001000000110110
101111001000100000110101110100001001001000000011111101010001011001101000010001100100111101001000
000110000101000110001000000001101100100000010011101101010111011111001001110111001000101111110111
000010100001110101011000000011001101001000011101011111110001000000111000111001011110101001100101
111010101101010000000110100000011011100110111010100101011001110101010101110101111011100101011011
111011100101000000011000110110001111100101001001111100010100111000000000000101010011010001000000
