111111101101111000010001101111010010111100101001010001100011110010111111111011000110100100010100
011001100100111010111110101100011110000100011100010001101101011110101110101100111001000101111100
010010110010110010010000110000111001101101110111001101100011111101010110010110100110101111111001
001001110101110111110111110110110111011000101111000010100110110101110100000101100010111011101010
101100111110001100000010000111101000101111011001111101110111011110010100111000000101010001101100
101111101101010001011010110001010011010000100000000001000000001011111100110000100111000101001110
011100111110001001101100010010010110001000001110110011111001011111011101001001000100000011011101
101001000100111100100100010010011011110111111101100110111010111001100110110100000101111101010100
011010010110100111100100111010010011111101011101000101101110101010010101111101000101110101101010
011010101101010110110110010000010001111010010101010011010101101000101100100001001011010100111111
001010001000011111000100111010010011100111100011010011111000010101100110011001011010100010101000
101111010010101001110101010111000001101010111110110100011110000011101100111111011110101010100011
000010011001100010101000110010001100100001110010100101110101100111101101000000011010010100001010
000111000010011011100110010010100100011000011010011001110101101010111110010101100100101000101001
011100111101001000100010010000001010100011101100000001110101111000110110000110111100000110011010
011001000101010100100000101110010011111000000101111010001001101000110111100101000110101110111010
001101010110101111100101101111101011011000001001100001110001100101100100010001111011101010001000
101100010111111000000101000011001110010011001010001111100000110100000110011111100101101011101110
011010000010101101101111000010001000111101011110010111111110011000110010010100000000001000010001
011111111000110111111011001011110100101110101000010011110100001001110110000000001101000010110111
011000000100100010010110100111010010010110110100011101110110001001101110011011100010001110110001
100010111000001010011110011101110001000111000011111000010100011100100110111000110101111110110111
100011000101111000100010010110110111001000001000111001011001000100010001001110110110000010000001
100010010010001001100000001000110011101101011001010110010000010110011100111101000101100000010010
000100101101111100010011000010010001110001001011100000110111000100111100001010010111100010001101
001000111011100101010111011111010000001010001011011101001100100100100000100111000100000011110001
000101101101000000110101000101000101000010011010011001000111101101101000000010011001001110101001
100111001010001101000101111001111110000111001001111110010010010111110111110111010001110000110111
011010101101110111010100110010011001101001110101010111011011010111111100111000000001011000110100
011001000110001011011010101101100001001001101011100000001001000101100010100111011001000000101011
001001101111000011001101001100001001101101111100111100000001101010111110001111101110010000010110
111100111011110000100110101100000000000111111101111011001111100011001001010100110001111110001011
111000000110111111000001100010100111110010110100110011101000011111100111110000000100110001011110
100000001111101100010101110001100011001100100000010010111010110101011011011010001011010010010100
000100000010100001011010111011001110100111100100011111010101010010010111101011001111010101111100
100100101110000001100111110110110011101000001110100011001001011011010010111000111001110001011010
001011100111100011110110000110101110000110010010101011011101000111001000011011101100100101101101
011110010010101111111010000010011011000010001110010001000110101100110001010110001100101101111001
000000001110000011000001100111100010001101100001110101100010100010110001111110001000110100001111
000001111110110011000110011011010010100001001000110110100011001101011100000011111001011100001010
010000010011001011010001011100111000000100111100111000011010101100101011110111111101100110100011
111000011011000011011100110111110010101000111110011000110101011000000100100101110010110110100111
000011011101011000000000011101111110000110000011001010000001111001100000011000000010011010011001
011111010110011110010010111111011001000001101001111111111010000000101000001101001000111011010101
001111110001010011111110110111010011110101010111101100101000111000101010010100010111000010011010
110001001101111110011101001111111001110110000100111000110111000101111101101001000010101110010001
011010010000001000100000100101011110101111001100110010111100101011000100101010010001001011011011
101011010001100101100111011001000110101111100111101001111110011110101010110011101001000001110011
110001111110111010100010010010000010000110101011000110011010110001001101001101010110001001111111
100110111101110010111001010100101010101111011000101000001111101101001001000111101000010001000001
101001110000110001111100010011011010111011101000111011111000000100010111001111101111110111001111
100110110000100000010101011101100101000111101000101101111011101111001101111110100010011101001010
110101000011111110001010100001100011001010010111110001110010001110011011111100011110111101000101
110110011100101100000011011000101101110011110011011001111010101000110100001101011000011101010111
110101010110001100001110011111010000011001000011001001111110000011111010101111000101011111001111
011100011100110000001101100101111100101111011011110100000111110110110101111010110111111111110010
011001110001010100100101010000000100011110110110001101000001111110110000101100110011101111000101
001101110001110000001001000010101000111000111101000110111011111111001101011010100101101000011011
011111100110111010010010000110100110101001111110110011110010110011101001110101110100011001011000
100010011100001010011101000011001000111110000000010100110100100110010011111001110100100000100000
100111110000001101111101010000110001000100110011011111110011101110000011100100111110111010011010
010010011001000001010101110010011111000100101111101010100111000010011001100010111101010110100010
011100111011101101011100001100110011100000010011000101110100011111001011011111101111001011001110
011101101100000111100011000010011110110100010110100100011110011010101000111101000100011011010110
101110110000000110100100010011100000101001100000011100010111111101110111101110011100110111010001
011101010111111001001110100111101011101111010101010110010011100011100011000110001101111111001000
001011010111011111100010000101011000100001110001100111000111100111100111110001110111000111000011
011000101100100011001101110101010010011111001111100101011100000011110111000010000101111101010011
000000110000010011110000000101001101100101010101010110111101001110100011110001011100111101101100
100101111000001101111011010100101001100010110110111011100010111110100101000000011110000011111000
110010011000100011100001101010001011000100001101100110101011110000110100100000010110110001100101
110001101001101011011111111111111111110111111101010111101011011010111110011000111101101110000100
111010001011101011110011011100111100100110110000110100001000010101001001010100001001110000100100
110111000111110001011110101001010101110110000111100100100100001000110000010000101011100010011100
001111011101000111011000010100111110001111011110001100110111111011011000101001010010011111000110
011110010101110101101000011101000001111111010011011000000110110011000101110001110111101010001100
101010101110000010000010101100001100011000110111011011101111110101111010011111111000100011101100
001000011001011111011000000110100111111010110110010100101000111011010110111000100000101100100110
000010111101000111001010110101001111010010001001100101011010101000010001101010001111001010100001
110010000001111111010011100010101100011110010110100000111101111000100110100000100101110010011111
100010000000010111100101100111000010100010100100100111011110100110101101001011100000000001000101
000001001000111111011110111011000110101100111011011110110101111100001100001100101110111111010011
101001101101011000111100110111101000001001011010000001001111111110100111010010110000111011011101
110011011110000001100010100110110101110000010010101000010100111111000000110100001100101101100110
010110010010101110000101010011101010101011010001100011011001110100101001001110100111000101111100
011011001011011111010011110010000100000100101001010101011100011111101000100110100110100111000010
100011011011110111001100110101011010101101111101010101101100000010001011000011000000100100011110
001000111111000010111110011100010001001010010001100010000100001101010011100011000110000001000101
010101011101100111100000100000100001000100010101100101100011001001010010100011111011010000001111
010101000001110111110101101101101011110111110110111111110010100110110111110100101101001101010101
000110000101101001101010100011110010100110100001011001100001111001111000011010100100011000100000
000001111001011100011010011110101101110110001110101001010110101110111110001011010111110011100110
111001001000110101101010010111000010100000110101010110011110101111011000110010011000110001101000
010111001110101111111110011100011001110111000001100011010000101011011111100010100100000010101001
000001011011100101000110111000100111011100101011011111001000100111011010110110111011001110111101
111111100110101111010010011101010101111100111110000111011010001000001011001011100110001011010000
010011000011000010110010010011000000000001111000011110110010111010101111001101110101101000011001
010010010011111000101011110110011000001100011101101010111011000101011100010001100111001100001100
111100000001110010111100101100011100111011101010000001010010100001001001001011010100011101010001
111110110101100101101100100100000110000010001011110001000010010001101111111011011101011111100100
101001010100111011110011110010000000100100011101010101101111100110010110000011000110001001100000
100100111100010101001011100011010111110000111110010110100000111010110111011110100100011101111100
011101000100001100010000000101000011000000110110110110101010011110011001110111111101001110000010
011011100001011000111010000100000110111111110001000111100001010111001101100111101101011101111101
101010111110100111101111001100111110010001110010011111101011101011011001011011100101101000011110
000010111100001000110110101101110110111010110001001011101011111110110000011110011010011001110100
000111101001010110000100100110101101100100101000000001111011001000101111101000110011011110101101
011101110100101011000011001110000011010110100000111000100010011101110000000000110010101011000110
100000001111101010110100000101000110111010111100010010010010100000111101101010001001100101010000
101101100111011010100010110001111111000000100001001110000101110111101100001110110010111001100100
010010001101110111110000011100011100000010111011011000111000001001111110010010110110010010101011
001010101101111000011010110011101000010101100110000100111011101111010001011011010101001001110010
101000010011001110000001100010000111101000011001111000010111101100100000110111111100010101111001
010101111000110110101001100001000100011101111011010010001010010011001011001001110010001101100110
011011000100111000100100000101110101101101100110011000101000010010000000111010100110010100110001
100000101010101100001001011011010101111101000101110001101101001101000000111111101000000001001101
010001111010011101100010100101110010011111000101111010101001110110001000000110010101111101001001
111001111010011111110110011001010100101001011101010110011011010101010010000010110111100101000101
000001110100011100110001100111110100011011010111011011010011011000101011010100011111110101000000
101111110010101111111101011010110000001111000110111001101010110011001110101100001100111100001011
111110011001101110111101001110100010101110101100111000000001100000011100110100110001000011111111
010001011000001101110011101001111100111110011010101010100110001001001001011110101111000001111111
101110111000001001010100011000100010111101100011110100000111011011001011101001111001100000111001
000110100100110100111001001010101001000110100000111010100010110110001101010001011111001101100001
110100101111000011010111110100101100111010101101011100101000000010000011000110010110101001100111
000001000011010000001010011111000111001001100111111010001000001110111001110001010110010010001010
100111100111011010001100110110110100110010110000001010001100101111001011000010010101100101110000
111011011011010011000010100011111010010001101100001110010100001111001111111100101101010001100011
101111001010111010101100110111110000000011000111000011101101001101111000000111111011110101010110
101111110000011110001111000000110001010001001101101000011000000000100100110110011111100010101001
011100100101000110111010110000110101111110110101000010001110101010100000110101111011011101110001
000000100001011001101100001101010100101100010010111111010100100011000001011001101110101100110100
100000000001011100110101111011110011101111100101000001111010110000011101000111101011010110010110
111010011111100100001011000110110001100101011001110100010101100100111110100110010110001001011110
100111011011010100101001111001010111010101111111011011000100010001111101011000000110101111111110
111101010001001101100010110111010011010000101101100110000010000110110101010101010111001100001000
100001010001011001011101100110011111100101001111010100000111011110000111110010001111010111010010
111010111001010011000110101000001100001000111100101100011010110110101000010110000000000000100100
010011010110100111001100101111110110010110101010101100101010010101111110001110111110100010011111
010110101110101010010100100011110100110000011001011000111111101100011011010010111101001100000100
111000101101011000100110111111011000010011100100011111111000011001010000110000001010101001010001
111101010101000000110001101110001100010001111000100000001011010011001100101110001111110000100100
111110010111100110011110100010000100110111010011001100101100100111000101101001000101100010100001
111001010110111110010010110101011111100100111100010111011000101000100010010101000100111010111000
100010011010100100100011100101001011101110110101100111011000000111010101010011011111001110001101
101101111111100111111010010100100111100100110110000000100101111100001101101000011111110011010001
000101000110001001011010001100111101000111000100101100111011111111001011011111011011010101011010
001101001101010111110110001110010111111001111010100101001011000011011100111001000011110011010000
001111110001100111011011010001011111010100111001000111111111110111100011010000001100111000111011
010110111011100111000011110101101111001101011100101111011100000001010000001101110111100000111001
001000010100001001010011001011010100010011011110010110101000110011001111000010111101110001010101
100010111011100010101001001111001101110000000101101110100111011111010010100010001100101011011001
101000110010111110001110110111110110100101001111100001100001001011101011010011000010111010110111
101011010100111010110011101101001001111011000111010100001001101100001100101110001101011101111000
011110101100010101011100010011100100011110100110101000001111101110110001100111101100001100110111
011011000000010010101100010100010110110011011000110010010000110110111111111000010110111010101101
100101011000101101100001001001011010001110011001100001100101101000001111110110100111111101001001
000111001011010000110101000100010001011011101110101000011110111100000000000001100000011110001000
010001110001011011010001101110100111111011111011010011000011010011001010101110001101111101100001
111000011111010011011110000110001000001110110011110000001011010111110100100100110001011010000001
011100010100110101011011000001011011101011110100110110010000100110000000101010111011011001110100
000101001101011101101100111011110100011000101011111111010101010111101010100100111001011100000111
000010010101001110011010000001001111110100000011010100011000001010011110010110010111011110111101
001011010100111100000101000110110011010000100100110011100000000101111101111010000000010011010001
100100010110011101001000011101000000000100110100010010000010111101000011000000010101010001100001
100010001110001110111010100000100010001000110010000011111100000000110001101011111000011110001110
111000001010010010100110011000011110111110011010011111001110100011011010101001001111111110100111
010010101100101010100010011010101000011101001001100000101010011010011101101100000100100001010110
010010011010101100100100100010100000001011000100111010000001000000110011110011001011100011111100
101010001001100001110101101110000111110110011110101000011000001110000110110110011110000001110011
111111011101101011010001001011100111100111101011100000011010100000011000100001100001001001001111
010100000001101010000000111010101000100110101111010110000111000010011000010110000010010101101111
011101000000101100101000011001010011100111100011100001011000110011100100001100010010101010011011
101010101111100100101110111111000101011011101000010110111100000101000000010101101100101011000001
100001111000011101000010000100011010100101001001011011001000001110101101100100110001010100101011
101011100111111111000010110011111100011010001011011110011100000111101111000110010101110100000110
010101100011111110001011001110110001011100011111101001110010101101011000000100011011101101011000
111000110111101100101001101110010100001111011111100111001100111001010110110111011011001010010111
000111111111100011111001011011000101010111010011101110010100011011110100111000101111001100011111
100011100010010101001110011100110110000010100010001111001100000110101111111000011010101100100000
100100011101101000001100101001111000101111101111010010111010000000100000001000110101000110100010
110000001110111110000000100001001111000010111000001101100000000011001010001100101101011010010010
100011100110011010000101100110011010100000101101101011111100000111001101100000100001100101100110
001011010010100000101010100010110001011101110101101000101101010110001010101101011101100000100100
010001001010011101110100010001110101100000001000010110000010101000101010011011111010010101100110
111101000111001011001101101101100010100011010111011101100111001111001111101110000011110111001100
001011100010010001110101100011011010111001000001110010111111011110110011010100010011000000000111
000110011110011000111011000000000011111111111000000011010011111011111101011000100111010100010100
111111001001000111001001011001011000110111110101010011110100110101111010111010110011100000011001
111100000101100010000001100011110000001100010010000111010001101011010001001111001100100101111101
011001101111100110000001110110001011110101011000111000000000010100111000010001100101111101000110
010111010001010000010001111001101010000101000110110011010010011100011010110000010001100011001011
001011100000010010000010001100011100101001011001111000100011010010101011111100010001010110000000
100010111110111000100111101000000001100100010000011110000111100111010001100011110010000100100000
100000000111101001110111101000100010000101000110111110011011001010001000001100000100011111111101
101101011110100001110100110010001111000100110011011011000110101010111010100111011100000100001100
111110110001110011001100001001110001100101001000000010100100110101001010110010000011011110100101
001001000101011010001011010000110100101000110101110100010110001110111110110010001101001001100110
111111110111110110011111011010100111010110001101100110100110110011101111010100000000100000000110
001100011001011110001101011010000110010011011011100100110011010010100011111100110000111111110110
101111110100000011101110000010010000110101111100111100001010000000111001111100010000010110010111
011001010011101001100000110011100011111101010101101101101000011010011100100111000101001111100100
110100110111011000100001000101110000000010011001100001110110010000110000011001100110001110100111
011001001010111101001100011010000000010000110011000110110001100101111001000001010011001001111101
110100100010001001000111111001101111011110001110110111100001110101110001000000001101010111110101
000101010000111100011000000100100111110011010101101111000111110100011100101100111100011001010110
011010101110001010100000111001101110100010110100000011111110101011111011011010001100101111000000
000111101000100110100111100110100100111011100000001100110011101110011000100011001001100010011110
001011110001111110001110000100001000100010101101100111100100001101100010110000101010100110011110
101111101001001000000001111010101111110000100101110100000010000111100111101010110001100110101110
000000101001101100000100000010011010110111010011110101101011011111101111000010100010100000011001
011010001011011000101011100010000000110011110001101101000011000000111001101101101111010111010111
110010100011100000011101111100111000011011010100101000011111010011100010111000110100010001100100
001110110101110011100110010000111001001111100011000100001001011011001011100000001001001001001101
010001001011000001101110110100010110100101111011101100000110011100110000010111110000100010101111
101101000101101010101101010111001101001111100110001110101101010000111000010011100011011001010010
010000000100110111110010001111001111110100011010010101010100001011000000111001101010110110101110
011111011111010101010110100110101101110010110111001101001001111100100001010011100101100010111010
110101000000000111011111110001000011011001111100110111111111111111101001010111111110000110010110
100011110001001110000111001110000101000100111001011101100101001111001101010111000001111011111100
101010101000000011110000111110011010000011100011001011011000011001001001111111001001110011100010
011101001001111110000110010000011110100101101101010110000000101110100100000011101011100010000101
010110111000100010000001000111110101011011101011101000100111000001001100100100001101111000011111
011000111011011111101000010000111101100110110110100001001011100110000000100101010010000001000111
110111010110001010000011011011001110000100000111110010001101010011110000101001101101111000011100
111111001111111010000110000100111001100110110001011001010001001011000111100000010010100100100101
001100001111101011010001111111001101111001000000000111011110100011011111001100010001100000011100
110100110101110001011101110100000100100000101011011101100010101011000101100011101101011100010001
101011100100011110101001011010111001011000001111000010100101000111100010111110110100101010001101
110001000000100001111011010000000011011010100000111001010000111011001010101011111010110111011011
000001001010110100000000000000100010101100100001101110000000101110111011010001011010010111100110
011000110110110010101000001000110011011000110100001100000100100100110110111100010011101010101110
101011110100001111111110111010001010011000101101110111101001111011011110100001001101111011010111
111110011100001000110011010011000110000010000100000111101100101110111100001001100101101001100000
001101110100110110110010000010100011101011110001000100010010101001001100001111100001100010000111
100010010000110111110101111111100000100010011110010000100110100000010010110111000110011111000110
001100010101100000101111111100010010110000000111000111110101001111101011101000101110000111011100
111100000001111000010110110101100111010011010100010100001001011010010001100110010010101010100010
011101100001110110011010110010110001000011100111110001001001101100010101001101011001111110100110
111101111000010001000011001000000010011110000110111010010011100010110111110101110101000111000001
000110101101001110010111000001111101110001011010001100000001010111100001101000111101110000000000
111011111001110100001111001100010011100101011001100011011110010110100000010000010001000001000000
010101001111011010100100010100010111110101000001100000011101111100101110001111110111111011001010
111110000011011000101110101111001011100001000011000000101100100111101001101111000101101111010000
011100101000101000010000100110001111101010011101111100110000010001011010010000001110000110000111
100111010100000111001100101111111001010111001000111001101000111110100011001100010110011000010010
000111000100000001000010111010111100001101101111001001001001110000011101100010110000100100111100
011000110100001100110100101101111111000111001001000010000011100111111100001110010011111100100001
011010010001000110010000100000001100001001111010101111101100011111010001010011111010001101010101
101001110011000100100001111101100100011110011110000100010100000101010011110001001011110010001010
001101110000110001111001010101111001111111010001011000111111011001101101011000101001001111110100
110111101010011001111000001000001111001001100011101000000110000110101001101111101000100001111111
001011101100000010011111000010110101000000001110010110001000111011111000001111000111111100100000
100100010010110110100011001011001110101111010010010011100010110011001110010001110000101101110000
010100010011101100100110010111111000101110001111000111000000100010110000111100000110101100101101
110111000101000110100110010110110100001110000011001011110001011010010011110011101000101000011011
011000111100100010101111001001001101000101111110110101110000101111100110110011000001100110111101
100110010001101101110000101001010001010110011011101110111010011111111100110011000101001110010010
001110101001010010001000010110100110110001011000000111011000010010110000011101010001101101001101
011010010110010110010111111101100000000000000011110111011011011111101110001111011111001001000001
011010100100111101110110010001110001000110010001000001001101100111010101001110111110111011000011
010111010001111100011101010011011010010101000001111111100010011011101100000011001001001010010001
100011101011001101111101000100100011101010101111111000000010001011000001001111000010011011101110
100001010110101000001011100010000010011000100011001010010001111101101001101111010010111011111011
010000100100000011111110110001101010110010100000110010101100011000001000010001010001101110001011
100001000010011111010011101101100000110010111000111010010101100010111001100010111011001100100111
101000010111011011110100101011011000000011100110000111101100100000001000000010100011010000111100
000100101010000011111101000010111010000110001010000011110100110111110011101001011011100100100101
000110011101001010101011110111101011000011100101110001100100100000100101001111111000111010011001
000100000010000100010001011101101010111100111000100001100100100010011011100010100110000110110100
111000100011010000011110011101010000101100101001100110110100101110000001001010101001000111111100
000001101111100001001101010110010101101110111111010000000010010010101110001111101100101001100011
101101000101000010011000011000100111100011100101100000001100111000111000111101111111101001110100
110010100001100010011101000111111001001101111110011110110010000001100101101001111011000010011001
011100000000000101011110000110011110111000010001101011111000001110111110001101011011011000110011
001000010101111000000110000001100100110010000101100100111110100010111101010100101011001010100101
000100000100001001100011010010100001101010001110111110111011000110111101000001100101100100010101
111000011100010011011011111101000101110110111000110011000101111111000011110010111001000100100011
011011001010111000100100010000110100110110010110000111100111010100000101001101001100111010100111
011110110111101000001110000110001110101001111100001001111110110010111000000011100110001110101010
011100111011101011010110010000000000010100101000111111111011100100101100111000111110111010100110
011001101100000010011010101010010011000011111111000000001000100111100011110100101000001111000001
100111001000001100100110101100001000111100000001000111111001101100110110000010110011010110100000
000011100110111101101101011010110100011111011001110010110110001110111010110111101010010010000100
101000111010011011010101110010001011010110110100110100100111110111000001011001111000010010111100
011011110000001100101111100101110101110001010100101000100001100111110000100101111010111101001110
101100111001011100100001011000101100011110000001101001011000000101100100001110101100010100010001
000001100100010010100111010110010001111100100101101100101001100010011000100001011100110111010110
100101011000000100101000111011010100001100010011001000010101011000110001110011101110001101100100
110000010001010100011110110100001111001000100010001011001011010101101111000001011001011000000101
000000100000011101101010111110101110111010011000011110001010001000100001111100110110001010011110
101101110001000101001100001011001100101010000111111001101011111011101101111010101010001000000000
110000011010100110011111100011100110011101111010111000110010000110010011111010001110111001101101
111001001001000111000000110000101000000010000000111001100100011110111011011110100110111011010110
110011001111100111111011110010111100100100111101101110001011110110100100000011011101001010111101
001011000001101101111111101101111010101010100110001011011111010101101101111001011101001011011110
011011100011110000001101100101001101001111000011100111110000000110110010000110100110111110010110
011001010001111100111001111001111010010010111011000101110101001111101111101101101110000100111000
010011010000011111111011001100101000010111110110011110100011110001010111000101010100000111101011
010101010000111100011101110011000101010000101000111110001011110111110110000101101101001011100101
011110011011001001111011101010100100011100100001100010010100000101111000110000111001101001100011
001010100011001100100010111000100010101110011001110101001011010011111101010010010100000000110000
111001100100111010111011000001101010011011001000110111010010110110001001110000000101011000011011
010000110010000111101100111001111001101001001001011001111011000001001011111011111010111001011111
101110010111000010100010110001101101101110010100011100110111100010011110001100110000001100001100
000100100110100110101110101111111011110001100011010010010110100101001101000100101011011000010111
001111100111111111100111000001010110111110011001001111001100011011101000010010010110101100110110
010011111001001100101011100001110111011011011111001011111101110001101011001000110100000111111001
001001000101011000001100100110010010100000101100000110010111000010111111110101110110001001111101
101000010100110000001101010001111101111000100100111000110110010111001001011101100010111100000000
110101101100010011110111111100001011110001100101110111101110001100001111011000011110011110010011
001011100101011110010000100101000000000110000110001011000111110000111000000101010000000111001111
000001100001001011011001000000000001000011011010000000010111110011011001101111110010010000010100
000110101011111010110111001011001001100110010011100011011010101110100010010111100001001001001101
001001101010111011101011111100110011010010111010100000111000010101100110000000111100101100010101
111001101111001011111010100101011110110101101001001111000000110110011010110000101100011010100000
101010100111000111010001001110111011001110100101001110111011101001000111100111110010000111000010
001111101001010111111001001000001001000010000001001000100011100110011001110101100010101110100000
011010011011111100011100111100000010001111001111011100001100100010011010111001001111001100000010
100000001100111010110011111111010010101101001100100001101011001101111010110101010011000110000100
010110000011101101110111011111010010110110100111100011100100000010101111011111110000001010100000
100110000010001001110110010110000101001100000100101011000110101100000010010011110111110111101010
100001000000111010100010110100010011001001000010010100000010001100001100010011100111011000100111
111110101101111011111011111111100011101101010111110110000000100101010110111011101110110000110101
001100101100101111000110111101100010010001001000100001011100110101000100101010010011001101001011
101000000011111110001010010101011010001011000111001000011111101111000111010111111111111111011100
010011101101000100001001110100101101101010000000100001011010011111110000101101011100010110100000
110111111111010101001010110110011101100001100100011101100000100011111011010011100110100011111011
010010010001011001111111110001011000110100010010111001100111011101110000001111001111101101100000
111100111100000111110111110100011110010010010100111011100001100110011001101101110000110100110111
011000010000010111001001011101001011100000001010110001010110010110001101011001010101101111000001
000110000000001110110001101110100000011110100010110010101010100001101000000000100011110101110010
001010110010010001110000101110101010101100111011100100000110110110011001101111001101011011110000
101000000000001111100011110100101001001001010010100000110011110000010011111010111010100111001100
001011010101011010111111101111100011100011000001010111101011111010100110100100111000111001001110
001011000111110110000111101010110010011011001100111001111000110011011001111010100101100011110010
010000000000101110111011000110110010111100001110011010100110001000001100000100001100110001110101
111000001011011011110110101111011000101100111000001000101111010011000100100111110110001110010101
011100001101001010011011010111011000001010011111000100000100001001100001110000101010000000101011
110010101001011001000010010110010100001110101001010111010100101111011010101110010110011010101001
000010110001000000000100011000111000110011101010011110010010000000110100110000100100100100010110
001110010111101100111101110101100110111010000000110111000001110011000010111101001010110010100100
010110110101101111010001011110011000100000110111111001101000101010000000001000000011010011011001
100100001001000101101111001010110101001101011001101010110111110011100001111001010011010011100110
110111011000011010010000100010001101110000111011100111000001101111110100010111011000111100100111
111101010101111010101110000001011111110000000001001100110011101110110100011010000001010110010010
011111010000010011011010001001010110111000010101111000000111100001111110001111101110100101001111
010001111110100110000101100011110001000110100001101111000000011111100001010100101000011001000100
111110000101011011101110100111010011010010001100011100110001110000001001101101010010011100000100
000010011011011111010000111110001001110001111100011100101100110101100111101111100001100001010101
110001001001000101111001110001000011010001011001111111000101111101111100001110101011101000010101
001010111100101011100100111100110111011101001010000111001011000010101010101010011011100111111001
000011101001010100100000101010100000111001000100011010001000101100110011100000000011100101100111
111110101111000001111000111000101010100001000111011000100011111101111001111011011011110000101101
111110110110110110101011001010010000001001101110110011000000011111110011011010100111011110010010
111111100100001111111110100010100101101010101011101111000001101101010111110011010111100001101001
101011000101000110000101001010011010001001101101100011001010000101101111100100101010111101010110
001100111110010010101010010010110110100010010100000101000000100101110000100000101111011010100001
110110101011111110101010010010000001110010001101000100000101110010100000011101100110011110001111
100101011001001010001100100100000110101110111111001111011110111101100110110110001000001011000111
011010001101101001100111110011011101100110011001011000000111111001100111000010100000100110111101
110000010001100111001100000011110010011011101100001011100101001110000100001011110101011110011110
001001001111001101000110100000011011011001101000110101100010001110110111100011111101100111010100
111100011110010010001110111110000001110101011011010101100001001111010101101011111010001000011100
100111101101011111110011011001010110011011110011011010100101110101100101110110101100011000011110
000000101100010100001101001100010100101110010010010100011101101101111101100100000100111001101111
111010111111100011000110001010100110110011100011010011000100000001000011101010001010110000000100
111001110011100100000010011011100100100110001100100010101111001010111101001101000011000101111101
101111000000010110011100111010011000011110010000001000100010100100111100110011000101110110100110
111000000110001001011010011001000100001000100000101110110001111101000000001101110111101000110100
000001111110001011100000011101000011111000010010111001111001110010011110001110111100011110010100
011001001111110001101000001010111111101110000101111101010001100110000110011111111101110000101011
001111001000110001001101110011010010101100100110011001111011101110110100011100110011110111001101
111111110100100101011111010001110101001100111100111011100011111100101101000010100110110111001010
111101000110000000100000010001110101001011101010001011000000011101011101011111010010001000011000
010110100001000110010111011010000010000100001110101010010100110001110010101101011111110001000100
110000101000011001111001011011100101010110110110000110000100011010100010010101111101010111100011
011111100011001011010111000111010000110111000110000111110011101100111101011111101010010000010101
001101010100101110101011000000111101100111000101000101010001110100110001011100010101100001000010
110101010100101000000101011100011101110011010101010101110101000011100100010101101001001110001011
101000100001001100101010111110101111000001101000001110101101000001001010110100111010000100100100
001101110111001110010000110010101101011010011000101110001010001011101001111100000011011011101101
100011010011111001110001001000001000101100011010001010010110110100110001001010011000101111001101
100101011100001110111001011010000000100110010011001010010011101100001000001001001011111001110110
010011110011110001011011100000111000001101111011100011000000001000100000011100101010111101111101
011001011001011011101100001110001000110111111111111111111101111010001110111010010011101001110101
111110101010010000110100001001001101011011111110001111100111111100110101110010011001001010010110
100011101110101101010110100111011100011000000000010111110010110111000011111010011101110010101100
111010011011100000000100110000010000000011101001111111000111101000011110110100011011011001110111
001100001101101001101101100101001100011000000001011111011011101001000101001011011010001000110100
011001101111011111000110001100010110111101111011111100000100010001001110111011100101100000101101
100111100001100001000000101100100100010001000100011000011110101101100111001101111101010000110110
011000101001010101111100001111010100111010110010110110000101101101000100000011000001000010000111
100011111011101101111101000111111110000101110111001101000010110100000011110111111101010011001001
111100111111110000011000110011010100110110110000110111100101000110010000000010100110110100010111
100101011100011101111001010010100110011011011111111100100101010000100100111000110100110101011111
110010110000001010010111001000110111010000111111101001100111101010000000100010010011101000110111
000000111101101000001001000000010111111100010011001010110011000111000000101011110011101000101001
100001110000100010011110111111010111101000111110110000111000100011100100011000001111010100110000
000001110100011001000000000101001010111111100000001111100010011000110101001111001010100011000000
010001111100001001100101111011100011001100011011010011101101100011011100000010101010011101011010
000010001010001010100001100111010110111100111100110001101010110110010101111101010001001100100011
000010100111101110100010101101000011000111010001001110110011000011000001110101101001110110110100
011110111001101011000001110011000101110011101101111100010000101001101111001011000111010010000000
001000001110100011100111110101110010111101010000111110100001011110110000011110010011110110110111
100011010111011111101100001011011100011010111111101110011001110100001000110101101101010110111100
001100001011001100000111011001111110000011000011010010000101010100010011111010100000011110011110
111001011011000101011100101001000011011100101001010010111000111100010010110001001100111101101001
111010001010111001010011011001001100011110001101010011110100110101001100001101011100100011100000
110000010001010111001011100010101100101100100010000100111100111101111111010001100111000100110100
101001010011111111010111111101100101001000011010010011010001110101100010110110010000011000001110
001001000110111001010001110111111011111100010110000101000011110101110111100010101011010101011011
110010001010101111100011101011010000100000001010000100100100111001011010101010111111101011100011
100111001011011000010010100010111111100010110000011001001100100100110100110001100011000010111010
011101100000010010111000001000111111101111111000111011000010011111000110100011000000010000110010
011110111010101100110000010110100001000101001011011000101010001000101001111101101000010011010000
011101110011111110000000101110001010111110101001000011011100000111100001111111111001000011101111
010010110101001111011010101011110101001011111010111111100011110100110000011011010001101000111010
010111110100101010100100000110010001010100100000101000001100000000000011111000110110110011101111
110000001110010010011100010010010001111000011010110000011100001100001110110011100110010000100111
100111001111110000101011001010000111000111010011110001010110111111101001110010001101010010110011
001000010001100000110011001110111001111000101100010001111001011101000110100010100100001101000100
110001000111011100101010101100010100110010110000010001100100001011000011110111011010100101000000
101101001011110001100011000111100110110001110111111111111100101001010011001000010010111111010111
110110010100000011000010100011000111011101111011110001101011101101011100010100100001111110001100
100010000001011110100001010101010110001110100110011001000100000010001001100000001101000001010101
010100000001101000001110110001001001110010100100010101011100001111011000011101100101110000110111
011010111000010010011101011110101110001110101110000111010101111011010111101001001110101010101110
111111010111010010100000000000100101110111000110101100011011101001000001101100101000101000101000
010000000011101111001000111001001100101001011001001110000000100001111010100000000001100001011100
000101010101111111001010010000111101100000000011101111111010011011000010100010110010111100101101
110011001010000001010011011010010110000110101011010010100101000000101100110110001111000100100100
111100010011110100100101011111101001100000110110001101101011111011001111000011100100010000011000
010001101100011010000101100110110110111001001011010111010010100001001011110100000001100010011011
001111010101001101000010011111010000111011100000101110110001110011011011100011011001000010000100
100001100001111110100101010111010011001000000010011010010000111101000111100100101001000110010110
010011001000000100010111001111010010110101101010100001110111110110000000000001100100100111100100
111111001100110011011111110011100000111101000011110011001101111000000011010001100101111101110110
111101001001011110100111010100110100100100011111111101110001100011011111110000111010000111001100
011111110101110100111100001111001110010101010100110010000001010110110010110001100011011000001010
001000100010101001010011011111010101101101101110001010001110111000011110000011100110111000001001
011111110000110110111101100011110000101100111000101101100110001001001001101100100000100111110000
100111100010110110111111001111001010101000000001001010110010110111011100110010100100110001000101
111101001011001110110010101001001101100110000011010101101010110111010111110001001111101000101110
010100011000101111011111100011110000111010010000001111101001100101011101110010101000001100101011
001111111010101110101100001101110010000001111100010010111001001000111100001101001000111111000101
001100001101001000010001000110001100110011010111001000001010010011101110011010000001101111111011
111000101110100001110001011111110000100110010101101000111011110100110111101100010111101100100000
011110000000111001011100100010001000111111001001010011011000000110001001100100000000111111110011
111001001001100010000110000001001010100010110100011101011110110011010101101101101110011001011011
100101001111011101000001010111001001001001011010001010000100101111001010000101100111010010001011
100100000001111000010000001101010101000010110101110101000000101101101100111110111110100111000010
110001100001001001011010001101010100110001001010001110111001111100100001010101110100000000000000
110111111111101000100110010111010100000010111010100101010111010101110000001000110100001101111100
111100011100100011010111100001100001110110110111000110000000010111111110010011100001010101010011
111001010101110110010111100101010000001100100101110110011000010011010101010010101000010000011010
010000111100001100001011101111111000100010100110011011110000001111111100101101001110110000100110
010001111010011010010011101000101100001000100001011100101000011111000001111100111010110001111010
000100001010101110101110010111001010100000001001111000111110010001100000111101101100011111101101
010100101011101111111001000010000111100111001110011100111010111111000000101101101001111100011111
100111011010110001010110110100110010010011001010100011101101100100100010110110010010010110010011
000111111011101010111001111100110111001110001111001111110001110001010011111100100111001001000101
111101101011011110100010110101001000100100011000100000100101001101110000111010110101010100011111
010001011110000100100101010011111111011111000100001010111101111110001000100111001111011111000011
111000000010000000101000001101010000000101010011010101101100110010010111000000011111100100011001
110001011000110101010011110001001101100101001000011111001001100000100111101101011100100111010110
100001011101100001000000011101000101010011111111110000010101011011111110101100011000111101001011
011110111100011010010011000011001111011011100010001011111010000101001111011010001001101100001001
111010001111011101101111010001110001100010011010101001000001001011100100100010110100111010110110
101110100000000011101001000010111001010101010000001110111001110101101000100010000100100100011010
010011100010001001101111000010110010001001001001111010000001010100101111001100010010001111000011
101111010001010100100010111101110010000000010111010000001111111011111001001110101011001000001011
010110000111111000110110001000111011100010011011010001101010010110001001101101111110110100010000
011101010000101001100000111101100110100110110000010000100101101011001101011011001110011010000100
110101100010110000000110101001010100101001011100110100111000110000000111100000000001011000111100
001011000001000100001101100010000001000010111100110011011001100001111111001010110111000111000101
110100100111100010110111100101100111000100111010010101001101010010010101111111101010010010100111
111000101100110111000001010110110001111111010101001110100111011000011111110110100101100000101001
101101101100110100001100011100001111001001110111010100001011111110111101111011100111110100011101
000101000011010010010100111111101100010111000100101000011001000100101001100110100111011101110011
100101010101101001010001111000011101000011011101111000011100100000100110100001100101001101111001
001101000100010011001011010101011110010110111111000110110101011111100010011110001101111101001001
011101001111110010001111010010010101010000010111100100010101100001110100101011001001010111011111
001011100110010001100010101100110010011111100010100100011001001011001000001011100110110110101010
010000100010110110100010101101001111000010000110101100010011101100111100111011001111001101001100
101001010100001110101011100101000010010001000110100010110110100100000010010110011110001001001110
101100110010001111101111000010001101000100101101001110001000110101100001111001011100111001000110
101100101001011011100011110001000001011001101001110111100010010001110111101001001000011000101101
100000010001010011111110101011011111111110110011110010010010001011011111100001010000110110111101
100111100011010000011111100101001010111011011010010000101011010101111100110111110110111001111001
010000000101001010001111000111011111011001111011011001011011100001011000110001101000101101001011
011111110001110010111001111011010001101001100000110101100000010011000110010010111110011100001111
011011110100110110110100001100001001000000010110001100111011011111110010111101100100100011011011
011000010011001010110101111100100011010000111100110101110110101110111111111101110101101110011111
010100100011110101110100000101101000110011100101100010100111110001110010000110100001010000100001
011000101110010110000110011100101000011001010011011010010101110111011101000111000111001110110001
111101001000011111100100100111011101001011010001110100010010111110110011000101000001010100100011
110010110001101011100100001000000111001110000000111000011101101000001000001001000010011111100001
111001100011001100110010001001100011110000100010011101010011011011000000111011101111011001001000
001100000110110111011101110000100010101000100011101000101010011011010101001011011001000011000011
110110100000001110010010111011100100001000001101000110001001101011100110111100000001011000010000
000010101011101000010000001111000111000100011100101011111000011010110010111001110111011001110001
111100110001111101001001100111100001100111110110011111101011011011101011010010001011001111000010
100100110000111100100010111010101110110110110100011100000100001100111101110011010101100010000010
100101101010101100111101100010111010000011001101011001000000011100110111100000110001011000110100
100011000001111011000000010011101111010000010111100110100110001101000110011110011000110011011010
010111101000011110101000001001111010101001100001110101010101100100011001011010100101010100100001
000110011000110111100100011000000100011000101011001110110100100001010000011100110011010111001011
011011101011010101001011011101111001011001001100111110111000011010010100111110000100111100011101
110111001011110010100101000011001101101000010011011001010000111100000110000010110101011101010011
010001000000111101010011011101100001011011011011111100110010110101100011100110111011110100011001
101010011010000010000000100111110110101000111110110000100110011011101010010110000000110011010010
111010110000111011011101010110111110100110111011101111100101111000101000011001100110101000101110
100011011011101011000110111011000000000111000101000001001010001110001011100011011100100001001011
100100011110100100100111000100010100111000000010111110001010111011011110011101011011001010101100
100001000101101010010100010010101011110110011010111110000110101001011011010000001010100101011011
111001101100110001011100011100111010100111000111111000110101101010110011101010010011110001001000
101010101010111110101101111000110001110101110011100010010100011100011100101101101111111101110001
001011101000100101000111111100101001100000001011100110010100110100100100110111010100001110000010
001100110111000000111111101100111110100011101101001010111011010111011110000111011001011011011111
010010101010011100000110100001110100101101011100000100100000010100010000001011011000001011100110
110100000010000011011010010110010000111110111101011010011001101101111111100000100111011101000010
000011111101000010100101101110101001011000000101101111111010010001001001101100100001000101110100
110100101110010001111011000011000010100111011110101100011000010011000011000001010011110101001110
000101100001110001101001011001010100100110000011000000010010010111011000011001101100101110110011
110011011010101100010100011110010000001100111111110110011101111101010111100011110000011011110001
011111111001111100110110101011100110010001010000010110101111010111100111100011010100100101000001
010010010000100111011101101010001010110000011100110110010010000101000000111100110000110101010101
111101010100000101111011101110010110000011010101001111111011111111001110000000010100010100001000
000000111100010000000111011000110100010111100110011011010001110110010000011111010011110011010111
100000010100111001111010000011110010111110111011111111101011001110011100111011111010100001110011
110000101110111000011100100001011010001000111111000110101001001001001111110000101111111100101011
001101010111000000111100111110111011100000100011100100101111000001000001101011000001100001101000
100110010001000011011011101100110000101110001011100101110011001101000010011100001100001001011010
001010011001000111110000000010000001111011111111101010110110111000100100100101001101000111000100
010001100101101100100111101001011001001110100100000101100010010000010000101010111111001010011100
001010000011010011001111000100101110100000010111000001101111111101000100101110100100100011010100
011100010110011111010011111010000101010011100110101001111011001001010000101010111001011000011000
100110011011010100100110110000100010100000101001100101010101110010000001000000010010100110010110
101000101110111011110100000110000000100001001100111100001110010100100101000001010110111110110100
110000000000110000101000010100100101110110010010000111100110101111001000011111000011000000000011
100111000011011101110100111110101101011100011100110110100011101111010011011010100101011101111010
011001110000110010001000011101000001111101111001011110011011001001010011011101100010110011011000
010110100111110110001111110101100100001111001100100000010011111111001111000010111110011101000101
111110100010010111000101000001101111011101111101011010010010100100011001110011111101110010110001
100111110110011100001011000100010011101001111101011010111011000111010101111011011000111011010101
001101001001100101000010110101111010101111011100010000000110000110110111111001010011110001010110
101001110010101111100011101010111011101111101110011000100011110010110100100001101110001010001011
110110001011001011011001001101001101000010101101100010111010111000101010100001111110110011100110
010000100100100000100010010010111010110001010101100010011001111100101100110011101100100110100100
101110011111011011101001100101000110011110000110000000001001001110101000111110100111011100100100
101000110001010001010011111011011110011110110101100000001110100111111110001010100011001111111011
100100101101000100101001110010100101011011011000101110001111101100001000100000010110110111000110
111010111000110000000100011100011100111111100011110101001000001111000110000111001111100001110010
110100010110111111100100111110110001011000001101110011101110001010101001100011110011010100000100
100101111011101110101110010101100001000111110011010111110110110111011010001111110110101111101101
010100000111000100111111010000101010001101100100101001000111011000110000001001000010110111011101
111011000100001100011010010101010111101011010001110111110001101111010011100011000111100100010010
111100110100100010010011011001000000011101000111110000000001110101001010010000010110111000011000
011010000110100100111101010101010011001011100001001001000111000001010011101101011101000010001110
101111011011100100110010101011110111001011000000100010100010110011011011010001101111011100101000
001100001110101111110111011011010111111111000000110011110110111011011011010101011110111010101010
110110001101010011001000110110000001010010111111101100010101111010101100111100001011100110000010
110101010001111101111010100100101110000111111010101110110101101111101001011100101101011110011100
101000000111100001000111011001101000111010011001110011110010010110011001001101110001011001001010
000011100110100110000100010101001001001011110111001101011010010001100000000111100000001001101001
011011010001101001000101001001100100111110010100010101011010011111011110110010000101111010010111
110111000001110111010111010101110001000000000010011011101111010100011110010011101000100001000111
000110010101011010010110110110101010100101010100001101010101010000011001111011001101100001011100
011010011010000111101001011111101110100100001110101110111111000000000100111111101100011000101101
100111111000101001001001101010001111011100001101101110011010011101100011011001111010111101111101
001111010011100000110011100110100100100111001000001111110011101100010010111111111010001101100100
011110010000001000111100111010001110011011011011101010011011100101110010111100011111100001010101
100111011111011100100001000111000100100111001101001100101010101000100111110011111111100010001111
000011110110111001111001100110000010110111101101111100000001100110011100011011101110001111110110
100011110000000001010000100001100101011011010111100001011111101010101100110010000110100101111010
010100100110101011101111100110001110111001110000110111011110000011011001010110000100110011001011
110101000011100010110010100111100100010001111000100101111111011000101000010001011010000111101111
111110010100110111001111011111110100101110000111001000100010011101110000100100100000010010110011
001100000101011001001000011000010101100010010110001001010110001110101000101111010111111010011001
110110010011011000001111111111111110111100010011110101100110010111010010110001110010010010010000
010011000110110011000000111110010000110001001100000111000101110111100110101101101101011011110100
100101110011011101111110001000010011000110000001011011110001110111001101000100010010100001000011
010101011001001010111111000011111111010010010001110100100010010001011111000011001111010111001001
011100110011000001010100100101001011101001000101011011011101010111100111111000100101110111011000
100100111001000011000001010101101100011110000000000111011101010000110001010011010011011011001101
110011101011011010001001100011111011101000001110111111101101010111011000010011111011101000000000
001000000001000010011111110000110001000000100010011010101001010010001111101110101111111101000110
101011010101101010101100110100110001100100001000111111101010010101101001101100000010001011011111
011011010000010110000110111011100110000111111000111010000000000001111111100000011011101010011111
010011000010110110001011100101101110001111001011111111101010010111111111001000011110010010000111
101110001101001011010010100111110001100010011011001111001100001101010001011111011011111011101111
001101001111100101100110111101001010010000110100011100110101111000110010101110111011001101001001
011110010001000010101101101000101000000011100111010100101100100100010000010110010000110011011011
100011001111010111010010000010110001001001100110011100010010010100000010001101000111001110000101
110101010001000011010101101000010010010011101100000110010110010010110001111000110010010101111000
000110000110001010001010101001100010000100100111111101001011001000111111111001101011001001100001
111001101001010101001100011010100010001111111001011001001000111110111011101000101110011001001100
001100111101101111100111000010100100000010110100100110111010001000101011110111101111110000010100
000010010100101111111001010000001010110000100001111001010011000000010010111100100010101010111001
010110101100100011111010111011011110100110111101000011001001001110111100111011001111110100011100
011100100100111101111110110000100011100111101000101100011010001101101100001110110001000011110001
101011010101100111110011010010100010111110111100001110100100101010000111110000001001100101000111
010011011100101000001000101101011000100100110000101111001010101100000000010101000100011111111010
101100010110110110010011100000101010011100100111000010111011010001101100000101001011000010011100
101111011100100111001110011111000101100011111100010110010010101000111101110011011001100000101000
011110011001000111010110001010010110010011011011011010100111011000101110100111001100000110100001
010010000100011010111101000000111100001111000100100111001000100001100110000000011000011010011001
010001110011111100111001010010100100111100001100011001011000110011000110110010110010010000100010
011001010111001001100111001111000101101001100110011110000100010111001100100010010011001110110110
100111101000100101100101010110011001000000100010001001010011110001010111100101010010110111001110
111001011110000111010100001100010111011101010111101000011100001000110010001100011100011010101100
001111001101010101101010011001000011011001010010110001110111010000110111100101001011011111110000
101011001011100110101010101100101100011011101101111111100010001110100001101011101100100101000000
110010111011110011100111000111000100100100100000100111001111111010101001101010110101110111101011
100011110000000100010000001110010000000110001111111110000100101100011010101111101011111001100101
000011001001000011011100011000100100100001011110000110111000111010110001111000001001111001011010
010110100001000100101011111110001001011000001111100010101010111001011101000011011100001110011101
100000010000101000110001010101111001111100000100100000001001100110110101100111101111101010110110
001110010000000001001110110011001001010010111111111001110101111110011011101100000000110101101100
000101010100101010111100000011001001010010110001000100110111111001100001010110101010001000100101
111100001111010011001011000010111100011011011111011001111101010000110110010010110110001000011000
000100010101100000000110001111011100000011011101111001011011101001100001001101111110111100111011
010010001111011111100100001101000100000111110010001111011110010110100110001100111011011101100001
011000001001010001110110011011011101010100010000110100000100001111110101001111010010110010101110
001010100101101100001010000011001110100110110110100111111000001001101010011101001110111100000000
101011001111100100010011111010101100110100101010010111101000001011010001000011111110000111001101
101110011101001101001010010100111100001010011001010111000010111000001011001000111100111001101100
110100011110100110000000111010110011010011111111010011000010011010000111110100111110001010000000
011101011111010100111100111001001111110111010000100110101000000111101000001001100010101110111011
111111111101010110110010001110001100000000110010011111011101000000110000110110110001001011100010
111111110001100011111011010100111011010011010100011010100110100000011010101101010101000011000010
110110101001110110011111110001000101011001010001110110000011001100101010001111010010001111100111
101010000011011101110110101110010001010110010110000010010101110100000110011001000010010000111000
110011000101100101001111110100101001001101111010010000010110101000001101100101100011100001000101
001000111110000111111010011111001010001000010000100001101110010111100011010000011010101001010111
110110110000110100100011100011010010101110101001100010000111111011011110110011000001111001011100
111001100010101001010111101010101000011111011100111011000011110011001110011101100001010001010100
011011011010101000011110010010011010000111010100110001000001110101001111001011001110110011001000
000111111101110100010011111100101111001111011010111011000110101001110111100100101001111001011001
010110010010111011101100001101100111000011110011001100001001001001010100101100001110010101010010
100101010011100000000110110100110001011001100110010101101010010110001110110010101100000101011011
011001011010111111010111011010101011100110010011000001111001001101001100010000110110111111010110
001101100111001100001011110000010101111001111100100010100101010000010011011010110110000111000111
100001101111011100000111010110011001111011000100110001010001101111110101110111110000111010010111
000110000000101001010001010011000000110100011111100001011011010111011000011000000101001111001111
101100001111011010100100110110000010111101010010000000100100101111111110011001100110110000101011
001000101000000000110110110011100110110011000000101001101111001110010100110000001110001001000000
100011001100011110100101101101110110010000011000001010100011001001111101001000111010000000001110
101001111010000111010000101101100110110110100110011011111000011000010010110100000110110110001001
101100110011000111111111111111001000111001110111100100000000101001100000101101110101100010001110
011110001110111101010000101100000000101101000010111111000000110000001111101101010100011010101111
001010110100100100010011001100110111010010100011001111101100010010000101000010110111001111010010
111100011000001100011001111010101000110000000110011001110111110100111100000111110001110011001000
100111011111100000111101111111110000101111001111101100010111010010111110001110000101010000100111
010000000100000100110111111010011100111010101000110111111110101111000001010011010011011100010000
101110110101111011011101111101100100000000101100001001011100100101111110000001000110001101111011
111010000001110100110110001000100010100111111101100111000001011111001110010001111000011101000001
010110000010011101010110111001010010110001101001001000111101000101000000010100100110001101101101
111001101101011110110011101100010111110111101100010100010101110001100100100110000100110001100111
101011101100000000111111000110000000010000001101001110101110001100101101111000100110000011111010
111000010000101101101011100111011110011111000001000001111010011110101010110011101001111110111001
111010000001101010000000001100011001001001111100100010000111011011111000000110101100010011001111
011100001011010101110010101010100111100110101011000100110010110011110111100110011111000101001110
101111001111011110111110111000100111001000000101000101111110110100001100111010111110111011010101
011001001000000000000101101000010010001011010011000000101100100101110000000110010100010010001000
001000100101001001101100111000011010101010101001110100011111000111000010101101111001000010101010
110100100111100101100100101001001101011011001101111110001010101110011100100010000011001000110010
111001000010100000101011111011000011010100010001111010111111111111100010010111101011111101010000
111000111100010010100111100101001100111011101001100011100111111001010110011110011101101100000010
111011111100110011100100110101111101101011000110111110100101111001001110001100100100100000001100
010111101000001110100111111001101111001000010111001010100011010010000000011100011001011110000111
010000101101100100000101101110110001111101000001011001110100101100110000110011000000100011101110
101100100110001010111001111101100110011011110110001110011111100011010101110101011101110000010111
011100001110100101110100110011111001011000010111101101101100011101010110111101100110101010000001
010101100110001110100111110011101101000100110101101000100011001100001110101111010001010000011101
001111001000011000111011010100000011001101000101000110010110110111001100100101111101000110100100
111011000001101100111010101010111111110100001111101000011010110111110011011010011011101010011101
000110101100101110101110100111100111110111010111000010101010101010011110000001110001000011111100
101100100000100110000100111011000010011000110101110100000011100110111000001110111110111000100100
111000111010001001101101101010100111110000101110110000101101000100000000001100110000010001100111
110000011010011101111100010010010010011011011000100101001110101011101000101010010011110110011111
100100101000000011010011101100110110111100001000010110010101111000100110010011101100110001101010
010000000010101101100110111111111001001100100011011000000000011000010011101001011010001111011111
001000110101010110001110000101100110010101101000111001100010110011101110011111101101111000001110
001100111111011001001000100010000000001010111100111011010100101001110011101110001101010110010001
010100111000001101001000100001100000001001011110100111011000111001001110000000000000010000011000
101111010001001010101000010001110100000111011100110000001000011101101011100111011010000101100001
001001110100001011010100000110000110100001101010111000110000000110000101111110110011010000110101
110110001101011000101001000011100000111101110110010110001000110001001110011101010011000111101011
110101010100100111011010111100001011101111001011011100010101010110000110101100000100000011001000
010001110100000100100111111011101111000111100101111000001001001100100101110001001100110100011010
010000110110001111110101011111111101001110100110101100010000100001110000001101000000000110110101
100100010111101010011000100000000111100100011100010101110011001101001111111011010100011000110101
000001010010100101100010110110011110010110001111001011110010111011101000011010011011011001110011
001011011000101101011110111011011010001110011001101110010000000111010111101110011010000111111011
111010000000010111001111110100101000000011000110001100000001011000100011111001001011100011111110
101100010111001100000010000010101000110001110101101110001100001101101010000110101001110000001101
011101111111110010001110011010001000001000101110101011000100001011000111100111110010011101110101
010101101111011000000010001001001001110101011101010101101110110010110010000010110110111010101010
100000010000001110101111001101110100101110001001111010011110001011110100100101100011011111010100
010000110010010001100001011000111110111111110000100011101111011011011011111001010111111100110010
001011011001100100001011100110100001011011010001000101100110111011010111100101101001111011111001
101100110000011100100101010110110010000100110110001000000011011110110011001101010000001001001111
011000011110001110000010100111010001111100100100101101000011110101000101011001011111000110000100
101000100011110010011010111010101111001001001010000010101101000100110010100010100000011010011001
101111101000001101010010101100100011011010111010011111101000000001111100100111101010001010011110
101011111110110111101000111110101111000011101100111110100000111110101011110100000101101100011100
010111001100100100010110010111000011101110000110100101110110100101111010100010001011111011101000
110110100000100101101000111000010010011000001000111010011101001111000101000010010001101110100111
010010001010001001001111111100101111101101100101100101110101001011011000001100101000100001001110
001110010111001100100001100010001101110110011101001011110011001110101011010001101001100010001101
001110111110110001000101100110000001000011011001110111010110001000001010011001101101011010111000
010001100110010110101111111011111001100000000010110001011001010100001101111000010000101101100100
000011111000111010100101110000010101101101110100001001010011110000111011000000010001101111011110
101001001110011111100111001101100100010100110001101100011111111001001001101111010111101110011101
111011001100111000110110000110010101100000010011111100001000010100100101110011101110010001010011
100100001000001001001101000100011111101110000111100110010111111101111100000011101100011001010100
001001111111011100011101010100111001111111110110010111010011101101111100010010110110110111110111
111000011101010010011011010101100101010100111101010100000000000000100111010100110101011011010101
000110001101001010100011100001001010010101111100101110111011101011110011110100111110101110101011
011111011011001011111110010010011111101001100110111111111100101010111000011010111111100000001100
100000011010101001111001000110001010010011011000100100111101101001001101101000000011110110001011
100001000110110110111110100011101101010010101101011110111101101000101111110100101111100110011000
111000001101101001011110111111110010110111001110110011110110100110111110111110010010001101001110
100011100000000001100110001000101001001000110110110110011101110010011000101000010101011010011011
011011001100010110101100010000110011110000101111000100100010101111101000110110010000010000101100
001011000101111101110100000010110101001010011100101000111010011000011111100011111111111010001101
101110000011110110111000011000001100011101000010001110010111110000001100001000101010010100011111
100000010100010100111100011100100110010010101100101111011110001000110011101111001011001110110101
010100111010011001000001111110100011110101010100001100001010101001100100001110111110111001100111
010010010000100011000110110100000001000011110000110000001101110110100010000011101001010010111001
110101001000001100000011000010110101101000001001110100111001001010001110001010111110100001111010
010010001001011100010101110000110010000100101100011110101011100111100000101110111111100001111100
110111000100111010101001110000001111101110010011100011110011001001010001101100011000011011100001
111000100001100011111011011101100100010101010001110010100001101110100110001110000011100001001001
010010100010101101111111000011000010011101110011111010110001100111000001000110011001010111100010
010111101110000001110111010010111000010101001100000000010011110111110100101000001000001010000010
111011000101000011111101100000010100111011110111110000111111111111101001111000101011000111010011
000011111101111011010101111110000110001100011000111011100001011001101101010110100101001110101111
101101100111111100010101101010000101010001110101100000100100011110101111000100110000100111001111
011111111101110000011001100001111000111010111100110101010001011000000001001011101111011101011000
010111011011000000010011100001000001000011110000100101100001001100101111100111101100100101011111
001011000000011011001000100101010001111101111000100100100001100100110101001001010001011101101100
111110011000010000010001000001101111111011011001100011011110110111110100010110010101011111101111
000000100000100101110101000101111111010111101001010111010010101001010110100010010000011101110100
000000111100010101001000100111001100001101111100000000011101111101010100111101110111111101001001
111110011111011101011101010011000101001101110001110101001110010111010111110000001111011110110010
100001001100101000111000101100101000111100100010100011010111101100011111101001011111100001000110
110000100100011001101000001011111101111010011010111110001010010110100010110110010011010010010001
010101101010001100110010101010000111100000001101110100111010000111100111011010100010100101001101
100001010101000000100110101010110000010110000000110101100010100010010000110000100111100100101010
011110000110101110010110010000101101001011001110010010101100010101101011011010100001000111111010
111000110100111111010001000100011110111110000111000011000000101011011010110111100110101110111000
111011110100100111001101101111010000101000101101100010010111001110110010011000011011001001110110
101101011110101011010111010111111111101101000001100010100010011010110000100111010100001010111001
101000111011011101001101000101101000000100000110010011101100101100101011110110111000110111110100
101100101111101100011100001100010111010001011100101000000100100100111110001111110111101010001001
100110101101100010001100101101111011000111111101011100101110001101010100001011010000111110000111
101011010111101101011010111110111000111101110111011111100110110011101111010100111001010011010000
111101000100111110110000011101011010011000010000101010100000110100110011110001110111110011100111
010110100000000011001000010011110000001101111111111100111000011010001101110001010101100101100011
101010001110010100000110001100100100010110100101110001011001100010100100010011011110000101111101
101011011000011101111111111010110001010010011101010011011011111000000100101111011100010001010010
111001010011011011110100100110100110111110010111100110110111101111011100010001010000011111000001
100100010100011001100100001111001001000110011101001100000101001110001101010101001101011010000111
001111110011100001100010011001010101111000010111000101000110010101011000000001111101110111110111
010110110111111010011011110110001111110010101100111011000000101111001110100101111100100001011110
010100001011001000001101101011000110000100101110101000011011110100111010011011011100100001100101
001001110110001001110100110010110000011110000010000100100011010010000010011010010000101111001111
100000111011010110110101101110110000001111011111000000001011000000100110010101111000110110001010
011001001110000000000010100010000100111100010100010111001101000011111111001010111001101110111100
110100110010001010011101111011111111100111101101000111011011110111101011011101010010011011100000
100010000101110111111101010010001000101100110010000001111011110110101000000101010011001111010001
011110110111110011100110101110000001111101111111110110010000010011010101110100011110101010011111
010000110111001000011111010000101001111100110001111001110001101100100110011111010010100101000001
110010000100101100101111011010110000001111011000010011000101001100110111011100010001010000011110
010011010100000010011101010100111010100010010000101001101100110111111111011110110111010111010111
110000010101010011010000100101011011001011001000100111101111010000101100001101011001010000111101
000111101000101111000010001011100010001010000010111111001110010001100101110111100101101111101010
100100101100111000100011001011111001001111000100111011010010001110000011000101101000111111111000
001111000010101110011111101001100110001001100110001000010010001111000000011010101101110100110001
001011000010011010101101101100000001001011111000010000100100101000100100110101101101101111000000
101011111110000010100000001000001001010101001000000101100011111110000111001011100000111011110101
001101010010110000111001111001001111111101111010001011111011011001000001111110000110100010100110
111011110011000111011000001001111000010001010010100110110011101111100010010100111000100110111101
011100110111101101111100001100101001010001000100000000101110110001001010111101000010010110000100
100101011110101011010100101100100101001101001111010100011111000111101011011101000010110010100110
000011101000110100011011010010010000101101010000100010001100000011000001110101011101011001101100
110111000001000110111001100001101101100100100111101101010101001000110101011001011010001011000011
000100110011101010000100110001001011101110000010010100001001010101010111110100101101000100011011
011011110010011100100101100111011001111011111010101111001000101000110110110011111010011000011011
001101101010010100111000111001110011101001001100110001100111010001100111011110001010000001000000
110011111011011000011110101011100100101110001111111110110101111101011101101111010101100011111001
000100000101101110101011011101110100101101001111111100000000100101111101001010110010010011110010
100001011111010111111110110101110011110111000001111000110111111001111111010000000011100011000010
110010101000011110110010011110000110100000011100001100100000100001101111110010100111000001111110
011110000111011110000010101111000100010111000111000110101010101011001101000100001110101110110100
011011101000010100110101000000101111101001000110000100101011011111010000100010011000111110011000
101101100011110001110000000110000100110110011111101001011101001011111000000000000110001100100110
101011100001111001111011111111000001001100110010011000111111010100010001011010111001001111111101
110001101101111001100011001111010001001001011110101111010000100010110100001101001101100011100100
110101001110101101100100111011100000101000100101010001001001100101110101001111011111001011010011
100110000100010111110110101001011100011001110101110111001111110001011011011001101100001101100010
010110010010100010000111010110000100000100111000101101000100101101110101111101000000000000000111
000001100100000111111100111001010110011100010010010010110000011000000110000001000101110101100011
100100110000110000101101010010010010011100001010001010100101001010101011001001010011110011101010
000001110010000111011110011110010100101110011000010010111111100001100010000100101010101011110101
111001000100010001110100011001100010001110110110101011100111000100101001000011110100111011000000
000110011011001111111000000111101100111011010111000100111001101101001111111101111000010100101010
110000100010001000110000101111011101010100110001111111000010111111100010001001011110010111110000
110111011010011001001100110110010000011000100110111101001001110100011011000011100010100000110000
000001000011101001110000000011110000001011001000001011001101010111001011010000110110111110010111
001110010010000110110001001110110010111111111100001010000101010001101111110000000101011100001001
110011011011100111100110101011100110101001011010001000000101001100010101100101000101000011010111
111101101011110100001110000101010011001101110011011001100000111111100100100001010011100111001011
111000011111111100000101011010001100011100001001000011001101100001101100000011110000110000011100
001000111011011100110100000010110111110001001001110010101100011001010000011111010110100111001001
001111101111100001010000011111010111011010100000000000010000111011001101101101001101100100010110
101001010000111011110011100101011010011011000100011011100111000100000010011101100101000101100001
000011110001001100110001110001101001011000110000100101101101011100110110001110000010010001010101
100000000100110000100101011010110000000010000011011101110101011101000001110001001101101001011101
100100010000000000001001000111011010001101010010001110100110111010110010101100101000010110000101
100101001010010101100110111001000011010011111001101000001110101101111110001010111100010000111100
101111011110010100011100110000100010010010101010110101110000000010011111001000011101101011000001
000001101010001111000101011110000000000110101001011111000010110001101100000110011001001001111000
110100011011101000101011000011011010001000000001011100110100100010100101001101110010010000011001
101010011110000110111001100011100101110100100001011001111001000111011011111001011001000011111001
000001111111010110100101101101001111000111100001111110110100100000100101111110111011010100101010
110101100110000010010001010101011011011111001100101011111100101011101101100011010000000110101100
011001011011011010011010011101001111101110101001011110001001010010110100000101001111010000100110
100110001101010011011001110111010011000101010010011110110000100011110010101001011011100110000111
111100000010011010010111100000010011101000110100001111101010111000110001110101111101000101010001
010100000100111010000101001000001001110010000010101100001111100101110101100111010011010100111000
111011000111010111000001110111011101111100000101100000000101110111111010010100100001000111100101
101101110010101000111000001011010111100011101001011101010110110100011000101000111111011110101111
100000111001000111101000101101010110101011001011101100111100000000100111101000110100110011010001
100001100110010111110010100101000000001001110001001100101111001010010011111010101001111000110100
101000011100110101000101101011000100000011011001101000111110100000000010110000110000100110011011
010011010110101000100110000111100100011110101100100011101100001110100001100111001100000111101101
010001101000101000100101110011111010001011011001110010001101011111111111110110100011100101110110
001111111110010010011100111101011000100010110011101111000101010110000010001000000011101011100101
001000100101111101101000111101100110111110111100001001110100110101111001111001001010011001000100
011100100010000101010101010011111000111010000111101110100000100100001111101101000000111100000100
001010010010101001010111001000101100101010100001000111010100111110001101010111001001010101011011
110111010110100110011110001000111011010100011000010001000101101011011011110000001101000001111011
010100010000110101101111101101011010101011010110100111111001010101110101110101011000000101001100
001000101100001011001000110101101011101101001101101110001101111011101001001100010100101110101001
001000100110011110110000001011110001111110100100101110010110100101001010100110110011010010001001
000110100010100110001010100001110110011100111110100110011100101111001111011101010010001111101101
111010111001010010101011011111010001001001111010101111010111010010100111111000000101100110001001
000111110010011101001001100010101101001110000010011111011100101010011111000011001000010011010011
011011010100100001100011111001110001110001110111100010111110100100100010110110101101101101010011
001010001011001101000100011011111000101111100111010100110111100111110001101101001000100000011101
111111001100100100110011110001100100011001001001111011010011000000111100000100110011110010011000
110000001011011101111001111000010110011100100010000101100000110001010011101001011110100101110001
001111001111010110100010000000000100110111110110101101010000100111010100001001001100001100001101
111100110001000101000000111100000110110011110000011111100110011101000100111110010011101100011111
010010010101010100110111110111001101111010101011101101000100100101000101100110110110011001101100
111101010110001110111011010010101000101001101010111010100100101111000111101011001011001000100100
111001001010010001111000000111000111111110111001100110101100011010001100000000010110111110111000
100011100100011110100010000110111000011101011010110111000001101100110101011100111000101000111010
001010001001101111000001111011101000111011100101000001011011010101111101100110101000111000000001
011100101000000101111000110011100010110001011111110111001101101110111010001010101001010110000001
010111100000100010101110111010010111110001001100110001110110101001101101110100111000001110100101
010100111011011010011010000111000111000000001001111001111110010011010011100100111110011110100111
101110111110000101101101001011101111100100010101001011001101010111000000010011010110101100101111
000110001101100111111100110010111110111000011001010111011000010111000011111000010010110100101001
000011000111000011111100111100001110101100000100101001100010010000011010010101011100011001010110
111101001101100000111010100111011001111101001010000000000111000010011010110100011101010110010000
100000100110011001100110110001000100011000110000010101011101100001111111111110010110001011011001
111001100110100001111010010001000011111101110101001100110101100110000100110101111101100111100110
011110100001100101000110111010010101110011011111110001000101011010110011110100010100011110110101
110101010100010110100111110110010111110101100101000001010001110001011101000001000111011101110101
011110010100110011001110000011011000000000000111001000010010000010000010100001100010000110110010
110000101111001100110111101000100000001011100100010111010010000011101001011111001000001100100000
011011000010011110000100001111000111010100010001100000110110101000101110101011011010001001000111
001011000110010010100111001111101101101110000001100101100111010000011110000011001000011111001111
110100111101000110100001100001110000011010111001010111111111011110000110111000101000000101001110
011111100011100110011111011110011000000011000001011011101011000110110101010100110100011001111110
100100111000111001100001110100000110000100100001000001111001001001000100000100110001110000100000
110101000101110010111100001011011101100001010000001110101001111011011111010010011011110001100001
001100011010011011110001011011110011111101011101101111000001101111000110001100111101010000011001
000001011001001111001100000000010100001001000100110101110101010001100100111111010001000111011110
110001110111001000101001001010100010100110101011011100011100101011110111001111101110001010001011
101110000110011100000001001000001000111011000000111000101111100111001000101001111001101000001101
001010000100001000001111101010110010011011111101111011110000001000011001100011101101110001100001
011011011010000111101000110001001111111100101010010100001101111000100100011011010010110010110001
101011001011100110001110101010011001100101010111101011111100110011000011110101011001110000011100
001111110101100001101010100111011110000111100100000111010100000010001000111110101101100001110000
010100011111101111110111000000001000011000101000000001010001101001010001011001001010100100001001
010011010011000111100100100110101111000111001111000101010000110100001111111111001010001000000110
101010110111110101101010001010000101010000011100101101010101010110111001110101001111100110011111
111110010101110100011010000001000111011100100011110000011111000010001110000101010000011011111001
110000101001001100110100101000100011111100111100001010010000100000011110011001000111110111001000
101010111001111101110011001000010001010100000000010010101001100111100011111111000110011110101100
110000110011101001001001111110110001110101111000011001011111111000100111111000101100011100011010
011000101110111111001100010001111111100110100101000101011100101010011011000000111100000011010110
010110001010111000110100101001100101000101010111011110000011001110100000001000111000000101010010
100010010101111100000011101011111010010111001110111110110011011001010101100100101111001101000100
