011000001111110111110000101001111101011010010101101100000100100111010101010011110010010101011011
000011011100000111100111011110100001101010010011101010111100010111011001111000101110101100101111
101100010010001000011100100011101011010110111011100110011111101110010111011101101000100111001011
001111101100010000000011010100111010001100110010101110001000000000011010010001011110111000010000
011100100111111011100110111111011110111101110010000101001000101010111101001001110111001000101100
001111001110011010011011100010010101110110001000111000001000110111110111110010001101001000101101
000010110101101101111011010111100100101110111011110100101111111001011111100011111101101110010110
001111111010111000110001110111010111101101101101010100001011010010111000000011001000011000011011
100000011000000111110010010111011111010100001000101111010000110100101111111010011011011000011010
001101111000100111010000110000000000100100001110100011100001001101001101010100011010100010110110
000110110010110001111010010110001110100110000111000101011000100111111100111100011010011100000011
101010010110010100001111100001100011001011010000111111011100010101101011101000100101000001001011
111000110101000000110110011101101010000000101010110011001100111001110100011100001100110101010100
111100111101100111101011010101010110111100111011001010010010000100010101101010000101101101000001
010101000101001100011110101010110101110011111011001001111001110100101110101101010111110110000011
111101010011011011111111100100010101101011101000011111010000010101010010100111011101101011101001
000101110101010110000111100100001010110101011101100101111100001000001101100010111111101001010011
000010010111011001101110001010001010111000101101000101011111100010000000010010101011101010010010
010101100001101110001011011010010011011110000010110110110100001000101000000110100110101000101100
110010101000111001100101011010100100110100100011011010111001011011101110111000110101000010110110
100101001011010100110000001111100100001101110001111101011001101010101011100111111000101000101110
100000101010111110001001101110011110101100101111100100000010011101100111111111000101010101101101
001010110111110010011000011110101011001010101111100001100101100001110001110100001101011100011000
110010001101101101010110101101111101010000001010000010101011001011100001111111000100111100100101
011101001011100011001001010101110001000111011010100111000111001010101010011001101110011010011100
100000010110111010101010000011110111001001010111011100001000111010100001011001011010010000011101
011001100011100011001111100001001000000001011010001100101110010100111110111011011000011001110101
000101111100000101011010111110101100001000000010011010011111010011100111101101011110011001000000
010101100011011110100111101110001001111111101101110100011000011101101110100000011001100001010011
001111110101010100100010010110100011000101100111011110101110100010000001011001101011010101011111
110001011110001111011000111100000101111110010101110001110010110011000001001000100010001100000111
010111111101111101110011110101010010100111001011100111110010011011100011101111111101011000000101
100111010110001011010101011111010001001101001000011110011011001011010000100110110100001001110000
100010101000001011001110010100110001010111001000000110010010111111000110101101101010001111000010
110100011011101111100110101011100001011001011010011010110100101010100000111101000000100000011001
111000001101100000111111010001101111000011101110000010101101001101111011000001110011011100100010
110010000000100100011000111001110000110011001110011000011011010111100011101110001100110110000100
100011110000101110001000011001110110011010110111010100110001110000111101101011000000110001111010
100000100000001100001011111100100000100101001010010100001110101101000010000101010100101110100101
011101110010111111011000110000100111000111001011011010111000111101101111101010011001000010010111
100101101001110100001010010101011111100000101100110100111101100100110000100110100110101010000111
101100101110000001101110000101101101100101011001011100010110000110000001111100101101100000111010
010111011101001000101101000111111010010000101000001100101011001011110011011111011101010000100000
011000000010000100110101001011000010010111000110101111100101101011010000100111000011111101001100
010010000010001110001111011101110100000011001100100101000100011001110010000011101100001100110000
001111011101110001101111011001001010000000001100000101100011000011110111101011110100010101111110
101011010100011101111000011011101110100101010011111011110111100101011001101111010101110100110010
100111010000100001100001010111001101011011010010111001011011011101111101101110000101111011100110
000101000101011010110100010111101010010101010100111110010011011111010110001100010010101011110110
000010011101011001110100110111011101101000010101110111010010100001000100110101001000110111111111
111101000101110111001001000001011111001100101000100110010100111000000111100101110100010111110101
011000001111100100011011011110010010001110101010111001011010100111101100111000111100001100011000
110100001000100110011110100010011101010111001110001111001000100110110100100111101010101101101111
101010010111001111101001011100001000101111000111000111000001000010001000000011101100000110101001
000010000110010001010010111001011010100010111111111011010010100000111011110011110011100001110101
000011011111001100101101111010100110101000000110000010101101011110111111011001110101101000100101
011001010001101001011111011110111101001010100111101010101110101101011000000000001110110001000110
101001001011001001100010011110000010000101010000111100111000110001101010101110000110010001010101
111000000011111010001011000111001110010001110101001101111010100111111010011010010110010100000100
101100010101110000101010001011111101011011101101000100011100111101011011011111001000101001000110
010110000000001100111011100111100011011110101101111001000001000010111101110000111100111111110111
111001110010111000000011011001010010110110010011011100000111100001100110000110011001110101001010
011000110011100000111011111000000101101100011111101101000110101101011101011000010110000100000011
010111001111001101011100101110110001101101111011111101110011000001000101111000000011111000101100
001001111110000110011011001111000111100100101011010110110001100101111100110100101101100000010111
010111100000100111000000011110100100000001010000101101101111011110010100111001111001100010010100
010011010101011100000111000000001000000001111111101111111010111101111111111100001001000001000010
011011110111010000011010110011010011011000001111010011101100000001110100111001010110100010100101
111100101001110011101100001111011101011000111001000011100100011101011111110111101111000101110100
000101000010001100101110001011110111110100110000010011000110001101011101000100000111011111010010
110101001000100100110101100101110111000111011011111000011101000100000001100101110100001100101000
011000010100011001010110010111001101100000100100010011001101100111110110001010010100010101110111
001101100001010100000001101010100111111010110110101011111110100000111010101011101110101110100010
100010111010101111111111111111110001111000000000011011001101001001101000011010100010100001100110
000100100101111000111010101010010001001101011001111111100111001110101011011010000010111000101110
111111100101011000001001001000001011011010010101011110111000100000100111101111000010110110101010
110101001110110111100100100110101010101010100000101101010110110110010111111001111010111111001100
101000100101111010011010001110101111011111010101111111001101100000111010101111011111110001001011
111011101011101111100011010111101011001110111011111110110111111011111011010001010111110000011101
011110101000101110010001111110010001111110000001101101100011001111011010011000010010111111000000
001111100010001101101011101110010000001000010100000100100101011111110111000111010000100010101100
011100011110110000011010111100010100001101011011001101001011001110011101110100111110101010010000
100100000001001111110010001000010100101100100101000110111101111100000100010000111011111011100100
101001111100110001010101001101011100101101000001101100001010001001110000010011001110010001100111
101110111001000111111000100110001110010100011010010111111100100101110000001101111101110011010101
011101001000000011000110011000001010101011111010111000011110100010101010001011101001011101111101
010000100010011111000100100000010010011000110111000011001110100010001100101011101011000001110000
001000000111100100110001000000011100111010000110111101000010001000100011111001011000001111100000
110011111011100101101010111110110001001101001111001110111101001111011001000001111010010111101011
011111000000001001011110110001000101100011100110111010101001101110110001001101101100011101101011
001110011100001001001111111010101110001010100101011001000111110101100110101100011111111011011101
011010111000110111011100101011010011011000110111111100111100001110010001111110111101111100111000
010100011101111010111000101110001001011011011111000011011101011010100111001010110111111011000100
000000000111101111000101001110100011110000011100101100010000101101001110011010000110000100101101
101111011010110001011000001010001101010001111100010111100011011001111100100111001000011100111010
011111001000000111011001101101011000101101101111101001011011101001110001001000001001000101101101
101101001011111110001110101000100111100001111101000001111011001101010001110000010001110001100000
111011001010111110011100110101100010110101100000001100110011001001100011100111010111000000000101
000000001001010100010111111001111101111000101101000010101111110000100100111101110110100010111111
010100101100001111110010100001111011010000110000110001011010000010011000010100011000010000000110
100111010010010110001110110111001101010111101000100010110011111100111001010100110001110101000001
101000100010101000100100110111110010000011001010011111100010100000101010010111100010100111111100
011001111110101010101111001110001010000001101100011011101000001001001100110001110010101110011011
101110011101000110100010101011000110001010111010111111100101111101110011011110111111000110100010
101000011010010111010000011100010010110100000011001011101111101111111000001110000010011011111100
111000110011000100100101111011010110110110010010110000111110001100000010110000000000100011111000
000111100010000000000111011110100101110010110000011100001111110011001110001001001010011000100000
001000100100000110000111000010101100111010011111100101100110001110010100000111100010110011010010
110001100001001011100011110001100000001111010001010111101110101000101000000110110010001000011101
110111000001000000111001101100001000100110111001110111010010100100001100000010000111011100111011
100111101110000100010010111101110110101111001100111101111011001101010100001111001010110011001001
010100010000100010010111110000101100101100100011001101110011100111110010111011011001011111011110
001101110110000111001100110111100101001110110101110000111010001101110000010111101011000011001010
100000110011110001010101100000111100001000010000000100001011000011110001001110111000000100111001
010100010010111000010101011010001100001010001000110001011110010010011110000011010011011110011001
010110101101110110111101001111000111110101010011111110111001110100101010010000011111010011101011
101100010111010111010111100000010010110110011000001000110100101100010001100101110111100000111001
110101101000111101111011000000100010110000101010100010101111100000001010000110011110111101001000
110101000110001000101000100011111001111110110101111100001001111011011010101110111100100010111111
001010000101001000010110111010001100101000000110101101010010110110111000000101101000110100001111
000011001011101001000111101110101000011111000010111110010100101010110101111011100111100101011111
011100000110010010100010101110111100000010001000100000011011011001000000011100110110110001000100
000101011011101001100011010011010001100000011010010001001110101011111011000100110001100001001000
111111100000111010111111001111010111110101111111100111101101000100100011001000000000101111000111
101101000100000100100011011010110000011100101110011000101001111000000101010111010010011111010010
011101100100011101100100101010110101011011001011011111000101011110001111101001100000010010110110
101010111000100011110011001001100010101100000100000001101001111111101001110011110110001010100100
101000111010101011101101010111101000001000010100000110110010110001000000000001110010001010000100
100001100000000000000010100001001110101110100010100111000101111100101101101100011101000001001000
001100100111100101111110111000110110100011111111110111100001000111001001010011101010100010011000
010101001010011010100101101100010110110100101101111100111110101010010001000100111111001010101011
001001100010000110001100101000010001110000001001100010101110000110001101011110100110010001000001
111100111110001111110010100000011101110001000011111111111000011001101000010100010000101000101011
001100010100110011011000001010101010010000000100111001101000010111110110001000101111011000000111
111100110101001001100001010111101000100100000010000110101001000111000010010010011101101011111011
011011011111011110101110001000111110110000001111110111001101111101011111010011010000111010100100
010000011011010001111011101100010001110100100000111100001101111000000110001011000100101100010010
001100100011101111010011111011011010100101000101010000100010110100001100011011010101111001111101
100101011110110001111011001111110001001000010011010100110001011110100111010000000101001001000000
001011101110101011110011010010101010100110001110110100001010000110001110011101001000110001100000
100110100011111000101000101011001001011111111111101000001101100100100011011010010111111000011110
000100000011101010001100010110110110101101111010001011011101110110101110001000111100101000001111
100010000101111111010110100100100010000010001110111101100010010000011000011111100111101111001000
011110111100111011001010000001101011011011010011110111000011100000110010010110010010001001011011
111011100101011011111110100100100110110011110101011100001010111001100011111010000111001101001101
100110110111111001111011000010100100000111011111001011101011010000011101111000110111101101011110
101001000000100101011111111011111001101101101101110100000100011101111011101000010101100010101001
000100101001001101011000010011010110110011110100100101101011000100111001001001101111010110101000
010111000011101100100011111101011001110110011111011101111001011110000100100000000010000011101001
000101010000111101001010100011110100110001101001110011110000000000111110000101010111001101101001
111000111101100101111101101010001100011001110101110101111011000101101111111000100100111111010100
011001110001110101110010011001000111010010001011000010100100111011011000000111011000111101011111
101001110001010001101000100111010110100001110100000010100001011100010111100101010111000001100001
000001110100101011010000000111010001010111000010000110011100010000010110110010000101011000000011
000110001001000101110010000011001101110101110001001000111101000100011001110100111111010101101111
011101001011111010000001100000101011110000110000001100100110101011100010100100010010111111010000
000000111010011000111111111100011010000000000000001110101110111100001000101110010101010001011011
110001101111110000011111100000111111101101010011001100110001100110110100001010101111111000100000
011000111101100010011101100111100011100000101110001110100100000001111111100100010111101011000000
100000100001001110111101011010001101110010000001101110110100100101001110000011111111100101001010
010101101100100001101010010100101100011110100100100011000011010110111011011010011011000110111111
111111101100111010010000001001000000110100111011110000101100011101110100011000101110110110111111
000110010110010001111000001011011101010011010101100001001011100011111010001110110110001110001110
001000111000010001111110010001111011101011100110000111101010110100100101110100010111111101001101
011000011101001110000010110000110110000111100101011011100101110100010111000010100010000001010110
101001110101110010000111010001101100111001110101000001101111111101011100011011000101011001101011
011000101100010011011001011111111001110000111100010111100010010101100001011011010001110001011100
010011110011100111001101101101010011010000000011010100011000001101010011101110011101111101110100
000111011110101010101110110001111000101100000000001100100000010000001110011011000010100110001100
010011001110111001011111011000101010011011101001011010101000000000101001101101010100000000100010
000001110010111100010010110110101000100111100001100010110110001001001001000000111010010100100010
111010111111110100100000100100011101100000111110000011100001101001011111110010011111100100111010
111010001100011011100001110000001101110100110011101000101110110100101000010101111101001111111011
010011010110100100110000110001100011111101110100111100000011011010100111011000111100101011101011
000010111011011100011011000011110110101101000010100100110110010110101011010101010011101110011100
001100000101001101111010110000010111110001111100101101001010111101010111111110001001111010010110
100111001010011011110100100010001011010110011111100111110101001001010101010111111101001111001010
011001011001000100100111110011100001100111001101100101101110110111001110100010010100110110010000
111011110110100101001000001111011101010001000101100111001100001110000110000111011110010100100010
001110111100111100110111101110010001110100010100000101010001000110100011010110100001010111001100
110100111011110010101001100011010010001000000010100000000000101010111111010011001001110100100100
101010100010000000101100010000000001101010101101010111110010100001001001111000110000000011110100
111100110000101110100010111100011011101110000011100100100001110010100110011011011001000111010101
110110101010110110001000111101000000010111101100011000011110101011010110010101011000011000110010
000010000011100010010000010000100110110111001101100010010100001001011111001100110100011010101111
100001011111001100000011100100001100110011000001011011110011101001011100011011100110001100000010
101111111101011110101000001111110100011001110000111000011101001101011111100111001000110011000000
000101100110100001110010001110111110011011001110111111011101011001110001000110110111100110001101
111111010110110100001011001000110011111000010100001101011010001110011010010000110100111101011111
100101100101000100000001100011110000110111011101100100110110110010100000101000001100001101011110
100010110101111011011101001000011100001011101111000100110101101001011100001011010101010011100010
101100001111001110110001011101100110011000111111001100000110011000011001101101110100100000010101
101100000011011001100011111111101100010000000111110101100111001000011110100101000011010000110101
000011110001110101100111000000001100110010010010010011111110111110111001110100011100010100010110
011101011110111101100011110001111001000100111001001111000111000100000111000000000100111101110010
001001011111001111001100000001101101111011000101110001011101011100100000000110111001010001011111
111101001100010101111111010101000101010111010000011110000001101101100000111111111000100100111101
111001011001110010011100111010101110001000100001100111101010111000110101110000100100111011100110
111010101010011000111100100001101100010011001100001110111111101000100010011100011011010100010110
011111110110110010001110001001101000111100011010001111111100110101000010011000101101100111100011
010111111100000010101001110100001110110001111100101100111101100001110011001110101111111001111000
000010011111011011001010000111010000000100100001111011111110111100111100111101111010111001100101
001001010100001000001010011010011100100010100010100000110101101101011001100011000101101101110100
000100100110011110111010101011110110100001001111000011110100101111010100001100100111010011001111
000111001010101000010111011111100110100001110110011101101110110111011100101001010000101111110110
011000100000001110000111000010111000011110110011100001100010110111010011010001000001110101000010
110001011100101001100000010111110110110000010110110110000011011111110010100110011001111011110100
111110000101011101001110101101100001010010000000001100110101001111000100110010000011000001100111
000010011010110001010100111111000111011011100101011100111101100111010100110100000000110010111010
100000110001111101000101001001000100111001100100100011101010010010010101011110010000101101010100
110000000111111001111100110110101111011100000111101101010100111100010111000000111011011101010011
010101111100101101111101010101010110010011000000001010000001001101000100010011010001011000010100
011110011110011100101000101101111110101001101011100110100110001001110010010011001111101110100001
111010000000110011011110010011101111111010011001101011110100000011001000001000000010011000101101
100101101010100101001111111000101011001000111110101010000101010110111110100011000111111111001111
001011001010111110000011110101110101111101011010100010101101011100101010001001111101111011000010
111110010111011000111001110010100010100011111101100010101000110001110011010001110110001100000010
001110001111001001000110111000110000101000010111011011111101000011110001110101100000100010111010
011001111001011000110101001110000100111111010010101100001000001010100110111111101010010101111100
101100000011111111000001010011000111100010111100000010110111011010111111111110000001011011101100
110100110100110010111001000101110110000010010101100010010001111010101010110111001110101000100111
110110000111010010100011100010110101011000011010011010110101111100100000110010001110000011110001
100101100000010010111011001100011111111110100100101101101001100101000100100101001000111110101100
000000011101100111111001100001001110001100111010001000101100011100101111111101010101110110111010
001101000000010100101010100010100011001110110010011010010110000110110101110011011101101001001101
111010011001111100100000101011010111011111100010110101110000001100011111000100111010000101111011
011111110011100001101110000010000000110011000101110110100111010111011010111010011001000001101100
010010011001111110101010010011100010000000011110111001011011010001001000000111110101000000110001
000001110011011001110111111010011001000011101111010101001110001001000100100111111111101111110000
011110010100010110110001101100000100101100011110110001001000110010111011000101011101111011010010
011011101100111000110001101010111010111110100001100111101010111100101110100000111111000100100111
010110000011110011011001010011010010101000110010111000011100011010111010011010011111100001011011
001101111101011010101011000011111000011111001100100101010011010010011110110110100001011010101011
100010110101001111011011011010000101001011110011011001001010010100111111100111111110110011101100
101111011101110001010001111010101100001110101001111100001001001011000101111111100100110111111010
101010111110110011011111101101000111010111111001101111010100100010001111001111110011000101001011
111001111110110000000110011010110100110111110110110100000100001010001100000011011001100111101100
100000111011000101001000001001110010010000011101111011110110011000010010010101111011001000001101
011011110101001100100100011100100110100101011111011000100010011100011111101101100101111001011110
010000011000111101011101110100000000101101110100001111111111110011010100000001111001011010001010
110110011110011111100001001100100001010101011001110010010101111101011110000101100000000010000101
001001101010101100111101111111011110110001100100000000111111101111101000110011101100011100000010
101100100011110100101101111001011110011010100101000001000011110010101000111000101010100101000111
001111000101111001000011011101000011100010101011111110101100100010101110011010011000010100001101
001101000111011101101111110111001100101110100110000010011101100010001110100011001001101101110010
011100001111101001010011010110010101011001010011100010101110100010000111100101101110101011110010
111011110000101000100110011110011101000101000000110000100111100001000011000100010010100000100011
001111000100101011000101000101011111011011001011000101011010111110101001011111101110101101001011
100001010100100000011111010110111000010011001101010100100001100000111110110001011010101011011010
001011001110010100101001100110000101100111011110100000010110100101001000011011101001000111010001
011001101101110110100000010011001111010111100011110001101110111001011010100101011111011011100100
000010010001110111011011101101010001110100100010111001010011101011100010111011010111010111101100
111000010011101111001011100100111000110111111100110001000011001101111011011101010010000101000111
111111010011101000010100110001000100000101011101011001110111101110111000101110010111000101001010
011110111001110100010111001100100100011100000101001101000011000111111000000001010001101100011100
010111110111111110100011110011100000111110101001111111101000001110110000011111001100001011110001
000110001100000010100011001000111111001010010101010110110001010111101010100000101011011110001001
100010001101101110001010101100111000101101100110000011100011001100000111110001110001010100111111
000101010010011011110110110110011011000011100001001110111101101110110100010010110010100110001011
011010111110000011001101010110100101110010110010101101000111110000101100101011100000010100001101
111011011100111000111101001111110111101000010110000000001110010100001111011010100000001001010011
111101110111011001001100101001111100000110001010101001100110111011110001010101111001001100011011
111010111011010100101001110111111001011001011111000011000010011110011100010001101000011101001000
111011100001110111111001110110100100001111011001110100111101001010000001111010100101000001001100
001011010010010101011011101100001101010101001110110101100010101011010000100001111001000111110010
110011101011010110010011110101110010001111010100110010100110000000111001010011011010010100111100
001011011111001100101011001100011001010101111001100011101110010001100011011100011100010000001101
010100111001010001001101100101010000100101100101000011011000110001010000001001110011101000101010
001101110000011011011000011010101000001011000011111010100001100011000010101001000110111010100111
011111101011110000111110101101100011101110001000010100111100101000010000100101101011001011000010
011111000010011010111100111000101000100001011011001010111000111001001111001101111110001111110110
000100110010110010110011011001111010100000001100001100101000111101001101111000000001000001011010
010011011001111010000110111010101110011010000001111101000011000000101000010100000010010111000010
000100111100011010100011111110011001010011111010000001111001111010001001000011011011001110111101
011101101100010010111001001100111010111000110001001101011011000000110000100110110000100011110011
111010111111010110100100001001100110011110010111001110010010010111110100010110110000000010011010
001111111101011100101001110010000100001000100000001000000011010100010101100010011001111111010011
101010010011010011010000010011010111011001101010000011011001100111000000011101000100111011110100
000010101100010101100100000110001011001110100101100000110000010100010100010101011100111011110111
000100110011110110011010011100010101010100110111010111011011111100011100010010111100111111000110
111011011111100110010000111100111000101101100010000011111011101110110010101110101100001001000111
010111111001111101111100011101010000000101101110001000111011110010011110011010101011101000111010
010111110001010111111011111000110110110010000011101010100110000010110111101010010100111011110111
100110010000101101000110101101100000001111101001010110100100100001100010000111100110010110001111
001001100011111110001010000001000011000011110000111101100111110011000010111111001100110111110001
001111110110100011000011001101001001011111111011111110110101000000101011000000011111100000011000
010001010011001001000100101001111010110010000011101011001110010000011011010010100100001101100111
011010000101110001110011111010001111000110011001100010100100101000111111110000011111010110000001
011000111010001010001101001100111101001011101100100101010101001001000011011001010101100100111101
000101011111111100000000000001110011110011111001000100110000011111011011111100010010100010000100
100011010100000101100101000101011011000000011100111111101000111101101101110011010110111101111001
111110110100001011000011000000111011010011100101011001000001100000010101110100001101010011011001
101010110010011110100100100111011000111000101011001010101001000100001110101000010100011101010010
100011010110100100011011111010100101101110001110101001010010111000000110000110110110100010000110
011010001100111011100010111100010101111110000011101010111110111001011000010011010000001011000010
100011100010111011101000100011111100010100100101101011001100001010100101100010000111111001010001
000000101010000111100010001000001000101000100000001001001111000000110011011001011011001101010001
100011000110010011001101000110101010001000110001101000011011001000001110000111011000111100000100
110010001010011000001010111111000101001001011011010011101111110001001000100000100001000011000100
100000110000110110110011001110111111001001110100110010010100110101101000101010100111011011001100
010111001010000001100000001011001000100000101111000100110011110100000111000001010010111000011010
000010111101101001001011011001111100100000100110001000111111010011010011110001001101000010010010
010000010100100111010001010010100101110110111001101100110000100000100010110011100101011000001110
101000111001000010110010010100110011001101110100101100111001111110011101010001011010110100010011
110010010111011011110100110101101011100010011111111101110100110011011111101000111011000100110100
100001000010100001010110100001101011100101111111011110000110100101111111000011110111110101011000
011111100111100010101101001100111101011111110010110001010101100001101010010101111000000110011001
000110110111000100100010011111110111100001011010000011111101011100010101001100001001010100111101
111110101010000011101110100000111011100100010011010000010110000000100011101100011100000010011101
101011000001111110110001111010100000110100000110101001110101101111100011100011110000010011110110
110011000111010111011110011010110010111110101100110011111000100010111001110111100010010010010000
000110100111110000011100010010100110111111101010100011000110010010101101110011011011110110011001
111111101010101010001111110100110100000111101001100101100110101110011101000000011101110010000101
100101110001000010101100111011000110110000011011001101000110100110011000101101111111100001011011
101111100010000101001000001100011000000100001001001001010011100000001100000111110111110000000011
110111111110110010000101001110001111010011101110100100000100110000001000000001100001010101000010
010110010001100001100000110111001001001101100010110010001101000110001110000100010101100101111010
000010101101010010110001110101110001111111111100110111110011111000010111110000010110101011011011
011000100111100001101001010100011000100111100110001101100101010000010100111101101111011110001111
011000110100010110011000000011110100010111000001011010110001001110010001100011010111000110011010
111011111010011000000001010010011010010100010100011010010111010000010110111111000101001101010011
111111010011010001011000010101011001001110010000010110010101100011110101110110101011011001110001
000111110010101000000010000001001000100110001111001111111000000011110011011001000100101110101001
100010000101010011101011101111101111101111011010001110101111100011111000010100111000110000010001
010000100101011001001100110011100011100101101011101010110011110110101011011100000100110000001110
100001100100000101001011111101001001101000100000111010110100001111100111110111101001001100001111
000011001011101100110001000100010111000111111010000000000011100100101000100110000011000010110100
011011001100101001111101100011000110101101000010010110101110111001010000101110011101011000110110
001111001001010111110010100000111111011010010000100000100111100010111001000001010101111011000011
010100100111010000001101101100010000100110111111111110001011111010100100010111111100011001111010
010101101000010110000100111010001110110000011000101000100001100100100100110001111110010010010001
010111010101110101011010000010110100010001011111001010001000001111010100111010111100101010010010
011010001101001110001101010011111011000111010111000110010011100000011110001000011110000111001100
110011001110011010110101001110100001110101001100100000000110010000110001001110010100111000001101
110110100101100111110000110001000011111110000000001101011001111000000111100101110100001010110111
000100010000011100100011010100010001101000101000011010010001100010100110010111011101000101111000
000001011110000111010001001011011111011101011000100011110111100010010001000100011010000100111011
100000100111111110000110101011001100110110101110100001001010100111010001010010011011010010001010
100011111101101101101001001010001111101011010110110101001010110100101010100110100000010001100000
101111011111001000101010101010100110010111101010101100111110111111000001000001010101001100011000
111110111011111110110001111101001011001001100001111100010000100010100011111111001010000110011111
101011011010001001101100110011011011101111101011111011001111110001000100001101011011110111100001
101010111111010010110111011100100010001100100010011011111101010101101001110000010010111010000101
000001101011110010101010111001000011001101001100110110011110001111010010111011000101010110011000
001010100111111110010001000001100111001000100011011111011000011011111110110101100101101000001111
110110011110000110111110101011011111111011001011110111000110100100100101100101101101111001011101
011101011001001011111110101100111100111000001010010010100101110001011100011110101001001101110111
010110100011000111011001000111011101110111001101000110110111101011101110111001110101000110001011
011100111101110100011000100100110100000000110111010011011001010111000110000110011000100111110101
011001011100110001110011010111100001101111000100010000010100000101010010100101111011000101000100
110010100110110110100101110100101100101010010011000010100111011110110011111011110011011010011000
000011111101110101011011001010111010100111101111111100000111001110000000001110001111101100111011
100111011110101011000000111010001000110111111100101110000001000001111000011011011000100111110011
101000111000110100001000010010101111111100001011001000100100010011101101111001011001100000111101
000100101110110000001111111100101001101110100100000100000111100010001110101100010101110100111111
100000101001110010100011001000111000010110000100011100101100001110111111011111001110010001000101
110000010111100110111000010100101000101111000110010101111010101001100000111100100101110100010011
001001010110011100001000010100010111101000011100100110100110101000011011000001001000011111110111
011101100110000110011111100110011000000001000110000110011101110011000110001110110111100001100000
100001110001010101001010011010101110110100110110110100010101011101001111001101111000000110111110
010101001001111001001110100010010100101011001111010001011111011110010110010101110000011000111011
100011001111010010110111011011101001110101101111010001011110000101101001010101011001101101111100
000101011000010000101101110001011111011000001100100111101111100100010100000111001101010100111111
010001000000111001100111100101111010111011011100100001111010101111101010111000111010101100001000
010000101011101011000001110110001100011010010100111010001010101001001001101100101100000001101000
001101111010010000010101100001110010111010100010001000101000010110100110100010010110001000010100
011001011111001110011001000011001111101111001010101011100010011011110111001110111101111000000111
111111011100001111111000101010000000100000100110011000011101000000001010110100000010100100011101
101011001001000001001110100011010001000000011100101100010000001010011000110011111110010000100011
000010001010000110001101011111111001010111101010010110100111101110001001101100011101110000100110
000100000010110101101110010010101010011010011001101011111111010111001111111111010000011000001001
101101100000011101101100110100001001000011001101011001000101111110111011011110100110111010101110
111111110011111001000101001110001111011001100011101010101000001011001111010101000100011010000100
110110011010011110000001110011000000001101010100110110100001011010100110111011011100010010101110
111111001110010100000000000010010000001010000111011011011101011101100110011000100010100101100010
000001111001110101101001000110001000110101001001011001101011111011000110110111101110011110101101
110010100010001110000100010111110000001001111101001101011001010010001100101011010100001111100011
100101011100111000101101011001011101001000111110100110000001101101111111110011010010000011001111
100000010001010011111001011110100100011100001000010100110110001101000111001100110010110000110011
110001001000011001001000000111111010010101011110000100010001011000111101000110110010000001000110
100111101100110010010101010011010101100101000011010001001000000000110011000001011001000101000110
111101111000001010111101011100100000000001111011101110110010110110000001000010111111101010001111
110111010110010010100010010100100110010110101111000000001000100000000000001110111011100110100000
111010001101101110100111010000011100001011011111000110001001110100111011001010111101000010001010
101101111000010100001000101001100010100111001001010001100011100010111110000110110100111010010111
001100110111101011111000101110011011000001100110010000011001101101000000000111101010101001110111
101011001100111010010111011011000101001001001101010011111010100011000100100010100011111101100110
100101100010011100111000111010011011001111101011011000001101000010011101001100011001001110000000
101101111111100011000000111111011001000100101001001010100101110101101111011000111100101111101101
100001011101111000010111000000100011000101000000111100101101101100100011101010000001000010110111
110110010010001000010000010000000011111010001110001010001110100110011111110100010000010001100101
101011011000000011111101000010100101011101010011001100001010101100110111010110011010010011111001
101111111100101100011100000011010001100001000001001011001001111111110110011101110001000001111010
111111000010000010111010000000011111100111111111011100110100000100101101011101100101111001101101
001100011000100010100101000111110100100101100110001111011111001001000000011001000011100001000100
001001100100010101101000110101111101101010100100111101010110011100101100010100111011110011010100
110001010101101111111110110101101010111011110001000101000000011001101011010100010001000001011000
000100010110101110100100010001010101101001001010110000101111110110000110010110100101010101000100
101000000101110111101111001100110110010101000010010101110101010000100000100010011111010101000100
001000100110101010101010110011001010111000001011011011101001110111010011010110011101101000010100
111011000000000001100110000001110010101000100110011111110110101100001000000000000100001000110010
011100101000010111001000000110001010110110100101100000100100100000101110001100100000000101010010
111111101110010100111101001010110010000000000111111110110111001111001010001100101110011000110101
110000010100100110100110011100101101001100101010000110001010100101000100001111001101101010000101
100010010001011000000010000010010000101101001100001010001100110001011000111011001001010100011011
111001001110101010100111100010111111010000011001010010110000001101111000101101011100011111000100
001111001010001101011100111110001010100110010011001010011100111110100101011111000101100101001111
001000000010100001100000111100001101000001010101101010010001010010110110011101101000001111111011
001011011011010011010001011100111101111110000111111011110000110111011110011000100001000000101010
001011000111000111001010111011101000010101110011100100110100010001101000111000000111010000010110
101110001011011011001010100011010011110010010001010011100001001101110101011100001000000011011101
001000111001001101110110001011101100110110100001001100010101110101010100001010000001011111000000
010110000000101011000000111010110100101000110000111010101010001110100100110000101110011001111000
101100011010100000011010111010101011111101111101011000110010100110110101111010100111100111110110
011010111001100000101010110001001100010011111101001010110000101000101010010011100011010010110111
101010101111100011111110101011001000010011010011101001011000111001000010100110111101011001010001
101000000010111100110110001101010111000011100010110111011111110010101000001101100000011010000010
000000110011101001100110100100000011001100101000010111000100111001100111011111101011111000110110
100001100100111010001100011111111110101011100011010101100111000110010001000100010010011110111011
100011010100101101001010010000011011100010101001001101011001010001111000001100111001111110110101
010111110110010010111001110110000010011101101011010101101010100110011110001101110111011110101100
000000110010001101001111001011000111000101001110111100111110011000110001011111000001101000010110
001111001011000001000011111110111011001010010110010100111101000000010100001100001011010010111101
110000001110000001011011111011000011011110011100000010010101011001100100110011010011111111100100
111101000101001101000010100110110000000000110111101101100001100110100111010010000101101101000001
000101101111001100010100100011110011000110101000111100101010101100000010110111101010101001111001
101011111010110100000101011011111111111011101010111010110111011010110100100011110000100101001000
010000011100001111010101001000011110100001111110100110101111100101100110100010101101101000111011
100110000101011111100101101100101111101010011110101001011010100110010011011101100010100100000111
101101100101100111111101000000111010101001111100110011001100110011000001101101110010101001111110
010001101100001011100111101000100010000100010010110110110101110110000111011111001011101001001101
111110011011000110011001110110111110011111001110101000011100010100110001000110001110110001011010
010000001001101010101011110101000011100100110000110101110101110100011110010110011000110100101010
011000000000110000110100110100001010111100001010010010100101011110110001010001010001100110100110
010111101011010111000100100001001100000101110100100001011000100011101101100110111011100001100111
111001100110010111110000011011100010000101110100010111100000110000111010011011010001100111001100
011011101000011011001001111011011111000100001100100000100101010101010110000010100101110001010110
111010110001000011001111000011010110100010010101000001010111001001000001000101011001011011101000
110001111100100000110111001001111100001111001110000000111111110100101010000110101010011110111100
101011010010010000011000001100010001101101000110011011000011101110001011100111001110000110101011
100100000011011110001011111110010010010111110000111010001010110001001010101000111101011101111100
100100001010100000011101100101110001000100100000001100111110110011111001000100011111101010101011
010001010110011010011010010100011110100010010011001100111010100001100101101000001000011010110110
011000010001110010100010010110111101001000010001001100001101000010001111101001000000101110001000
111000010110001011000001010001001111111101011100110000100110111010000011001000110100001000100010
001110111011111110000100101001011101101110110011011001111011000001010100101000010001100110110000
100100110101001100111111011111010000010010010111100000111001111100111000101010110111001010100101
001000100011111011011100110001110110110011000101001110001011101000110001010011000100101001010100
000010101100010110100000111111011100110101110001100100010101011110010111001001000010110101000100
010100000100000110110101010111110111110011100001111101001001101101100001011001000100101011111100
011100000000111101101000011011011000101111100010101010100111100111100100000010111100101111110010
011001001001000000110010101000001000001011001010101101110111011011011000011010101001011011011100
011111100110001110100110011001001101001001001101111010101010001000011011001101010011101001001100
101011111110100100110101000001110110011111110010111011000110110001001111111010111010111101011110
011110101011111000010111111010111010000010011010011110011101011100111100010000011001100001000110
101011011110101101111010110111010001001110000110011001001100101001000010010000100111101111000100
000101110010111100011100111000110101011111101110010011010001100010101101011010101100001011100000
011010100110000010110100101110000100000111000011001001101101000011001101010100010000001110111000
101001001000111011110010001001000101000000010110100111010001011101000110000100110010100011111111
100011100101011111000101010101111011100100101010111111011010101100011101000001101111001001000110
010100110100000111110100101100110011011101000010100000010001000100001111011011001011101110101011
010001111010010001001001111101011101101001011001101111001001000100110011101001001110001010000001
001111001001010001001000000101101111010001101000010111111111001100000000110011111000001101101110
110100010000001100010101001001100111011111100011110011010001011111001000100100111010110010100111
011000111000110111001101001101100110000100111001001101101001010101000111100111111100000100101110
000000001001011101011111011111100100000000100101111101111110001100101100100000001101101111110101
001101001100101001110101110011000101000100011111100011000100000111111010101101000100011001111000
101011010000000010111101110111100001010101001101011101110100001000110001101111010110001010111101
111100101011001111010010001011010010111000100101000011111001011000111110101000100111101110111000
111011110110011111110010101110100001010111110000110111100001001110011010110110001011100000010010
110100111101000011111101000000100111110001000011100000110000111000001000001110100011011000100111
000010000001100101001001111011110010001100001010000001100100110000101000011100110101111100001001
100001011011011000110010100100010011101110111110011000110101011110001000000010010011110101111001
000010101000000111001011001011101000010000000101101001000111101111011101110101100111001001011011
000101101110100100000000100101101000010111101100011011110100110000011001101101101000000100100111
001101000110011001111111000001101010010101010011110001001001100010011000000100011100100110100010
001100011101111100111000010100001010101100110110001100100100001100110100100111010011011011100100
001010011010100101010010000100101101100100010011100010010101000101000001101001110011001100101101
101000011000010011111101111110010101101101110011010001100001000110010001100001010001101001100111
000000000101010101010100000010000101101111001100000101001001111111010001011011110000101001101101
101010100011011110100101110010100111001000101110101011010000101011100110001110111110110110011111
001010101111111011000111101111101100100010110100001101001011011011000100001010110011000101101111
111011010011100110010111011001111000110111001001100010111010101110001011011100100111000010001111
100001111101000000111111010110001111100011101010111011011000100011000110110010101010010110010100
111010010011111100100111101110001010011000100011110111001011101011111110010111000011111011010101
010001001010011000111001010000011010000111111110101110100110011111011010100000011001011001001010
111011101001111010111100001111001000110101101101010011110110000000110111001010101100000110110000
110101001100100011100000110000100010100010000100011001011001101111010110110001101010011010110001
101000011101000010110010000101010100111001100010001000011100010001001001110100001001001110111011
101001101000010101111011110101011000110101010010100001000000000000010110111010100000110100110011
010111010101001010110001110100111110000101101011010110011000111011011010010111010000101001101000
010010111111001100100000001110111101110111000001010111000110000000111001010001000010011000001001
101010101001001000111010100000011010001000100110011001101010011101100110101010110101111101111110
000110111011101000001011100011000011100110100101011111101000000110111011011001000110110000110010
011100001101101100100100001011011000110000101000110000000000000000011010100010100000011111100000
000111001010111110101001100111000011100101110000110100100110111010110001100100000000101100101101
100101000010101010010001100111001101010000011111100011110111101011100000010101001000101011111001
111110011101111010100000010101001000100110001111011010100001100001110100011000101001100110010001
011110111100001100101101011111101001010010101000010001110111100111100010100110100001101101010111
111100001011111101000100000100110111000000011110101111010101000101111010010010101000110001001110
000010100101100111000100000111110111110000111011111101011100001001111001110110000010101100011111
011100100111010011110000000001001110000110000101001011101111011011010001011011110100101010000111
110001001011010010110000000101010101001111001011101100100000011100011110001110101111000101110101
100101111100100000100011110100011011011111001110110001110110011001111110000111111011010111110101
000101011000010001010110101010000000011100111011010011010101010101011000101010111110000000110001
111001011000111000110011110000010000010100000111100100011000010110110001111111011001011111000111
101011011011111110011010001010101111011000101110111001010011111000011001111110001011110001100010
111001000110101000011001011110111011110110111010111100100110000100100111001010101000100101100000
101101100111001000011000001111111010010111101000011001001011101011011001101011101001111101101100
110011110000010000100100101100100110001011101010101110010111010000011010000100010110000000100010
101011110111110010110011010111111000110010010001000110001001101000011011000100001010101000011110
111100110111100101111110110000101101111110100110011001110110111011111001111110100001000010001000
000001010101111011010011000000011001101100000111011100100011111110101010001000101010011001110010
100100100000101110010101111001011110111000011101000010000011010110011100001010100011010110111010
111110111011111100011000110110000000100001110100110100100000100010010000110001100000111101001100
010101001001110110101001101100100110011101010111011001000110110011111010011101101110111010101000
001100111011110100011100111010111001000001111111110110011101111010011010000001011010111001100111
100101100110000110111101001011110100111101100001110010111000101110100100011000110101110101011010
010000111101010110100000000110101111011011001100010111101000000101000010100101000001110001101011
010011010011000100001111000010011101111110111010010010100011011001110100111011010101000110010010
010011110011110010011000110011110101100111000100110100101111000011110100000011011000010011110011
110110110001000011111001010000000100111101011100000111100100100100001110100000100111011101100100
010111110010111101000001000011011010010111110100000100000011001101010011100101101101011010100100
001101111001010101001011110000010011000111010101100000110000011111010000011001010101100010100011
110000001101001110000011110100010110001010100010101011011000010110000010101010110110010111101110
001000101011000000110100111110101010110100110100011110001100100100000011100010100011000111011100
000101101011011001111101011101111100101100000100111001011011100010100001001010000111111101101010
010110011010101101001000100001000100010011000011101101101101100110000001100110001110110101101001
110000100000001110101100110111010110010001010111010111111000011011100111100110001010100100010101
110000110011000011110010001100000101001001100111001011111101110001110011001101111001010001001111
100101101001101101010011111111000001110111100001101001001101101101001111000001100100001111000111
000010101011100011001011001011101001111010101001001001111010001010111010101011101001100110111000
001001111010101000001010101010100110111101000011101111001000001100000010111111100111110011000111
101101001010011010101100001011011000001011010100100111110110001011100001110110000110001100100000
001010110010111001110011011010011001001110000101101011000001001011110000100010000011010001000110
101001111011110111010011111011000011101010000111110011011010110111100011100100011010110100000110
111010000111000000010101111000000101001100111011001010001110010001110000110101001110110010111010
000100101100100100100001110000111000011001011110011001000011010111110000011010011101100101011001
101011010000101010100001011111010101011010101010111100100110100011111011011110101011101010011111
000011101111011000000010101011111001101111011100100000100010111110110100011101001111000010111000
011100100000001010100001111110001010000000101111111110110101000100101011011001000001111000110000
110101100011000000011001100001101011100000100110000011100011011100101010101101100101011101000010
001111000010100110010100000101011111011010111010110100101100000000111010110000111001110010000001
101111100001111000100110001111011101101101111011101100110111010001110011111000100101100001111100
100100111100000110111110101110011111010001001100111110110100101100001111010110000010010000110001
110101101110100011000110011111110100001101110111000010100010011010010100111001001111011101001010
101000011011110110110110011101110010000000011000010011111101010110110111100000110011101111001101
101001101010011001000100011100010100010101100010100000111111001101010100101101100010001101100110
110000000100100100100011101101110011111101010111100010011011000000001111100111100100011000010111
100100011110110101111110111011100101110001010011010111000011100100110010011100101110000111000000
110100011111011110100101100100110101000100111010011010101000101101000100000111000101011110101101
001001010101110111110100100011000110100001110111110010110010110111100001110100001101111001000011
000111000111011101101001011101001000110101100010110110101000010101101101010110111001000100001001
001110010111010001110111010001000100011001011110111001111011101000000111111101111001011111101100
000001011010001011011001010001010100110010100110111111000101010011011101100111011001101110110101
101110111011101010000100101011100000000111001011100010000001001110100110000100001110110001001101
000100101110011010000110011000100011111011101010101010101101111111110111010101100110110111001110
101101010101100111001001101000101111110001111110101010110110000000111010101011011111110010010010
111000100101111001100011101110110000001000001000010001000110101111101101011111001001111111001110
100000011111100110001110101010010010111001101101011100100100011111100100011011111100111101011000
110111001110010100101111110000010001000000001010010000010000111000111011100010110000111100000010
101000011010000101000100100111100110001000010101001011101110010000010101000011001110101001001100
100010000100111111111001110100010101000111001000101000000100000000000010101100011011100100111001
000001101110011100010011001011110100001110010101000000011011101010100100111000011001100110001101
000000000110010001001001010000100011010110001000010010111110000001100111001001000110100110100100
100101000011011110011111111001001111011110011001001011011010111000010000000100101001000001001000
010001101100011010110111100001000110010100111110101101011111101001111010011100101111011001111111
111010001010110001110110001011001010010100011001110110101110000111111010101110101100110010010010
000111100010100100101000001011100110001110000001101110101000010011000011110110110011001111000011
011011001101000000101001110011000000111111100010111010101010100001011011101100001110110000010001
101010101001110000110100011111100000011010000010010110011111000100100001111111110010001101001110
110110001001010000000001100001101000110011000010101100100011011011100111011010110100110100001000
000111000101001011001001010110011100000101100000100010000110001111101000111111110011100010101011
101111111010111010010010110011011100000001101000100000010101000000010000011100101101001101001011
101110111011101010000011011111110011010010110000101101101000100100110101010111011001010001101100
110101001011100110001101101001110101101001111010110000100101111101000011000100110011101110011001
000010001110010000101011010110010110010101100101011000010000011010010001101000001001000010001000
011001111000111100110010101011010111110101001010111010010111110110000000000000000111010001110000
000000110101111110101100001110100110000100000111100010010000010001110011100001000000101101011101
001001011010011111010111111100000100001110001101111011101111110100001100111111000100010111011011
110111101000000110000011001100000001010111001101111100000100110100001110110101011010001011010111
001100100110001110000110000010100011100110000111100001011011110101101110011001001100111011000011
101000111011011111001000011001110000000000100110111001011101100111010110110000001011101010001001
011000111011011101001101111011000000011100001000101011110010000111001011101111100010010110110111
110001001101111000011101110011100001011110100111110101011010110010101010111111111001000010101100
001101101110110010100000100111110001110011010000010111101110011111011011011011000110111010001001
101011100110001011010001010111111000000010000101011001001111010111100010100111010111101110101101
010111001110010010110110110101000100100011000010100101010100110100111100101100111111001010100011
010111110100000000100101001101111001111011111101110001010100110100111011100110011001100110011000
110100101110110000011000111100100100010111001101101011100010101100111011001110000111110000001010
101000101101010101001000101001111010011111001011001011111001111110101110001100001111011001110110
000011011000111100011000101001111010100011110110010010000011010010010011001010100011110100011000
000000011000111101101001010010001010101000111000010001111001101000000000000001001111001100001101
110011001010111011011000011100110010010010011011001001011110011000111010100001010011000101010011
000010100001111011110100110111101110011001010111011110110011100010110000110011010010011011110110
101111010111110110000111010111011011101111000101100011111011001000100001100010011101100110001010
000101100101011000001111101000000000111011100011100101000110101111001010000001011100110110010010
000110100010101001111001011111010001100011100001011011010000011011100011010010110101111101101100
110111001110001110110101110000001001010010111111111010011010011101000101111011001111110011001100
111011010111011010001111111010100011011100001001101001001001010101101100001101000110001100000111
011111100001111000000000101000010111100001011011011111011110000000110111110000011010110011010110
110010111101000000111101101100000000000011000001010000000110101101101011010100011000010001010010
011101011001100111101100010111011001101111111001111011100001110000110000100101100111011011100111
110000000000010000101100011000101100010111111100111100000000011011010100010001111111100111111011
001100011111100101000101100100111010100110100001010011111100011101100011100000000110011111011001
011001101101110101100011011100000101000100100111011001111110001010011100000110010001110000100100
011100101011110010110010110010100000111011000111101111111000000110000011000001111001000011100000
111000110010111011110001001000000010111010110111100001011010101110011011011110101100010101100000
101111110011010010011110000110111001111011101000001010101001100001001000100001011101000001111011
000110001010101101001011100011111101001001101111110111111101000010100001111100101100001001101110
001101011111001111110000001100100001011010101010101010001100100000100001100111110111000000000111
011011101111011110101100101100111100011001101001101111100000011101000101000010001101011111100111
101110111110010001001001010011101110100100010111011010111011110001011010110101010010001111011000
111010010111111111010000010111100000010011001000011011100011100010100001101001110010010000011101
001001110100100010011100010000000101001110011011010100001011101011010010010000001011011001011110
110111001100110000111000000100100111110101001010000010000001001111100100110110000100011010011100
111110100000111100010110000010010101111111010110011011110110010100001101010110001010010100100110
011100101111010101110011001111010000110110000000011110011011000000011100100001010111001110011010
111110010101101001110111000011001111011010001100110101011110100111111001010101001111110000001100
111001010100010101010001000110000101001001011101001110001110001000000101011100111101100101111010
101000111100110001011110101101101010100010010010100011000100011000110001111001100100111110101010
001000100000101010111000010010010101100010100110100001000111111010100100100110011101000100011110
101011101010110110111000100101111000111011011110001011000100000110100101011100010001100100100001
100011101101110001101100000001111011010110000011101101011001111011110001100010110000011010011000
010000000010000110011010001101100011000010111100111110111011100001010111100110111100110110010001
111000011011010111001000001101110011000011101010110101011110111111100100000011101010010001111001
001011110010001001111110011010110000110001100111110010100100011001110010011000010100010111110010
011001111101100011000111101101011101111011110111011010111001000000100010100010101001100100110100
110010110000001011101111110111111000011101010000100100000110011011111101100100101111000001100110
100001010010000001010011011010101111010001011111010001110110101010010010010111100100100100001010
100111101101110001001100101111010000011110100111101011010010101111000001011001100101010011001111
000010110101011101010100000110000100011011101010001011000001011000101101111001001100001000110111
000010101011001110000101000010111111000100110001011001101100100101000011000001111101011110110101
010011011000100111011100000111111101101011000100101110010111010001101010000111100101110111000010
111011001011001010101111000001101110101001010101000011010011100001101001110110100001110010111110
101011000010110110101001000110101000100010100001100101011100111101111110010000110011010011100110
101010001001010011001001111000011000111001111001011010100100110010110111011110110011110011100000
110010101110011111011111101101000011110101111111111000000000000100111111101010110001101010110010
000011101010000110011111010011001000101011110000101001000100110011100001100010010001011000001011
000111110010100111111000100110010101011101001101110001100110111111110100001010111011101001101110
000111101010110100010001100000101101001010011101010000100000101000000011001111011010110001010100
001110101000010101100110110001000000110001011000011100000111000001110000111000001010011011100110
100001001100011000001010000101001000101100011111101101101000110011110001000101111110011111110001
111101110110011000011011101000010111010111001110111100001110001101101100000110000000110000010101
110010110111000111010001011100011100010100110101101111101011000001101100011110100010110000011101
110100011010111010111010101111111010110100100001001001110011110100101000011110011100000111111011
010010111010011001111110010101101111110111101011001011110110001011100010101101011001001110100011
011010101111100010010110101011011000100011110101000011111110101110101100011000110011110001010001
011111010111001011101110001000101110001100010100100111111010001000000111111000010110101010011100
011010010010000011101010101001100110101111011111111111101010010110011110010111111101100100011101
010101011000111010000101100101101001000011111100100110101111001001011010111101001010111001011011
000111101001100110000010010010100111100011110001110101011100011011100110110101001111100001111010
011101000111000110000100010010100000010000111101101010100001101000110001001100011100001110000010
001011011111100011001000110100000111001100000111100001010111111100101110100011111101110110000000
010001011011101000110001101000100001011100110010011000110110000000001011010110110000010110011001
010010000101110001001111011110011011011110010000001111000011101110001001010001000010110110010011
000101010111001110011110010101110110001010000100011111001011101111000011100101110110001001000010
010110100011001000001011001100010100100011111110011111000111110111010111110100010010000110111100
011100001101010111001111001100011011000000000100010010000101110111010011011100110010010011011000
001010100100000100101101100011101001100000001111000001001110011010111000110001110010011011000000
011000010001110011111011101010011001101001101110010000000010001101100001001100001011001000110010
111100001011101101000110001110010100001101011111010110000000101111101001011010101110010010101110
100010100001010111010010001110101001000100001110010111011110010111001010100011101010000101101111
101000001111011010111011000111111111011011111000111100000001010000110001111000001110110111111110
011101101110011010010011000011100111110001101100001111100110000000001101101010010100000010010011
000001101101010011000000101011010000010110110110110001101100011100001011111010001001101001010111
100110011110110010001011111011010001001011101100111100111001110000000101111101010100011011011001
101101001011011000110011011000110110001011100111101100101101110001111111010101001101011001100011
000011110011100110110111001001010000011110110101100111010001010010101111111110010001100000011111
010110100101010011001100110110001001101101111101001000001010110101111001000111001110010100000111
111010100110001000011001100011101110101001101010011101111110111001111000111011100101010010001110
110010101010000111011110000010010100111110001110010011110010101001111001110011110011000011001110
000010000101101100111111100100101110110011111011110100111011000000001100000111101000101110100001
101110001001101100111001010111001100101000110001110001101011010101000010001110111010011100000110
000110011011110010101110000111110010100101000100101100110110001110110100010000000000000001111010
010000001011110011100101000010111000101010011111011111110001001110010011011111000001101100100010
100110011100001101110000001111100000100100101001100111100100110111011001000110111011100101101000
001010010100110000000110000100111001111101101110011110101001010111110101100111100010101100100001
001110001110110111110011111111001010010100010001011111111010111011000000101001011100010111110011
011011001011000001111100001000100111001000110001101000010100101111101111101111010010010101010101
101101010000110111111000111100111000000100100100101001101100100001111111100101111101010000111111
101011001001101101010001010101010110000010001111101001001011011100110000000101111110111100110010
101000000110100011011011110100110111010101001001000110100010110110000001010010101100110111010100
111001010100001101011001000001100010101100111101011101011001101001110001101101100100000010101101
000101010010000101111100100000010101010000100110111100010100100101100100001010111001100011110001
000101000011111001101000001110010100111110110101010001111101100100100000010111010101000000100001
101111011100001110101000001010000111010000100000011110100010001110001000111110110010000011100000
101000011001111110010100001000100000100010110010110110100110100110110100100111101111101110111110
100101011010011010001001100010101001111010100011110001101011100110011001001101101010110001010010
110001010111101110111101110001001011001101101000110111100010101110101010010100100010100010001000
001011101011011010011100001010001000100001010100011011101011011101100010111010010111110110101000
110010101100111101010000100010101011101101110001011111000011000110101010110100101001111100101000
101111110011100100111100101110010100011000000011101110110111000101001010011011101011111010100001
101010111010001010101101100001011110011000111001010011100011011101010110010000000010100110011100
111010000100110110010110111100011010000010001110111111101101001011110111001011100001001101110110
010110000010011011110000101000110001101101000100101000110111111101110100000011101000101111100100
001100010110110010000011111011110110010010100001110111101110010110110011000100100111101111001111
001010011111010001101000001111111111101011000000100110100100011111110010100010110100010100010100
010011101101010010011010010011110101011001001110011101001000110010001100100001111110101010000000
101110100110110000010111001101100010100111000100001001100011111101110101011001011010110011110010
010010111101000101100001001101101011101110000111100111101011101101111011000100001101010011110001
110010010011000110100000110001010100101111111001011111011101000000010001111000110110010111100100
000111101000110001101000100010101001000000101001101010001011011011001001010111001000011001111111
110110110110101001011000101011100111111010100101110101110000110110011000111011000110111001100110
100000100100010001001001101100011000110001000010001001010011101101010000100000111010101100101011
101001110101111010000100101010111001101001011011101111101100111000100111110000000101000100000001
101111001000010010100100000000000011111011101011100001101001101110101101000100010100000001100101
011110110010011111111100111011011101011000100011001001001111100101011010010100101001101110101011
001001000000101100000001100010110101000101000010111001011100010011011111101010101000011010100110
101011100001110001000100110111001001101110010011000001101010111110011100000100111110011101001110
101001011010100010100011001101100101000100101001111110001000100001000101011101111001011010100101
100111110011010001001000011111010010001010101010100010010011011101010111101111111101101001000001
000111110111101110110000111011000001100100010001110010001000011000000010111011010001110000110100
010011111000010111000110001011011011101110000010000111111000001101000100110110011001000110001100
110011001000001001011001010110011110110011111001110010001111110101000100000011000000111100001000
100100000111011000000011011110001101110011001110010000110000101110110000011111011001111000010011
000101110101111011001101010001010101010101000111111111101101000010101010011011111000101110001011
110011101110111011011001110110011111010111001101010110101111000100100010011101000011011101000011
111111111111111110010110010010110110110001110111000100010011011001000000100111011001110011010010
010100111111011010111101110010000111000101110000110000010010000100011110101101110100001100011001
010001000001100000010110010000010100110101100101001000011001110100101001100011100011000110110001
010111110111110111001010010100101110011110010100111011110000010100001011110101000110010001011001
011111100101111001001111101010001010101000011001111011111110111010100111010001111000111011100011
100111011100111011101110110100010100011000100011101010111000010010100000111100001110111001000010
100011101101111010100111100010110011110111000111001011111001001011110001000000101010011100000100
101100101111101011100111001110100110110011110001010100101110011011111110101011001000010101110001
111110100110011001100111111001001011001101100011110101101110101011000100100110000111111001011010
011101101101101100000010101101110110110010001011111110110101000111101110011011111001001101101110
011111010100111010011010001001011100101010111110010100010001101000011001100000011110001000110010
101100110100011001010000001010001110000001010001110010100101101001000101011110101000101110100100
101111100111101001011111100011101000111101101111001111000010100000101101010001000001000101001001
101011011000000100000100001011111100001110011011110001001011011110100101001100010011110000111000
000100100011111011011100010100111101110110000011000001111100101110001110011111000010011110100011
011110000110000101100001011110000100000101110110111011011111011000100110011011101010000100000110
010000011011101000011110111000011111111100000000100101001001000000010111011100010001001010100001
011111101111001100111010011100011001110101000000100000010101001010011110011011000001111011110101
111100011111110011101101010100000001100110011100010110001000000011111000100110111001010001110100
000001011111010100000000111001010001011011000111100010111111100000000100110111010001001010100110
001000001001000101001111101011010100110110011011010001000111010101011001011011110110000010000010
010101100000100111010100101101010000101000110000110101010011111001000101000100100101010001000000
101101011110110001001001010000000011001110100000110010010101100100101110000101100010011010110010
000111010011001100101001100011111001101011110110010011001111101010110000001100011100001100110001
001011100000011000010010110101010111100101010000101110101001010101101000101100111100101000111101
011001101100111111100101111000010010000100001101011000110000101010011101111111011011100111111011
100110010010000001000111101001000001101001111100011110110101010001100110111000100001101110100101
111101101101111001010011001001011000101001000011111100000010101100100100010101010100101110111100
001000110101001011110010000011011100000101101000011000101111010101110011000111111110101000010111
010011010010011101110111101001011111001000000010010111110110100000001001110100011000110110111101
000011101001111111110100011100100101011011010101010000010000111000110110011110000101111100100010
010110111101111011101011111111010011110100001011100101111101110001110110111001011100100111000101
100100011011010111100011101100100101001101001111111000000100010010010111100000010100111101011101
001001011010100100111100011000001001000110101001100110101110010010001010011011110111000010101111
100101000111100010011101111011000000001000101101101011110010100101101000111110100000101111011001
001000001000011100000100011010101111011010111011101100111001101101001001111110011001011100010111
110010001011100110001010100100010101111111000111111001001001111010111011001001010111110011100001
011000100101111100101110100000001110100000011101111011010010011011101100101000111111010111010101
011010001101110001101101111000011111101011110100110100111111000110010111001011011111101010100111
011100100100101110001011000101010001100000111101011000011001010111011001001110100011001111101010
011010011100110010001100011111011111001110100100000010110100011110111101010001111001100111101110
000110011011110101100111101001000001110001011110001011001111101100000101100011001100000100001011
010111010101010110011000000000100110011010100101011100010100100000101011001001100000010011000000
011100001110000001101010000010101111111111000111110110010000111001000101011101111101010000010000
100111011111011101010110101000000100110100110011011010011101111111010001011100100011000110001011
000000010111000001010111000100100011101001010011000001011101011010011110001010010011110111111000
010100101011001101111100000100011011111110001101100010010001001101010100011110110101100100000110
110011111011001101000110101011010111000100010101010100000110000000001101001000010000011000011111
001111011001100101101100100010101001101001111110011101111000001011000111000000101100011011000010
100111100010001111001010110110000011101111000100010101100110011011101100001001011100100001110110
101010111010001110001010011010011000001001110001100011010110111101000101011100010001001111111101
000000001111011001110111010010001011011011011110110000001110011000100001101011011100100101111110
100110101100010001101011000000001011110101000101111011011010010011000001111000101010010100011111
001011010001000000010111000110011110011011111110011001001110010000100001000000101110110111111000
101001100111011110010101011011111101000100101110100001011011011001110000100001000100001001000110
000001100001000111110011000001111011110111010111111110010100101110110101100000100001011110001111
110111000011010101110000010101011111000011111101011111010000001001010011111010101010110000100011
100011011010000000010100010100111000001101000101111101010100110111111010001100011000100001011111
010110101010010111011111110111010001100001100101011001110000001010011110111100110101010111011101
100110111000100100110001000101101110011000110010100101101010010010101001110001100011101110001100
101000111100111001111110001011111111100110111000011011011011011010011101100100001110011111000010
110001001001010010101110100011100001100011110011110100111111011011101101001111100111101110100110
111001101101011011010010111110000100010011111001110010010010011011100100100010000010100001100011
000110101010011001001100000101110111001000010111110100101000100110000011100111111001101001110000
101101001010001100011110001101000011100011011110110000001101000010000000011100000011000111001101
100000000001010101101110111000011001111100101110000010100001100111010100010011001001000011110100
101100100101000100001101000100110001110101000011000111011000110010101111100110001001101111010000
101111110111010001100110101111001100101010110001011001110001101101111110000101111101100101110100
101110100011011000111101010110010001011111110101111000101000011100110111011000101100010101001101
100101011000000100001100111010111010001101010110001101010011111101000010010101000001010011000110
100111011100101000111011101010001000110000111111101001110011010010101000010101101000111110101111
011110100010000100011101011100011110100100011000101011100010111000111010111100101110001010001001
000111111000001101101011011000101111101011010000011101000010001010101000010111101111000111100110
101011100110000010000001000011111111010011100110001000000110111110000011010100100011111011110100
101010100100000010101010011101010101001011011101100101010001111100110001001010001011110101011011
111011011111110001110000001000001100101000110101011000111011110101100001010000000111001000010110
011101011110111110000011000001110000100100000000110101011011000010101101000000100001001110110111
001000010000111001101011011111100011111111110011110011010011001111100000010011010100011101110000
100011000000000010010000000101001100010110001100000110010110010001101100000000101011111001110101
111010001010010110011101000111011010000001000110110010010010110111010100011101000010011101000111
110101110000100111010111110101000110001111011011111010011001000100010101010011011100010001100100
111010100011111111101001000100101110110000101100110010011111011101110110001001010010100011111111
001000110000011101111000010100111010000011000001100110001001101000101100101110001100001011001101
001010011111101100011000010100101111101011000000110111010010101010110110010001010110010000001001
111100011100001101100000011110011011001010101000011011100000011100000100110011000110011100000011
011111011110010011001000010111010110110111111100010101100010110010100101110010001011110110111001
010010011010001101011100111001111100100011001100100000000110010111001111111000001001010100011101
010110011001100000110011000101010101001001000000101110010000111110000001010001010100001100001110
010010001100110000011111110101110010001101100110000111100101001110110111010100110101000000111101
011010001111111110101101111101011101110110100010111100110001001111001011001101101111101000001111
110011001011100100010011011001000011001100100110011100001100100010011001101111100111101001100101
011110011000001010001111001100101111011011011101001000110110010110010001011101101101101110011010
110011000100000111111010001110101001001100000100001100010010011100110101010000000010001001111110
010010011111110011001111010101010111111111110110000011001010100011001101101001110011001011110011
101000000000111100010011111000011000010101010010011101010110000111101011111010100010110101111101
010000000100101101000000110100111011110010100011010001110000101001101110111010111101010001010001
000101001010010111101010110010011010010011000101011001111001001111011111101111001010010101000000
000110001100001101111011100111001011010000100110000011001011110011010111000000011010000101110100
101111011001100110110010100011111001010101000010100001100100001100011101001101000010000001000110
110100000011110011010001110110010100001111011001001011111011110100000011100000110000110011110000
111001110110100101010111001100011100000000011110101001011000110011010011001100011011110100000110
110010111100101001010110100010101011001011110111011000110111000100010000000010101000100010010111
010000001111101100110100101100110001001100101101101110001011100001010001000010111000001110111000
110101010110100001111000101001100110101101100010100010110111011001101100000111100010111100100100
000110001010111101000000100101000111110010111000011110110100010111101001011000100011101011100000
110001011010011001001011011001011100000100000111101010110110111110000110011110100010001101111011
011010101111000000110011111101111001100101100010010001100101100010001001011110000110100001110111
100111100110000100001110000011100010111101000111101101011111100100101111111111101101011101111100
000101010001101101001010010110110110110000101100001001101010001010001111101101010101001000010111
101101011011100001011110100011010010110110011110011111000001000011111101111011000000000111001110
010110000101011111011000100000111111110100001000100011011011101010110100110100001001000110011011
000001010011100000101100110101101000110101111110000110100111111101001111101001000010111001011111
010001000111111001001100110100101110100111000001110111001101001101110000100010111000100010010110
001111000001100000101110010101011011000100010110011110100001110110000101111110011011100000101111
000001010110100111011010001111111111100100000011011011111101110110100101100000111001000110111111
011111011101101111000101010011100100001100100111100000011100111011100100001000101101111111001011
011001111011001000010011111101101010100011011111000001001100110010111101010101100011011110001101
110110101010000000111100000101010111011110000110101100100101010100010001001010101001011110110001
000100000111100101011100100010001010011010101101100100001000001111010101000001100100000110111101
011111000100011001110110101001011000001000111110001110000101011001110010110111111111010000110000
011101010110000010011011001000101110000100101101001111101111110001101111000100010110011011010101
001101111000010100100001110001011111010010010011000101011100001111101000010011001011001010011100
010010010001001001000111111010101000110100010100010000100101100110010110101110111101011001000001
111111010001001001010101010111000011001111000101011110011011111100001000100111011000111010111001
110101101100100010101000001011110000111001110110001000111000011111000011100001110100000001111110
001111010100110010000011100111011101100110011010111010011010100000101011000101100110111111010011
100011000111111100101111000101111000001101111011110111010110111011111101101110100011111110011011
010110110011001001101110110011001001101101000111111100100000101010100011100101110101111010011101
010011000011011101111000111011000000101001010111011011100011001011101110110001100111001110001101
001110010001011110100100000100011010011110111001100110110110010001010100111011000010010001100000
101000110110111000001101111011000010010111000101101101010000001101101001001001110110000001010011
001011111000111101000100110101010010011100001000000111101001001101001001010011111000011101111000
110111111010101010110010110010100000101010100000110011110110001001000111001111011100000000101111
111110101011100011010000100011101111000010110110101111001111101000011101111111111000011110110011
100001001110110111010111110100101111101011001010111001101110111110011110011111110001010011001000
000111011111101100101000110100110010011000101000010010101111110100010011101011110101110110001111
111000100110011101100010100011110100011100010001101001111001011010111011001001000100000011110110
000110011100111010010111000100111001001000000001011110000001001110101000001011101101001000010110
110110000011010011101110001011111010001111001101001000011101101011010001011000101001010100011000
001110110000000100001010110011010011000010111110110101110100100100111111101001011100100000100101
111011110001101001111011001011010100010010001100111111011101010010111111010011010110001000110110
010001011010010011110010110101000101110001001111000110011111111001111110101101101000100110101001
100110011000100000000111110011010011110011101011001011111111010001101011110101111100110100011101
001001100110010101011100111111010001101111000111010010011000111010110111000111100100101101011010
010010101111101011110110000000000001011001100101000001011000010101011111111101110011011100100000
010111001000000001011001101101010000010000100001010111010011101111000101001110001100111110110100
001010111011001110100110011110110001110111111100011111001001100110001110111000111111100000101100
111001101001100000111111000010011100001100011001000010111000111100101110100100100011101110010111
010101100011101111011010001000110111010001111011101010101101011011111001110000101110011011100011
011111000100111111001111000001101011100111001110000011001011111110110001110101111011110110111110
111010010111001110111101010010000100000010011001000000011011010110111000101011011111101001001101
011101011111001110011110011101011000001100101011101101011010000100001010001011011101100011000011
001100000111100001011011010000101000000001011000101110110100111111010010110001010000100111000010
000100000100000010100101011111110000001100000000010010100001001111110010000011011100010110101010
000100110010110010010010110101100011100100011101010111001100111100111101100000000010011011001001
010011111111011111101100101110001111100001010101001101010000010110010000001100001110100011010011
101101010011100101010111100100110001101101110111011101011111101111001101101110101100110011101101
110111110011101001011110010111100111000100010110000101100001101100001001110000011000010110010001
000010011100111011011011001000101010101111110110010001000001010110000001101111001100100010100111
101010010000110110000100001100010110000000110000011111001100010001101000101001111011000010000010
001110000110111000011101000111101100010010111000100011011010110011110101001001100011100111001100
011001000001001101010001111010001110011100011000000011101111111110100011100000011110100100110001
011010011100111110110100011110010100101001101100111011000000010101001001111110000101110010000010
100100101011110111011011010111001111001011100101101001000010010001010001011001101100101001010010
011110101001100100110000111100010111111100110111100110000001001111111101001001011100111010000100
000101001101110101100000110011111100111110000110101111010110110101101101111101011010111001101011
010100011101011101011101011010100000000000001000100101101101101100000010011111001110001100111110
110001101111001110101101010010010000011100011101011111011111011001000111000110000000000111110101
101001001110011010011010011011111001111000110100110011100010001000010100111000000110100011100011
101011101100100011011001001000111000100010011001010110010010100010000001100001110010110011111001
010110111010111111011110111000001110111010110101000011000101111111111010010001101010111011011011
100000001100001000101101001011101010110100101010010101100000101011011101110110100110000001011111
110011111101110111011000100111001111001110001000101001110110110001111010010000011111000010101010
111101000110100100101001000101000100100011001011110111000110101011011010010000100010100010010110
101110101110110101101110100001001111011100110100001100101101011000000100101101001000111011111001
011011011000001001111100001110101000001101100001110000101001000110000011101011111110100101010100
011111100001100001101011101010000100001100101000001001010101001101001010001001011110011000001001
101101000111010110100011010110001010010000000000100010001100100111001001011010111111000011101001
110110000000010100101000100011100110111111110010100110000110110100010010011110011101000001000010
011010001001100011110101111100001111011000111001010011101110001000110000110111001000101101010011
000010010000110110001100011100101010001101011000010010001110110101011010100000110010010101101101
001011101000101010000110000010011100110111101001110101111001110101010101110101100001111000000001
