110001100001001001110111011110001000111100000100011101111000011111011100010010100010001100000111
010001001110011010110011100000000111110110111001011101010001100100110001010101000011100011001011
110100000100000110100101100001100000100101110100011101000110110101110010111111101111001100010011
110010110011010101011110111011100010001100011100000111000101000000001000010100110000110101000100
111001111110110101001000111100101011001010110110110010111010110010000100011011000010101101101101
001000101111000010101011100001000100011100011011000110101010111111110101110000111101001110001110
011010010011010011110110011110011011111011011000101100100000101111110000011100000000000110110001
111011001100101011100000110001100111001111011100101100000111001110100101001011100111000100111101
011001110000111101111111000010111010001001100111010110101100001001000111101000111011000001010001
000011011110101110100100101001001111000001100001010101110111100110000010000111100001011111101000
000100001000001111000001000011111110001001111111011000010001010111011111001011011011011011111010
101110110011001001100000100011011111011101110010011101001001101100111101010001011100010010111001
010001011101100010100101110101010010111000110110110001101011101101011100100100011011000000001011
111011000011110101110101001001010001010001011010111101001000001111101110001110110111000111101110
101000111100111101010110100011000011011101011000011000011000101110000001110011010111110100010110
000010110101110111111110101001101111101010011110110110001000101000001010010110100011101000011111
101011101000110100110000000110110000000100100010111110101101111000011000011011101111001011010010
001001011001110001110111111010111101000000001111100010001011101010000100101010101001110001100010
101110001001101101001010001000011011111111001010011011001101000001001110001111101011001100000100
101111101010011011001000100101001000101001011000110000010110100001000110111011111000111111011001
100110101010001011000010011111100111100110111111101000011100010010010000110010010001111100001110
011111110010001100010011101000111010100011101001111001000000101011011000111111110101000110011110
011100000101110111011001111111101011100010111000011010100001000101011000101110000000101100001011
001111000011101100001110001110111111111110110010010001000100101011010111111001111011110100001001
110111011000101111111110111111110010110111100011010111100011001110110100010111110101110010100011
111011101100100010010111101100110001111010100111010101001011010101010000100001110111111001110010
110010010010000110010100011101100000001001110101110111011111001000110100111010001001100000111011
111111100000011111000000010010111110010111100000101001100101101110010111000001100101001110010101
000000010001100010001011000101000000111000110101001011010111010001101111010101101000010000111000
110111110100100110001110011110110011110101100000010101011111111010110000010001110110001001010100
001111111001110000110001100011000101000100110101111101001011000011110000000100110001010111100101
110001001101000010100111001011011111001011010000100000100010000010101010100100101010000000010101
101111110010010000001111001000000010000000100001001101100001000110111000010101100010101010111011
101100001001100111101010101110101001011001010101010011111110101000001110101100010011010011001001
100010001100011110011011101101100110010001111000111000001110100100101100111100011011001001010110
111110101110000010001111100001100001011000011001011001111011100010011101101000100000100101011100
001000110111101001000000110100111001010011100001011011001010000011111110010111111011100110111011
010100001110101011010010011011110011100001111000101001010010110111101111000000101100110100110001
010010111010110001001001110100100111110100100111111010010001000001111110111100101001110111111100
000001011001010000011101111001010010111111001000001000011010100100011011011111001010011000010111
111100100101101000010011000010010100100110011010110101100101101000010011010100011111010011111010
010101111010110011111010100000011000011101101011111011110011110001000111110100110101001100110100
110011010010111000011101101111111100001110110001100101010101111110100100110100001000111101010000
110001101011010011010111100000110101111001010011000100011011011000011000100100110001110100011110
011110101001101000111110100100000000110011110101110001101110000010001010101010001000001111001010
110000000110000011001001010101001010010000101000101010111010101110100000100010011000000111001110
010011111011000110101010100110101101100010110001110011011000000010100001100001100010010001011001
011001101000001100001001100101100001000000110000100010010001000011100010110011100011100000101001
000100001001101001010011010000001001001011101010010000011100000010100001101111010110100010110000
011010000001111111001001010100010100011011000010101010111011111010101101010000110110101010110101
110010011001011011101111100000010111101111001100011011001010100100011101111001000101001110101110
111001011100011010000100111111101111010000011010100010010001011011010001111011111001001010001111
000111111001010010110100101111001111111110101011010011100011111111010111110100011001101100110010
100111001101000011010100010001000011001111011000101011110010011010101101101100100011111100011100
111011100111111100110111000011101111001101110010011101001001100101101100000010100110111101110100
011110011000111010001001011100000111110001101101001101000101101011010110000110110010000011100110
010110000110101011001111010101110111001110101001000111100110010100111100011000011100111000001101
100010010010011101000101011111001101101101010000111100100010110111001001000111110011001010010000
111111010101011011101110011100011011110100100000100110110011011110001111010101110110110001100000
111101110110000001000101010001111000110110101001100001001111001001011110011111110101100101010011
010101011111111101010000001001100101011100000101110111110100011110100010011000011101100100001010
111001010000110101010101111111011011000101110000110101001110110000011101011111000010001101011111
010010000111011110100001111100000011101010001111010110110010001111110011100010101000000110100110
101010010111011111001000101010110000001111011101001110100110011010011010001100011110010100111011
100001101001111100101011001110110101001110101101111111111001011010100101001001100111101111101101
000100111100011011011111100010011110001011010001011111101010001110000000100001001000111011100101
101000110110110110001101001011011010011001101111001001011011001110010111001111001111101000011100
100110010111011000010001100000011010001000110101010000011110001010000010000001111000101100101110
011001010100011101100010010010011001010010000011110100011001101010101000110000111100111010100001
011101100100000010100001101101101011110101011011111110110110100010010101111101101000001111110010
000001111011000010111010010001011101110001101100000011111000110111000011010110111001001100101000
101011000000011111010011000100000000011010010101111011000110100010000110001001010100100111101111
101101111101011000011101100110111100001001100110101111111100011001111001000110011001001011100101
111010011010000010110101010001110101101011001111011100110101000100000000000000111000110110101111
010010100001000010101101011100101100001101000100000001010100000010110101101011100111101101100111
111101011001011000011110000000110111010111001010001101111011110001110110111001111011110101001101
110100100111110000000000100010001001101101100101111001110001010101011111011101010111100011100110
110100100101100101011110111101100000110100101000101100010001011100010000010001100001010010001101
010111010110100101001111001101001111001101111010010101001100001100011101011100101100010011010111
001110101111101100001110101010111010011101010110100011001001001101101010101100111111010010000001
101100111010101010011100011100011011011101011101000110100100101010100111011001100010101100001011
010110010001111010011100101011100011011110100001110111111100111011111010100100101110101001110101
010011011111100000001100111111100111101000100000101000000100100110110000100110100101011111110000
010010010110101100001010101010110000110111011100101101101011101001011100001100110100011101111011
000101100101011101101011001110100111101111011111011011011000111000010000100100001000101110101111
111001110100010010011001111001000101110111001000111101101011000110111011101010000111001010011110
100001011110001110011111001111001011001010010111101011111101110111001101011000001010101001110101
100011111010000101010111010010110110100010010111000001011010000110111011000100000110010110001000
010011011110001011011111111011010110110001110110001111100110110101010000011100001000101001110001
101011100101010111011011110001001101100110000110111111011010100010000001010011110111010101010000
110110100110100010110101011101110100001010111000110011001001100010101110011001111111000000001110
011011000010010101111101011100011100000010000010110011100010001011000011101011101101100010000110
101111011001010011011111001000001100010110011100101011101100100000100001111000001010001100011000
101110010001110110100101100100000000100111111110111001101101000100101111101000000111101000100100
100001111010100000001000011111000100101100011011000111100001001010111100010111011001111001101001
111011001101110010000101011000000111111111001100101101010000110001101000101110101100100011100111
100011101111110011101111111110111111000011111100011001010100000111000110100000001100000000000111
110111101110000010011110010000110111011111110010100011101111111001110011111110010101001011000001
111110000011000101011110000011011010100111011001000111100011111110101101110001111000100001011000
001111001001000111010100001110010010101101100110111100101001100111001110101000001111000001010101
111101100111000110100101101010001111010001101101010010001111010001100100110100111100011011100110
000000011101000011110100100111110101010111111111010011110010001011010000111011101110110110110010
011101001001000100011110011011010100100010010011000100001110011110110001010011000011000110110010
000110111001001011000011100100010101100100011011010001100101100100110001011000010110001000011001
011001111010011100010010100101011010000100001100000101001000110100110110100110010101111101100101
111011001011100000101000001100001011100100100100000111000000101111000010101010111111001011000001
110011011010001001010000111011100001111000111001000011011011000010100110111110101011011010101101
001000001000010001101010011001100100110011000010111000000010010000111101111111100010100010001110
111001111001000010110010000111000111111001100001101000011100101010100010010011000010001110010010
110000100001110110101110101100011011001011100010111000111101001100000000000011101101000110100001
010010110000010010100001000111000011000110101101000100111000101110110010101011000101001000100110
000011110001001110000001011000101011111101000010001011010101111110010111011000101010101100001010
100001101111100111100111000101101001110111110011100010011000111100011001011010011010010010111011
110011101001000000111100111100010011100111011100111001011000100010110001001000101111010000101001
000101001010000000000001001100101011111111000011101001111110111001100111001011011101010001100011
100111110001111010011110110000000110000011010001110100011010111011111101111101110011110110101000
101111011000100101111010101010000100100011001011111001110001110101111101000111011111101100011111
011111011010011000010111010000010010111000010100111011111011110100100100000010001101001110001011
011100000001010011101111110001110000001000000100000000010111110110011010011010011011101011100100
000110000111111000000010000100001100000001010100101000001000100111111000001000010101000111110100
001011001100000101010011010110111001111010001100011110100010000101111111111101110101100010001101
100010010101111010111011010101110100011110011010110001010111111111001101010101000000101101100111
101000101101100000111001101001010011111111110111010010000110101110001010011100000001001110000011
100110001110100101101011110111110010101010101101001111101101100101111100110000010011011011100101
110111001010110110001011000110110111010010011010100011010110110011110000101011101101001101000000
000101000011001111010010000101111010101001100101001000100010111100101111111101000101100010101000
001001101000011000101001100010100100010001110011000010010100110000011010010010100011011110010110
110001001100101000101010011110011001000001000111100100010100000011011011101010010011101100100100
010000000100001111110000001110011001111101000010101111111101100011000000101000111000101000110101
110010010111100001001011111001111100001101010010011010100000000010111010011100010001110110011001
001010010101101010000001010000011111101000010000001001100101101001100011001100100001000011010110
000000101100001101101001000001100011011111101101011000110011101110110010010100010101101100000011
001111100011001000010000000111110111000100110000011101100000111101011110100010111101101001100100
000000010011010111010101001001010100101110000110100101001011100010110000100101010011001000001001
110111100100001000111001111010010100001101011110001111011011100111000101010110010101001001101011
110100100101011100100110010110100001011000110000110000010111001001001110010101100101101111110011
000100101100010101010010000001111111101100001111010100110011010010100111010110110000011101110010
100001001101110100011101110001110010010000011011010100010100111111111101111000110010110101111111
110101010101001011110100010100010001100001111111110101010000011100010101111010011100010101101000
111000000111111000110000101010101101011000010101010010011010101001011010011010101100011010000010
000011100110101000111000000010101001101110110000011000010100110000110001000101101010110000001110
100011110000000000100010110011000010110101101011010111110010100011110011001101111010100101001000
101101100010100111111111000110000110100101100100010000101110111110011011111110110100000010111100
111010111011010110100001100000100111010011111001000011000001000010101001000011110110000001111111
110101101010010110010100000000001010000000001100100000100010011001100101010011001001011000100100
010011010010101101110110110101111110111001111110010100101010100111110010000100000100000011001011
000000110101100000111111100010010101001001000111011110001110001000001101111100100110110101000010
011100111010000000001100110010111011011001001111011011000000101111010111001100010101100001000100
000101000000110001100110000101110010101001101100000100000010101111010110110100000101000110010110
000101001111110101111000010000011111111100001000000110010100011000101001100111001011010001101100
010101000101111100000101010001011100110100111010110111010010100111001000101001011110000110101011
010001011011100011010110110001001101011111000000110011010001010111111111100011000001001101000011
000111010011100111011100110110010100011010011011011100011111001100011101100111100000010101010010
100101011000000101010000010001000001001100010101111001000111101100001010110000010111011001100001
000010110011100110011010101011100101000011010000001101010001101011010010010111101110101100001100
101001001001100101011000000011101011101111100100101100110111110001110100101111110011111110100111
010010001011111111001110011111110001000110010110111011101000101000000010110101101011011100011001
011111000100101101011010110101011100101010100001010000100100001010000100111011010111111000101010
001110110111111101110111001010000101101000101010100001101101010101010010110100001010110000111001
000100011101101000100110100100000001001100010010101010011011101100101011110111110101111111010011
100011101111110111111101001101101110110110100001011111000011001011000101000110001000000100101100
011000001000100000100001010110001100111101000001110111011111101000111101001101101110100001001111
100010011110111000001000100010110110010001000100100111011111101111111111000100001111011101011100
110011011011110000110010010111100001100100010111000100111100101011100000010011100110000000000111
111101101111001000111111011110011111101011010100011001110100001100101011001110010010011101011001
100100111101111111110000001101110101101000111111010111110110110101010101100000110010011110101010
101101111101010011100011010111001011110111110111011110100001100101110111011111001110100110101101
011011110011001111000001101001000100101101111010010101111111010111110001010110111000100101100101
111010001111000011001010101001100010111000100001111110100011111111110010101101101010110100111100
000000101010101100011010110010101111101010000100001111111000010101110000101000101111000011100100
011110011111110100010010110010101011111100001100101011011110101011000110011010111100001000000011
111000101110100001001111000110001111011001101010001111011110000010101110001111001000010001111101
101011000110000011110101000010101010110011101011010001000010000000101011000100110111011011100001
110011101100111110110000101111100100110010110101000000110100000011101111001010110010011101011011
110110110010000011100100000110011000001000100111000100110010011011100100001100001111100101111011
110100100011010001010010111101110001111000000000101111001111110011001100001110101100011010111011
111010101111110111000000100000111100101111110110110001011100000110001001011110101001000010010001
001110100100001111001111011001100011101100011001110011110010011101000011001001111100111010010111
110100101001001011001110110000010101000100110110001001000001001010001001101111110100000011100011
010000001110011010100100010011100110111111110001110110000101101000011111000110001101011000100110
111011001111001110010111000011110110010011110011011010011010100001110001011010110010010001110111
001000000111001000110100000010111100111001001010101101110100011001010101011100110000000000110010
001110001110000010011110000001110111110101100001100011111101011000010101101011000001101100011110
101110001101001101100001111100100101000101001100000101110011111010100111010111001011001011111100
010011011001001111001001111111011111000011111100101111011000110110010010010110010011111001101001
000101001100110101110110110110100101010010100011001011101100011000010110001010000001100101011100
010111110111101000010011010100010000011101000001001000100001111010110000000101110010001101111100
110001000100001000101000010011101010111011111001101010101100000111000000110001100010001001111111
110010000000100111111011001111001111011000011001101001011100111110110010101110110100101010000001
110010010110010011000011000010010010100101011000101001100010100011011111010011001010001010100111
011111011000101001101100010110111110000111101000101111011000100000100111100000101101000000000100
111110101010001010100100100110000010001111010100000100010101011001101100111100000010001100011010
000100011100110001011110011010010110010101101000000110001001101010101011000110101010011111111110
001110001000010111100100011110010111001100010111011110100100010001100000100111100010110010111010
101100111111110000111001010110011011101111101001111011101000010100011011000101010011011110001111
011010010011010111001111100111001111101110000110000000010110001001001110011101100110100011011000
001100101111110000100010010000000001010010001101110101010111101100101110010001101100001000001001
000100111100110101100101101100111111100010011001010010000001110111001111100010101100101001011111
101101110101110000001100110110101010111111010110000100101101110111001111111000010001100010110110
001010111111000111001001011011110010000110011001010111001010000001010110111000100100100010010101
001000010000010010010111011110010001010100101110011111101011000011100110011100110110110101111010
110111110110011110011011011001111001010101100110000111110100111010011100000010010001110000111011
000111100011010010111011000011011001111110010011011101100000110000011111011001011111110111000111
000101000101100000011101011001110001010000001010000101110010011110101000101110000001100101011111
011100110011110110110001100110011010010000010011000101110100010001111100111010010110000111001111
011110000100110101010110111100000111111101110001111111110000110111010010011000100001011111010100
101000001111101110100010001000011011111001001010111101101111100011000111111111101101100110000001
110110010000110110100010001100100110110010101111100100101011001000011010101111100001010010110011
000010110011001001100000010011001000011010011000101001000101100011011010111011111110110110111110
101111111111110100011010000100010110011000100001101100101101011010001010101101111000010000111011
111000111011001010011110001111011101100010111110100101011001101010110100100011011101000111000011
101101111111011111101111010010100011001100000101110100111010011010111110001001110010100001111100
111010110100111111101100111101000001101101100001111100001011011100110011110010111011011110110000
100100011011100010010100111001100000110001110000001101000101001000111010011001110011100001111010
100101010111100101111001100001010101001010011101111010101111011010000100011010010000001110110011
011001001001110001000111111111001001111000100110100111110011010111111001010010000001011001111000
010011100000000110111111010000011010111011001111000111110010010001000100001100001101010001010010
001011011111011001000100111000011111001011111111100101111100100111011011110001010001000101010100
101001010010000111110011011010000011111110011000101011001110011011111000111011110100000110010111
011000111111011111111011001001001110110000000110000011001100001100101100101101001011011011001011
110000111001010000000000000111000011000110110010000001000011000101111111101001101010010001101000
001010110111001000101010110001011100011110001100010010010111101100001011010000011110010001010110
010111110001101010010111010001110100010010100101111010010000000110011100101001000010010010101011
011000110000011110101100010011011111011010110111100101101000000010110001100101100101111111001001
110111100001000010111000010101001011011010111100010100100011110011000101110110111101110110101111
101110100011011111000110010101111100100011010110011001101010010100100100110011110110110001110101
011001110011001101000000110100010111111110011000001100010000110100110101001110110001100011110011
100000100100110111111100000101110110000111001101001010100111110111111101110111011100011001000111
110011011111110101010000010111100010000101110101010100001101111001011111111001011110110010110110
001001101011100001101110010010100001000001110000001010010011000010100010101110101111001101110111
010001111111010111100011110000110101001010100010110000000110000011111101111011111010011000001010
100010011011111010110101001010110001111100110100101101000011101110100110001111011001001111010000
001010100110101111110011010100010110001110011111100000001110011000001001111001101100110001000011
000010011001001001001001010001010111101111101010011001001011000011101110001001101101100100101111
110111011011010000001100101011100100111101010001110010101111110000010011001110101011100000001001
010000000001011111111010111000010110101101111100110011110010111101000110001011101110000110100111
100000111101011001101010110111111100111110011011000111101011011001101000000100100100010000010100
100100000101001100000011011001000110111111111011110010111000011010010101100100100101100100001111
101010011110111101000001011001110011100111101100111100000100011100000110110001010001110010000100
110110000111011111111010001101001001000001110100010001100101000100001100000000010000111100001100
011110100001010000100111110101011111110100010011110000100111100101000101100101110100011000111000
100101101110000000101010111010101110010110110010010111000011001111110001000111011010001111010011
111010111101000000101101100100000101100101000100011011001010000000001000000100100101111010011101
111110111001000010100011010110100111010110011000010001110111011010010110000000100110010000010110
100101000110001100111001100110110111001100111111101101110111010010110010010000101111011111111101
100001101101101111010110011001011001010000010101000101100001001111100010001100101110001011000011
010110010110100100001001011101001110010011000010011110111111001010010101000000110000000100000100
001111110001111000000110010110001010111110011100101011101110001101001010011001011000000010111010
011111111110011100001011011111100001101110000001001011100000110000001010011100101000001000001000
110010011011101010011011011010111110010000100001001000100011111110101001111100110100011001000011
101101010000101110101110010001111001101001111001010110101001101001001010001001001100111001011010
010001101111000010001011111011100110011010011001100101001001001101110001100001110010101100111010
111110111011111110110010101001011111111101110110100010001100000100110000100101001011011011111001
010110111111111000111110001010100000011111010010101110000000010101110100001010001000000001011001
010001011110010110101111101100100110000110010010111110111101110001010010001111101000110110000011
111101000100001011000011111100011001100010100110000010101111010001100111110101101001001110110111
110100110111101011111000010000101010000110111100101101101000011101011110100100001000010101001101
000110100100100011011100010110111000011101100110110010010001001110111001100110100011011111110100
111111011111100100011010101111011100101100100011001110011101110000000000110101110001100011010010
100111001001111101111111011110100010000111010111000101000011001000110000001111101001011011110011
100001100101001011000010011011011000101000110111110101001000011110001101111101111001000001000001
011111011100110011110110101000011111000101101111010100000010111100100110000011010100100001001101
000101000100110011111011010010001100001100010010110001011011100001001111001111010110000100011001
111100001011111000010101001000011001100111010011110100010101010111001011010011010100001010110111
111010011101011100011100010111010101110101000100111111001001010001111101100011001101110100111001
000010101111100001111110011010101100100000000011101010011011001100010110101110000011100011000011
100111100011001000000100101111100001101101110001111010011000001011111100011110101111101001110010
110001100010011101011000110010110111101111000010001010101100001000001010110011101101001110011111
010011001100100101111111010011101111101110110101111001101011010001001010011101101110100011001000
111000001100000110000101000010100010010110111111101111101011101001110110111101001110100101000101
000101100001001011001101001010100100011110101010001011000100110101011111111100001111101001101001
101011010111110010101111100100010111100011001100011111000011101110111001001011101101011001000111
100010101100011111010000000001110011100100000110111011101110100111011001010011011010011011011100
100010010010100000110000010000111001011000001001110101010100100101111100110000101001011000101110
001000111100111011110111000111110010010000010010000101000011011111101111100011111111010100101010
000101001110111010010101011011110101100001000010100101111000011011000001011001110011101011100000
100000001101000001101000001101011110000000000001011000100101110011010000000101001100110010101110
100111011000000111100101111001000100000001001000101001001000100101101101111110011111111110110100
000101000101001110011100100000011001110001111010011110100111110010001101011001000111101110000111
111100000000111101110110010101100100010110011001001001100100100110101111000011011101001000001100
011001110101000001010010001000000101111111001110010101000111001000011001111010100010100101011011
101100010000101011010111010011110111001111110001111110001101000101110100011110001001000000001000
100001110001101011011110000001010101111001010001010100110111110010000101011110011110100000100000
101011101010100001010010110111100100101011100011101000101001000101111010011010100000011010111011
101110011111100110000111000000010110100111000100111001011000011010000111101010001110101111111011
100011011001110111110111011000101001110010101010100101010100000100111010101010010010110100101001
111110111010000010000100000110101110111001110001111000000010010001001100011100101010000101110111
101101000011001001100111011111100110011100111010101100110101000010111110000000100100111111111110
100001001010000111100010010100000101100001110100111000111101100100101011011110111010011011100100
000000001000100001001100010001100000011000111110011000001011001100101011110000011101111100100101
011101001111001011110100110001000111000011100001101100001110000111100101101001101011111111110110
101000011000110011111100100110011000000101101001101110000001000101111111010111001110100110000101
010111111001011011110000010010110101010111000000000100111001111100010010100110100011000110111000
100001001101111000000001011100111010010100001111000010000110111111010110100111011111010001011111
001100000010010110100000110110010100011001011101000111100110010001101000011111011111111110000111
011111001000011111100001100100000111111000111101000100100001000111100101100100100110010111000110
110011111011011101111100111001001001000100010100101110111000110110000101000001100100011100100101
111000000011111001100111011101001100111010010110110001010011001101101011010100000111111101010100
111011001101010111011101000111010011110101110100101111000110111101011100110001110110000001110010
100110001001010001100001011110001010011011111111001111111111110110001001001000100000001111101010
001000010001100010010000001100001111001100110010001000101110010010110110001011010000101101011110
001110100011000011101010111110011011110111100101011101110011011001111000001111111001001001111001
010011110011010011101101000111001111111110001011001100011110111111000101110100000110101011101010
110010110111011011101010011010010101111101110110100111001011110100111101011100111011001001101111
100111111100101011001001111101100001111010010110100100101101010001011101101110010101001011001110
001001010111101011100100110010111101001000011001000011111100101101001000110100011001100000100101
000001000010011100011111010111001010110001100111100100000110111011011010010101111100000011100000
100010110111011100110100101001101010011111110111100100101100010111111100110010010001011100111101
010001011010111101001011001100011101110111011010010001101001100011101111110101001001011110000010
000000101111101111110001100001111101111011111100100001000101110000110110010001011110000011000110
100010010010101111001011110011100001010101011101010010011100101011000111110110001111010100001001
111100111000111111111100100011100001000001010100010100010000111100101000101100101101111101010111
010010011001000100111111101110000010000011011101011001010101111100010000011010111001010000010111
110100010100110000100101011110111001000101000111001101010110000000111000110101001010010010110011
011101010001101110100001100011110000111100011101000001110001110101111100110000110000110110111101
011000010011000101011101010111011111011111100110010101001011010011010110001000000111011011110000
011000111110110000001010011110111010001110100011010011101010111101000100010111001011111100000010
111000010001111001010110110010000110011001001000100101011111010010110110101111000000101001101010
111001011001111000111011011011010001000110100101001111101100101001010011111101011110110011110010
100100000111010001111000001011001000001100001101111001000001110010000001100101110010011000111111
010100110000001111110010001010100100011101010110000000011001111101110100110000110110010110111001
111001001001101101110111111011111101011011011100111000111111011000111111010000111101010101110111
111111010100000001010101010011010010110110100000010011111110100001100011000111101101000100100111
110110100011010110110001001001010101010111111100010010001101011000001100010011010100001000101001
001000101010101100111010011010100000001010111100101010110101000110001000100101110011011101101010
101000010000010110100110001001000111011011111010100110101110100010101011000000101111110010001101
111011001111101011100010001010010000111001111110001000100100000010001001100001111001100110110100
110010111101000100100010000101110111100011101010010010110110001011001110001011000000101011000001
001100001010111111110110000000100111100111011111100010000110101000000010110100010110110100011010
011111101101110111111110100110001000111001101101110110111000101000000001111010011111100011110111
100010100010110110011100001101001110111001111000010000000100100110111101111100011001100110000010
101101110111110001010111100111100100101000111010110100101110110000000111011001101011011111101010
111100110011011111101100001011001100011011011101101111001111001000100111000000011111001010011001
001010000001101100011111101100011010100000010111001000101101000110010100110011110111001100110000
010011100100100101110101110010110010001110111101001101111000001011110101111111011000101011111000
111011111100101000010111100001001001010100001100111000010011011001111000001010100100010101110101
110110000001110101010000010011010111001101101001011100111010000010111111110101110000011011011010
010010001010111100000101000100110000110110010001001101010011011101000110101101110000100101011100
100111011100110100100100101011001111100101010111011001010001010001000110110000111101000100000011
111000001010110011101010001010010001101110111100101100100000010000001101110011010010011000100001
010001101110011110011001101000010100110011100111100111011001100010110010101010101110000011001110
100010101010001011001001110101110011111101111000000010111110110110011110101011001001010111111101
100000110101001000101110001000010110011110100111110011010011011100111111110111101010110100100010
000011001111100011101011111011111110000011110111110101111010101011000011010100001100010011111101
100110110110011010000011111000000100111101011111001000110001101010100001000011100111110000001101
110110011000110001110111001111110100110111101111001010100111110100000011000011100000001010010100
111111101011011101100011000011101000100101111110111011110011101001000010101010100001000010101100
101101011000011010111010110000101000111010011110101000000101010011010110110010100001101000000100
001000010010101010001101001000100000011000000001111101001010100001001101111100100110110000111011
001001100000000011011011001011001000111000001101001001111100011010010011101010001111101101000110
001100111110011110000101100110001001011111101001101011010010011001000010001011001011011111111111
111011100000100011101111110001010000001100101011010000011000110000111000000010111100000001111101
111111110001000110110100011101101010111011001110110110000101101000111111110000110000111110111011
011000111010010000001000000010011100100000111010100000111001110110000101110100110110100001110100
001110010100111010100000110111101100100111011101110011001111001011001101111001000001000100101011
100000110000100110010111001111110001010110010001000011010001101010100010100101001010011000111100
111011111010010010111100101001110101110000101101000101100100101000001111011011110100010100011110
010110010100100000001101100010011100000100101110111001101101111000000000101111101101010001110011
011111010101110110010111101101100001111110101111011110111101011011100010010010011011101100110000
000110011111011111001100010000000001111100000101110011001111011011100111100010011011001011111101
000001001001100111010001110101111001000011010110100101101101100011000111000001011101000000001100
110111111100101010100000111111100110111100110011110111011011100110000001000100101110011000101100
111110111011101110001011000111110011001001001110010010101110011100000100010001001000000000011011
010111010011001001100010111111010111111110110001011010101001110110001011000010100100110010001000
000001111000001101100111110110101101001001000110001101111011111001000000011100000111000010101110
000000011000101110010000101001011101011111011000101000111111010011000101110000001001000110111001
000110110100010101111010101010011000110100011101010001101100010010000101010001100011000111000111
110010110000000110110001000110001100000000101001111000111110101101101010101100100010011010100110
011010111010010000011000100011110010001010110101101011011010111010000001101011010011010110000100
111110010111101010100100110011111111111001111000101010001110000100001010111110011101110011000000
101011000011001111011000111101111000001011111100101000110110011101111111010101101011001000111110
000000101010000110111110100010011100010111000100000110101101010110101000110011111111011010110100
101010000010101101011100001001000011010000000110010111111111100000011001100011110011111011001000
101100101101011011001111100000101011011101110010110111101100101001110011010011000111111110111100
010001101111001010000100010101101111011110111011011100101110000110001110010011000010110011011010
010110000000010100101111110010110011111101111001001110001010100100110001111010100011111001011001
011111011111011001010001101110110101011011100110001110111000111011011001010011001010000011101010
111110011100001011100101001100001110101110001111000000000011001101001011100100110001010100111011
011001110000111100000001111000011110100110101000011000001101010111011111011010100101101011011000
011001110011110001000000010011010010111100110100101100110011110001110010001001101111010011101011
001010000101011101100110110010110101000111101000111111110011110000100110111100000110000111100001
010011100011101100100110111001011001010111011000110011100000100111000001110111100011101001000001
110001111111000100001100101000110010010011011001100110000001110110101100110101001000000011010010
110010011101111000111101000100010110011100101011001011000001000111101100001110110110011001100100
111101011011011101010100110000010001010010010010011011100001101110101100111110111011010001101011
001101010011001001001001011000110111001011011111010011111011100011101111100101111101111000110001
010101101111011001011110001100100010011011100101001101100001010001001011001111001101100011011000
110011110001010010001001100001110001010100011111001001001100011011101111100001000111011001001010
010111101111011011011101010101111000011011010001001111000000101011111110000010011111010100100010
110110001100110101100001111101110011010001000100110100001010110000110101101100110001101111001001
001010000101010001000100010111000101010000000110110111101111011100011010111011100100001101011011
010010000100101011111101000000100101000111010010010101010110010001111000000001111111011000000111
000110100111000110111011111110001011111101100000111111101010011011101001010001101010010110101001
111010101100111011100100111011100010110100100100101100101100010011001001010110010010000011110010
001000011111010100001011111101010110101011101110100001100011100110101000001001001010111000010100
100110000001100000100101101001001101000000000000101011101010101111110010111101000101111100111010
110010001101101011101110101110010100101010110001001011101010011000010100010000000101101101011111
001011011010010110001011010011100011111111100101000110111000001100101011111000001101011000010010
001110001101111011111011110011100111001001110010001101111110110001000110001011001101100010110111
001010011001110100100100111101111110000101001000011100100001001000000110001010100100000110100110
010100110010101101000101010000101000010110001000001000010001100011111100110000011011100010101011
011011111110010101111001111010011011010101101111101011111001010101110010101011001111111010000001
001010000010000110011011111000000001011000110101110110110001110110001010100101010010011110000111
010001000111110100101100111110000010110100100111011000110100111000110001101011011111100100001110
001100101111100000001001000010100011010011010000011001111001110001001101010101100011111001001010
010101100100101001010000110110010010100010100001111011110100100011011111100001100100000000010000
111010011111001001000001001100010001000011100011010110001110010000110110101101011011010001111000
110011011111110110100001100011110000110000100100100101101011110000000100011101011001001011010001
011111110110001101111010010101100011110110101100010111001100110101110111010101001100110010101001
111111110011110100100000001010110100000011010101110110000101011001111000011100010001010100111001
010110100001000101010111110101010111000001010100110010101100100011110111110001001001000111000101
011001101011101111111011111011101010001111001111100010000011010110001010100111100100110011001010
100011111010011111110110100100100011001111111000011101101000000110011000111011000000101100110110
000100100000001110100110111010000000111011011110110110000011101110100000010011100100110000001101
011010111010111111110011001010001100111010110111101001001111111110001111010000001001010001001110
010000101110001011100110011110111101011001000001010010011010100011111001000100110000101110011011
011011010101000011001011100110101001111110100111110100010001100110111010111011011110000100110100
011100111010011101111110000011010111011001001001011111000010101111110101100111100010000011100110
010011011010011011001001100010100111010101110001000000000110100111100010010111010100111010111111
100000011100010101011000001101001001111110111111111000011110000001010010001100001001110100101110
011000001111001100011101101010010001111000000001100111111111000101111001101001100111100001011001
010100011110000011111001110001001100101011001111010001000011100001111000011011010000011101110000
110110100101110010000111101111001111000100000110011011100111110101001011000001110111010111111000
011100011100110101111001010000100010111101011101111110011011110000001101100011010000010011010110
101111111000101011010101110100101110101011001100110111110100110000101100011010101010001001110000
001001000000011101001011101000001101101111110101101010110001001010011111100110111010011010110000
010010001010011111100101111101101010111011101110110000011001110010110100111000100001001001110101
110000110101001011000000111110101100000000110010100100011000111000100000000110111101111111110110
100111101110100001000000101100010101001110110000110100111010011000110011000101000000111000100110
111101000001011100101010100100111000000110001111011011000111011001110001101000111010110111100100
111001010110010011110101011100001000001000110110111100100111111100111011110010110011001111100100
111101000010010111000111001111110100100000011010100010110101111111100000000011000110001011011101
110101110011110011100000001110011010011101010101000110000110101000010001110010011000101101011011
011001111011000000101000011001010100001000001000110001101110110100111101011011110110010011010111
100100010101110011000111111000001100000001111111010011100100011100011101010100101001011011000101
101110010110100001011111001010001100011110010110111010001010110110101010000100111000110011011000
010001000111000101111010101011111111000100101000100001001100101001100110111000110001001110100110
010001000001011100001101110011001110101111101010100010011100010101110001111000001111101110001000
010000101111100000101101011110011110100011000011000010101111010101000010000001110111010010001100
101001011000011000011100000010000110011011011010000000011001000000010011111111100101100010111101
101101100100001001100000000100011101010110011010101001110111101011000001111111001101111111101110
110001111110011010011111010000010010111111010100011100111110001110110101101111110011011111100011
110010000101011011100000110110000001101101100010100001111111010100010111100101100101010100001001
110001111010010100001100001101111111110011010110100100010111110101011100111001010011001011011001
100111111100101001111111111010100001000111110011111111110010101010011110110111101001000011001000
110011001111110001100000010101010011101100011010000001000001001110101010011011001110101001001000
111011000000001111110100111010100000001101111010011100110001011111100000000001110110110111111010
100110000100111010010110101010101101111011000010000101110101110101001111000110101011011001001110
110111011110000101110110100001011001110011100001101010100111110010100001111011010011101010010001
100101011111111100100111111010011011011011011001111000100011100011000100000111001110110011110111
001011100111111000000001110110000111001110100100101100110101000000011000110001000100001000000001
000010011111100100001111101101011010110001001011010100110000001101110111011011101000100111011100
001001111001110110000111011111100101110000101011001110110111100000010101101101100010100101011000
010110101111011110110111110111100111000001110111111011001011110001110100001111101111010100101001
010111100001111011111001010011100000010111001011011010010101110110001011101110111101110111110111
111110010111000110000000111000000000000101001001010110010111101001101001011101111100000100101101
010110111001010101010000011101110110000001111000010010010100011111100100100110100101111011100010
001001100100111110110111011010111101110111010001101000111111010101000000111111001101010111000111
010111010010010001010111111000111101111011110011001101000011000101011001111011010001010000010010
100010111010001010000000011100111011011101111101110100111110100111001110010001011110101000100010
011101111000111010011110110001011110111000010001111110100111101100001000110000111010101001111100
010010010111101011100001101111110000011011101111000110111111101110101100110000100111100100111100
010101111010001101100100101011111110001001101000111000110111011011010001101110100111010011010010
001100000010010101100110110110101011111001010110110111101000100010101001111111100111010001000000
001100101000100011010110010000100000000000111000001001000000010000001101101101000100010010000111
010101111011011100110001000111000100110111001011111100111000011101101110101101111000100001101010
011101011101101111110101111000001110010100101110011010110011100011011110001110000100001101011000
001000011000011011100100010000000010010111000000110100111000100101111001101001001010111101010001
011100101110011111010100000101001100001111111000111100010110111100011101010001011011101010001110
110011011110010111000111010010111110111000000011011010100001110011111101100100010011010110010000
000000011001010101011010111100000001000011110011011001001001100100101100111001101110011101010010
101011110100001001111010100001011011110100101000010101010101101101010100010001000011100000000001
011110011011110011010001000011011101101010101011110010110010101010010100110011010011111100101010
101000110100000010100111011011010010110001111100100011110010111111011110111100101100011000101100
001111011110111000101000001110000011000010011000110111011100110000001101111110111010101111010011
000111110110101011101100000100010111011111111011100000111100110111101000101011010110100110011010
001000001101001000101111101000110000000001111001010110101100111100001010101010100101010101110110
111011101111011101111101001001101010100001110100000101100000001010001110101111000111100101011010
001100011000000000110110110100011011101101000010100111110001010010000110100011001011111010110110
010011101110110000110000011101011001101001000110001010010100110111101011111111000101101110111011
111011110011011100011111110000101101000011011111100101001010001010011111100111001110000111101101
100100100101000110111001100111011100101001101110011010101000000000010101001000000101110110010011
011110010000111110010100110000011001100000010000111111100011100010001000011100110000011000100101
000010100101101011000000001011001011000001110001100000011101100100100101110100101101101101000111
110110101010000001010100110000100001111100000000111100100011011001010100100100011100011100101111
100010010010110001101000110000111100110101011001101011010101000100000100000010010111000000011010
011101010001101000000100001110100110100001101101011011010001000001100101101101000010100001011111
000100100110001100010001110011111111010001010100000000011000000000101111001001000100111001000001
010000101100110110011001010111001100000101110011110010010001010110100011100100110101011001001000
111000100011110001101111111001101100111000011010101000111001000110011010001110001110001111001100
001101000110011001010110101010101111101011100001011001001010110111100000101010011111110110101111
110110101110111101110011011010110011111010010010000001110000111000110101101000101101100001100100
011100101110000101111101110001000001111011101011000010001010110011111100010000111000001010100111
101100100011011010110111000011111000101001000100011111101011101101000110110000101001001101011100
100100011010111101101110000010100101001011011011000100010110001010111010000000011010010101011000
011001100011001111011001101010111101100010111000010001001000110000100010010001000000111110110100
010001101110100000101001001001100110011001001110001011111011011001010001101100001001001111000000
111110110011001101001111101011001000100000011000010100010000011000101101111110011110011110110110
100011001110111100111001110100000000011011100011101100000000010101100001100111001000000010100001
001011011011110010011110110011000011000110110111011010000111111001101001000100000001011001100011
110110001010100111001010011000110101110101111100111111110111000100001011111100010010010111111010
000101111111001011110100001100110001001000101111011011001011111110011000101011000101110111011100
001110111010111110010111010110001000001000110001101100010011111110010100010110111101110001100110
111010000011000011101010001001001011100100000011110110101111000101010111011101110101111001001101
010001100100001100010110100100011010111000001110101101010000101000100000010100110011010010010001
010100010011100111111110110011101001111100110101110110110100101101001010010110010011001010111001
111100000111111110001010001010000010001011001001010111010101010010100001010000111101001111000111
110001010001100101010101111111100000111000011010000010011000011110100111111110101101011001110110
111010110101101101100001101001010001110101011001101100011111100101001110111001001100011110111101
100010001000110101111000111111110001100101000000100001110000010110010101110101110100111110100001
010011111000001101100001001111011001110001111100011110011100001110001101010101100011110111011010
110101111010101101100100010100001110100100110101011101100101011001001110000011111100001111010100
101000100100110000100110011110000001001101101001011011110100100010001011111100001001101000000000
110100110111001000000111101011000011111000100110101111111111010110001010100010110100001111011110
110100000100011111001000110010100000111011001110101000110011000111010110011100101100001000010010
011101000010001100101010111101001111010110011110010101101100101001111101101010110010100011001001
101000000111011011110001110000001000111111111011111001111000110100010010000000100100000100100100
001100101100111101011001010111100111001011000100101000000010011110110000110001101101011100101000
001001110010111101110001111001111001111101011000010001110011010000010010001000100110011111111100
001011110101110111011101111100010101100100011100011100101111111010100001101011011011001001100100
010101001110101100000100000000011000000111001001010011010001011100011001101110111011100101111000
101110110011001000100110100111001101110111101111101111011011101111111010101000101100010011001101
000110001011010011111111000011000110101010110001001001001101101011110110101110001111001111010111
010011100110011111011110000110000001000111010000111000110101101010001110101100100101000010010010
111010011111010111110101011000101110111100100011001110010101000010010010110111100110000001100011
110100110100011110110100100011101110111111101100000000001011101101001100010000011001111001110001
001111011100011111110000110111111011000101110101111000101100000101010010000001111011101000100010
010100101100010001100101100001111110010111111001101010011000001101101101110010100100011000110110
101010100101111000110111110100000111100100001011010100001101110001001000000101000111111010111011
110110100101111011010001110100101101111101110010001011101101001000010001111100000110101011011101
010100001010000110111000000001001001111000100100011011011111010111000101001100111001011100011110
000110111100010000010110001101111010101010100100110100110010010001011001110100011011100101000101
010111011100111101111010000100010100000110111011011100100100110100110001001111101101100100110001
110000010010010110010000011101000001001111100010011000000110101111100101011001000110110101010111
001110101000111101110011011110001000001010101011111101000100100111110000100100110000010000110110
000010110111101010110001011011110011100110010010010010001010011111000011110100100010001100110111
010100111110111000000100111010001100100010110110100111101110100001110101111101010110101100111100
000101100111010101101011110110101001101000100100010010111000100100100111101111110010010110000001
010111011010111100111010011111100101101101011101110110101001101000101101101100000111110110001110
110000100001011001000001001001000011111010010111101011100000001000001100110111111010010110110001
000100110101110111011001111011001111000010110010010010111000011100001100110010000111100010001111
101000000100110111000101110110011011100101111000110110101010000111101010000011010001111111010000
111000011011000100111110111001000110010010101010010110011101111101110100100101101101110111101110
011100001101000001000111100001101011000001100001010001001100100011101011010100100001001100101011
011111101001111111010110111000111001000011000110111111000011110011000101110000111100111111100101
011101011100011000000011111110110001001011010001010000011010100100011000011110100001111101000000
011101000001000110000000111110100110011001110000010000101010010101000011010110011010110011010111
110111110011010101111101000000100111011010110101000110101000011111100101001111111011000100100001
101101110010000011011111001101010100010011001000110110101101101001011001110111001001011111110101
111100010000011111001100001111110101011011011010111011110111000111000100101101101001000101011111
000001100111100111111100010110010100011100110101001101100000111101100010011101111010110101001011
110100101001111000100111100010111100001110000110101110100110100000110001001110001010011101100011
101011010010110010001010010110111000111101100100001100110100101000111010111100011111001101100010
001110011101010000001100011110110011111010100010100011111100001000101100111110101000001001010110
000001100011011100000001011100000100100011101000101110101101000110001100001110001000100001000000
111010101100110010110001001011001100001101110100110100100110011001111101101001100100000011111110
110011101001001101101101001000100011111101010011001110101001011110100110010100011111001111111001
111011000111111000110110011100100110011110000011100011100111010111000101110011010110000111111000
111101111011011000111000110111110010011011001011010011010100110110010011100110000011000001110100
101011000000110011000110100001011100010001011101001011110010101001000000010100001100100001011111
001011101001101001010000010101111100101101001101011001101110000000011000000011010111000100110011
100111011100100100110100000111010111010111000110011110110001101010111001111100111011000011011100
010110000110110100000010010001001110011111000011010110001100011010010000001100011001010000111101
011000011101011111010110010111110010101111000111001111100010110100110010010010010111110100010111
011110111001010100110000100010101000101000011110111110111010111000101000011011000110010100001101
001001100111011001101010101010111100101010010001101010000011010111000101001101111011101111100101
010000000010001010010100111110000010111000001001110000011000010011010011110111101000101010011100
000000000010101010111100100101001110011011101110111001001001011101001101000100111000010000111010
010000101001011101001001110000001000011011101010011011100000000100001110001001110100010000111000
111000101110101000111010100110111101101001000101000100101001011111110010011001000111011001000001
011110011001100110000111111110111101100111111011100100001100110000011011100110011001101001111100
111101101111101101011110011010111101010011011110100100011101010010111010001101100011011000001011
001011100000001011111000011110001011011110000110011100011110110100000100001101000011011100000100
110001001110010001010101101110101111001110001101010001101011110011100000001110000100110111000000
110000010110010110010101001000010101110111000011110110101100110011000010010101011111111001011100
010101001011100101101111100011111001101110001110101110110101000011101000011000101110000000001000
100100000010100101001111111001100100111011111110101011000110111001000110101011001010100111010100
010111110110011111011000100100100010101011011100110000101110100110010100110010101100100111101011
110011000010010010001100001000101011000010110110100000011111000110110001111010110100100001111111
101000011110111111111100110011010111001101000000011011110001110101001110101000101010101110011000
010111111001111010000100000100110001100000101010110101000110010010000010101010000101011000001000
110001101111000001001110111001111101101111101111000101010000111001100011100111111010111000010110
100011111111010101001100001011011101000010101101000010101100100011011011011000101011000101010010
011000010101111011101011101100001110110100101111000110110110110011100111001010100111011101110001
101110011111011110000000001010101011110101101001000100110100001011101000011001000001110011110101
001101000011001101011000001100010001110010001110101001110101100010011111110011011110011110101110
000101100010110010101001010110110000011100011011101100000100011010110010011001100101101100100101
000111011100001111110110001001011110010101000101011100101101011110101011111000011110100010101000
101101001111111111101010010111011100010000101111000000011110011111110011110001001110111100100001
101101101000010000000111101011100111011110011110010100011100010110011100010100101110000100101010
011111000000100110110101110100000010100011000100110111100010011000001010001111111101100111000111
001111101000110001111010010000110000000101011001011010010010010100000010010000000011011001101111
110100101100100111010001100101100011111101000000101101111110101001010100110100001110111111011010
100111101011111111110110010011000100001010000100110001001111010100001010010101101000000110000100
011010011101010000111010011001100111111000111101110101110001100000000001101110110001010010011110
101001100110000001001111011000011001111111011101011100101001010111110010000010100100010011111100
111100111001010100111110000111011010000110110111000000100101010110010000001111100010010111111000
110011000101011000101011101111110100101100111100100001011101110100011101010101101011111100001111
011100111111000100000000100111010111100100101011100001110001000101100000011101000111011111110110
000101111011011101010010110110011101000001010010010001000101101110110110011010100100011111010001
011110110111110110011010010010000100111011000010000000111011100001011011100011111010011110101000
101111100011001010100111010111000101101001100101101000000111010110100010010011111010110010001010
011001100111000000101100101101101101101001011101100000101110100010110100111110111010001011011001
111010101100101100011100001011000110100101001010000000000111001110101100001000100101100011010001
111110101100111000101011001101100010100101110000011110001100000100101111000110000101111010000001
101010001101010100001100010011101001010110110011001011101010001011011000000111000110110000101001
101000101000001010110010011101010111101101001000010011101101100100111000010001111010111110011100
100011101010001110110111011101110111111011010101011011000011001101100100010000001010000010101010
110001111001010001001000001101100010000010010111111000111111101010011110010011001111101101100010
000000001010101000001101010000011110110110010100101001001111100111101001001011011111010010011000
010110001000101001000011000110111001000110010111010101101101101000010010101000000101011010111010
110111110001101000000100011011011001100010111101100110000000010011001000110010000011011100001110
010010010001001001101101010010010011111110110010101011000000111110000110010110010110000110001100
010101101110001010001100000000001100110101110111011011101101101100010100111011110110111011101001
011110000010100000100000110011001000000100111100010000011110010010011000010110110011010001110000
100110000111100101000100000011000101110000100101110111011011101110111101110111001010000110101000
011010010011011011110000110110010001001101101111100111101011010001101000111001111100110001010111
100010100111000101011000010111010010010111110011011001100001110011100110000110001110111010010101
111001111110001101011111111100001110000101110011110111111111100101011010001010010101000000110000
111101111001011110001011001111010100000010011001100001011100001000001100111110011000010101000100
011111101000110100001101110100001010010011001101000110010011101000110101011001110110110101101111
110111111011110100111101001001100001011001011110110100001111110011011000000101011101100100101110
000001001000110000011000100101110000010001011001110001010101001010010110010001011000101001011110
010101101101110000111101101111011111100110001110010100100111011100000001100000000011010001010011
111101101001011111001011011011010110001101000101110000111110011101011100010101110111111100110110
001110101101101010111111100110001110110110011101000110000000011011111100110100110011000011001001
101100100100111011001111010000010001110111101010000010101010111110010001101001010011101111011101
110010111010001110000001101111000101010110111111001000001111000101101000011000000010100101011011
010000000010001011001110101001011001100101100010010000101111100101010011101100010110101111000001
000100010111101111111100010000001000001000010110111010000000011110101101111010000011000101001000
110101100101100000111011111101110110111110100111110101100100010011001110001011111010001000111111
111111001100001110110101000111000110011111001000101010110001101100111101101100101100001101010010
110100101001110111101001011010101111101001111010010110011011010000101100000111000001010111011000
001010011010010101110100111110010100011001101000111110010101100100101110101111100100001010010100
100100011110110111010001101101001111100011011010000101110110001011000000101000010101101011111110
110001100111111001100000001010101110000000010110010000010110110001000111110111111001100111001110
101001001000111011010011101111001110011101001110101101000100011001001011110100001111110111010111
001000100100111001001101111101001001101110000000110100110011011111011111100011000001111001000100
000001111000110110000100010101110100010110011100010110011011101001000101000110100010011001111001
011001101111110000010111000001010101000011001110010100001001111100110011111010001100010110011101
100000011110011010101010101001100000000011001111111011011010110111001100101010100000101101000110
100110110000101011101010000100110000010100100110111010101011001101101110111110111001111101001010
100000010101100101110010101001100101101100101011011100011000001010100000111011110000001010101110
111101101101000011111001111011001000011010111010111111011110111000101111001111011100101111000111
100011010001100000111011010111111011110000111110110010100010000100100001011000011100000010101110
101000111111000011101100000000101111100111111111100000011100010000111000111111111100010101111001
010110010101110001111100000010101101111010101000100010011111110111111101000011011001100000101011
110101110000001110100010100111011100101010110111101100000101001000111001011000010001110100100011
111111010001000110001001001010101011100100010000101001010110010100101100100101001100001110100001
111111110110111010101001110000011100010001110001100001110011101101100111001011110110000100110000
010010110010010111001111111101001110110101010011000001000000100010001010110100010100100110100010
011000010111110000110010101001000100110110101100011111110000010100010010111110101111110110010010
101100100101001010101011010000001110000111101011011000110000110011010101011101100001101101000001
001111010111110100010100000010011111101100000110111001010001010010101011111000001100101000010010
110000001100010010011011011001000111001001111110110100001010000000011001011111000000000110000000
100011101011001111110011000011110100111011010110110101000001110101110111000001111000101110100111
110111101001001101101011010100110000010011001001111100010001000010101111101110111101111101000001
101001011110001000000100011000110101010000001101010001010101000111001100110110100100011000000101
100110010011111010011100110001001100000111110011100000110011000011001010011111100000101010100110
001011110101010001100001001011110010111011110011000000101010111110010010000000001011110111000000
110110110010011001101001100001100011011111000100010110101001010000001011001001101111100110111010
001111000110100010000001000111101010011110100101000001101000001010111001010100100110011110011001
011100101001001100011010001101111100111100101011101000101010010111011101110100001100100111001111
100111111111001000011010010110001011010001000110011111101110100001010011010010101011011000011100
000001101011100010010010110011101001011001011100000000100100100101101000110001111100000101011010
011011000011101010011000101101110010110011000011110110010011100000101101010101111111010110100111
001110111000111111010001110110110110100111110110101010001001011101001001001001000111110001001110
011011101111101111001100000011010111101100110110010111111001011000111101111000100111111100010000
110001010111000011010110110011000101101010011100011100001001011101100101101000011010110001100010
011111000100010110111100001111100011010111110001000011011111110011111100011100101011011000001101
000100100111101100010000111010011001110001011111010100010010111100000100111100111101000011111101
011001000101101100010011100010110000000001011111011101010100001100111110011101000000011001001001
001001000000110100011011010100010101110011010110010100010001010001010000111001101001101101000101
101010000010100111010110101110101110111100101101010010001010111011101001110111000110101000000110
111010100001101000000110101011001110010010100011001001010100101100101110000101010000001111000110
101111011011101111100011011011111100010110000110111011100001001010001101000010010011001110110010
101101010000100010101010001101111110000111101010000100110110001100000111010010101110000011010110
101110111010011111101100100000011111110011011010110011100100110100011010010011010101011010001010
100001011001100010111111000100101101100010001110111101001110101101011010111100000111111000100001
011010101111111101111010111011001001001110100101010111111110011111110000011011111111111010010011
110110000110110011110010011000000110000010000011111110111000011001010101101111111001111000001110
000011101100111101001101000001000011110000000010111000010001101011101010001111011000010000000110
101011110001100001110001000100101111100101011110101110010000010100111110011100101011001010010010
100110101100100111100011001000011111010111100111101111001110000100111011011101010010110100001110
001110010000110101101001101010110110000010010111110011010011111001101101010010001010101111110101
001001111101001111010110001010010010011111100100000010000011000000111001110110110110011011110110
001111111100000101000101100110101010001001011111111110000101100111100010000110101100111101011111
010111011100110111010010110010101111010100100110011001000110101000110100110100011010100111101000
001011000010001100011101100110000001011100110001010000100110110111010100011110101000000000101000
011101110110111110010010000110111111101110101011001100000000010110101111010001000111000110000101
011011010010011111110110101011111101000001100110010111011001111111101000000000010000100010110101
110101000011111000101011010000001000001011101011011000010111111100011011100101110000010011010101
110101100110100001101011000110100011101111010101000110100110000100110011000001111101110110011101
111001111100011111001011001101100111000111001000011111000101000100000110010110110100001010000101
010101100001001000101000000011100010101010101010001111000010101011100011010011110000100000111011
111101110100110110011001110010101011000000110000110010110000100000001011111010000011100100110000
100010110111010111001101100111100100100110100111100011010100001011101110101111111000111001101111
001000000000101100001110111111110110001110010111011011111011011001000110101000011010010011000011
010101001000000100101111011010100000110100111010100000001011111111101011110101100110011000100111
101110100111000101011101110001100001101001001100011100000000100000101110110010101100001000110100
001101111011010001110001000000000001000011111001110001001010011010101111111100000010011000101000
010010000111000000011011101101000000000111001101001000110110011000010010101110101110100101000110
100111011101111001000111110010111011101101111011000110100000110001011101011100111011100011101000
101011110001001111100100011010000100000101100111101010000100001001110010010101011011000111101110
001110010110100011101101110001011010100110100110000010010010000011001101010101001111011111010001
011010001100000111100011111111000101111000111110001000011011110110010100000101100111000000011111
001100001100100001111110101000001000111010001100110011000110111110110010110001100011101101001111
111110110010100110101100111110101011000010101001000011100001100110011110011010010101010100010000
100001100101101100111001101100101001010000101110010000001001000100101100011010111101101110000010
101110011100011001010010101010100001000111111111111011000100011110101001110100100111011011100000
110101000011000101110000100011001011101000010110111101110011110001011000101010011110001001001111
011001011001101010001011001111011110100101110010100001110000111010011110111100110100011101000100
000110110011111100000100010000000011001101101110100110111111011010010010000111000110110110011001
111101011111101110010010111010110110010011010100100000010111111010010011100001110010001001111101
110100110000010010000000101100100111010110101111111001111000100101110101001010110101100101001110
101001011110100110010110010111111111011111011101011000101001000101111001100010101011011000011111
010000011000101001010111000101010010001111000100001101110010010111111010110001001011001110101000
110101010110100100111111001100110110110011101001110001100000010001000111010011010101000010110101
100011000101001111101010010010101001000110101100101010110011000100111100100110111101001010110011
001111011100001111000111000000111100000010110001100010001010101001010000101110110110100100001010
100000100011101101000111011011111000000011101101000111001100101010110010010111010011000001111000
101000011001110110111000001111111101001110001001110111000100010000000101001010100111010010001010
101100011111100101010011101001110000111000101011110111101110010011011101000110110001100010100101
000111111010011001001101001111100111111010100000011101010001001110101011100000010011110011001101
010000010010100100110111111010111011000110100100101101101110100000000101001001100101110111000011
001100111100101001010000110001101010011010100111001100110000110111001101011011100100001101101101
101000000100000111001101000101011011110001111010111110010001101000010100100111110001101111000011
111001011001011100101000111001000101101110110001000000100011110010001111101010000101100000101010
111001100000000000100101010110001011010110100010010010011000100100001010010001101010111110010101
110100010000101000111010000000111011011101100010010101111010011000010010010000101101100001111000
111011111000011010000011001101010000111100011100110001101110010100001011010010101110111111001101
111111011110001111101111000100101111111001100001011100100000011000010010001101001111100100100001
000000101010001110100100010100100000010011000010000101110000011001111010010011011101100010011001
100111101010100101011000100101010110110110000111100100010011001100101011011011001000000111100101
000100001101000000010111110011000111010110000100010101010110110010111011010111010101000010111101
001010001110101000100011110011010011011100001011110000111011110000101010111010000110111010000000
010011101000011111001110111010110011100110011110001110010010100100100010000000000010000000011110
111011011110100011000110001010101101101110011011011000111111001111111111011011000011001101100001
101101001011111110110010010110100100101111111101101111101010010101001111001100000000011011111000
001010001010000000011111110011101000100100110100111110001100100110110100010100111100000100110010
111000000101001011111011100110010011101010001011100011011111101101001001001000010001011001111100
111000100101110101001011110111001010101001111000000011011110110111000100100001100111111101100010
110010011110000000100011010110110101101101111110010011010011001110001001100111100101101001111110
101101100011101110100101111100011100111101010010000101010010010110110010101010001011000101011110
110110000001001001100101110011100101111100110110001011000001000001001111100001111010100000100001
010001111100011001101100011010101101010000100111010110111010001101100000010000001100000011110000
011011101000011101001111011111011110010101100010001011111011100111010011100001010001101001001101
111101101010000111100100000011010100010010000011010100011110001101111100000110111010011101110000
001111011110110011011111001111101111000101110111110001000100111101001001011110000110100110101111
011101100001011100001110110100010100001011110011000100010101101000011110000001101111000101111010
011011100100101100111111011001111101111011101101001111110110100100110111010101111101110000010000
001101000001010000000111011011110100011000000100111000011001001101010010010111100100000100101110
010100010101011101010101011100110101100010110000001001000000100001100011000010000011110100000001
110110010101001000101010101010101010110011101101001101010001110111001110110111110010101000110001
010000000101101110101010010100111111101011111100000010000010000011101000101111011100000001100101
101011101001000111010100110110101010110011010001011100101010111011100000100100010010011111010000
100011110001001010100000110010101101110100100100110001010101110011111101110000001010100111000011
010011101010100110010111101001000000111101100001110010101101010110100010110100000111110000010011
000101110010010110111101010111011000100000000011001110110100111111011000101000000010001111011000
000010000101010011001100100001111010011101011001100000100011110001000010010100100110000100110110
000000111001111011011001101110110011001011010000000110011001111001000011000010110110110010100010
101011011101011101001011110000010010101000100100101000100111100010000001010110001001010111011010
101100000110111010010010011111111110111010000110000000001001111001010100100111100100010001110000
111001111011100111100000110110011000001000010100100000000111101011001001110011000111010011001100
100111000110111001000101001011101101001110101111000010000000101001010110110011101111010000110101
001100110010011011001000111101011010000101100000110011000110111010010001100110010001110111011000
100111000011011100000011100111110100011110010011101110010100111001001011111000001000110111010010
011001101011000111111111100111011010001011010001010000101110000011111110010101101101001101101111
010100001111001000111101110011101110011010111101111001111000001010110011010001000101011001000000
001000001010001110001001011111001101110001010100010101011001111001100100101101001011001010010110
100010101101010010111100001100110000010110100101000100001100000111010111011111100000011001000110
100101011100001100110110111010011101110111000101000100000100011001101101000001111001110000100001
010001100001001101110110111011000101000000000110111001010010010101000111011011001001000101111110
000100100001010010001111101010111011011100000100100010001000101001110010111001111010100010010001
000001101101011010111110100101100000110110101111110010100000111001111100110110000010110010011100
110100010101101100101101101110001011001100000010100010111000111010010111000101001011101011000001
000010100001101110101101101111000110111001100111100101111110000101000000001111100010000101011011
100001011101010010010000110110111101101001101001000000110001010000100000001110101010011011110000
100001111101000011001101110001001011010000101111000001100111001011100010000011100101111100111010
000010010010011011101101000000110001010100111001001011001110001101101011111101110000100111100100
000100111110110100111011011000111110101111001111001100010100000011000011010000000001111110100111
001111001011110000001011010101010111000001100001000001111010100101011010110101111011101100101101
101001001101111101101001111111110011010100110110010010001101100010110110110110110111111110010001
111100000000110101111000001101111011111010100001001000110010011101010001110100111101010100000001
110001001000000001000101000011010101101001000110111101110110110111011001010000110010000000000001
100110001010000001010001000001001001101111110010101111010010111100100000101010111011111110111110
101110111001111101100000111100100100101010110010101111010100000011101110011110100111000000101001
000001110010100010110110010001101110111001011100101001111010011000000110111011011011110001101010
100000000111101100011011001010000001010010100010111110111001100111010010100100110011110011000010
010110101100001000100011011000100011110110101010100101000011000000111010001101111100011010000001
001100100001000111100101001010011000111101000101010000100010010110100100010111101000001110101011
110111111100100110001011101001111110000101110010100000011111110100001011111101110101001111011001
001001101111011100110000111001011101110101000001011011101000110011111011011000111100110000011111
111110110001100110011001101101001011011100010101000101010110011111011001101111101000101110111101
001010010110101101011100101001011100101100001100010100111011010001000101010010110000011101100000
000001100100100100111010110010011110101000010001110000100011000001001110000011101001010000000011
001110100110101001101101010100111011101100000111100000110100001001110111100010011000011111100111
001011101111111001100111011011111001010010101111000100110000111011010111101101100100111000011001
101001111001110001111101111011010000011001101100110011010011001110011100111111101110110000101001
110111011110101110010101110000010011000111000011001001100110001000101101011100100011110101101000
100011010011000101110001011101001110001011000100000111101100110000110010110010101001010000110000
110111011010000110110101001000001111100100001011010111110100001111111010111000110111110110001101
110000101111000011001000111001011111001001000000010010100010100001001101011000011111010001010101
101111110010100100001100110010110100010001010001101101100101000111001111001001111110010110111111
110111100110000001011111001111100011110111111000110110111110011001100001010111000010110001000100
100101100001111010000100010101111101100011001101000110111111110010100101111000010111000011001100
001100101011011001000010101111001110100101101000111011111011001000001111000001001110001010001001
101111110000001010011101111111011110110011111000101001001110110011111010101000111001110101001101
110010001100100011010011111010000110011010110101001010110110010110010110011010111110100000110001
100100011000001110000111101011001101001000110010010001100110101001101001010010100100000001111011
101100000001100011101011100001111110110011010100101010000100001111011100101110001001010000011101
011001011000000000001111001100100011110101111011101000011110111000010011111110010101001010000110
100111010110100101001000001101011111110011101000010000110110110001101011100111000111111110001110
000110000111111110101011101001100110101100100001001010000000100101010101010111011111111000010101
001000010000001110011111010110000100000000011100111011111000010000000000111111100011111001011111
000100000100000110011000010111001001110100110001101111011001110011011000101011010010110111000011
111010010010101010011101110011011110010101011101100101010010011101110011110100100110011111101101
110110100000110111010000000001001111111100010000010110010101111100000101111000000000001100010110
101011000011110000101011100101000000011010011010011100011110100100111100010010000110001001000011
000001110001101000011011001001001010001011001011101000011100101100001111001110000101010111000000
101011000001001010001100011111011010001001111101111001001101110101100100011001001011110001101010
011010110001101011010011001110010011111111011111000111001011100011110001011000001001111101111011
000011010100000101100110000101100110000010100111111111100000111011010010111101001000101100000000
011110101100110000011101010110111000110001000011110010011110010000001101111010001100101100110100
000101000111111111011011000000000001010100000001101101000100000110110000100111011100111110101111
011101010100101011101001111101100111000001010011011011110101011011101110010101010101101000000100
001011101000101101101100110001011110101011001000001110111001110100111000100011010000101001111010
110010111011101110011011000010101010101011000110001101111011000101000001010000110111111111001101
000110101010100010100001010011000110011101011010001101110101100011111011001111001000110111100110
001000111111100111000110011110110011000100010111100100001101100010101110001100101010001111111101
000010111000110011110011011110010010101001111110111000001100101100000100111101110000000010011101
101110011110000111000001010010100100101000001000100010011111011100110011001011111101011110000100
011011010000110000111110110010110111100111101101001111001110011110101011011100011000100001100111
100010110011111010100001000100110101101111100010001101000001100001111111100100110111000000001001
100000100100101100101111010101111001011110001110100100101100100001110100110111001011000100000110
110101111101000010100111010010001000000010101100111101100100110100001101011110000010011111101011
010100011001101100001111101000001011101000000100111101110110000111101101011001101111101101111101
111011101001101101011001101111110010010011110100110101110100101011010001010010100101101110000101
001100101110111011000101010100110001101011110110011100100000010000001001000101011000010001100110
110100100110001001110101101111111100010111010111100111011010100101001000000000010010001110001101
000101111001100110111011110101001100001011111101111010001101011001110111010100001100000000000011
010010010101011111010011001101001000010100110000011101100001000101000010100100110110111110001110
001110001110010010101000111100000100010100100001000011101110100011001010101101010011100001111110
100010001101011001000110100000001110110010000110101110011000000001000000001110001110000000011000
101100111010110000110100000110110100111100100011101011011101110010001011111000100101101110100101
111101100100001010100010111001011000100001001001100100100011011001000110101110010101110010110000
110001100011110001100010011010010011101111111100100000100111100001111101001110011110010000001001
010110101011010011110110111110100100100011011000001001011001000110011010000010011111001001001100
101011010000001001100100000111010101101100101101110011001110011010011010000111111000011001100000
000110101110111110010111000110110010100100011001110000100101011100111000101000110101101110010111
101100010011101000110011010111100101010000001101001011100000110100101011110010010100111001100100
111101000001011000011101000001101111000111111011100100000111011101110010100101101110111010101000
100111010011111011011110111110010110000010110011011111100001011101011100000000010000101101011010
010100000111100001110011101110011100111111011110100110111101111010011010011101110111110001110111
100000010000100000001000100110111101110110000110010111110101010101011000001100100101001101011001
010101010110011100101101010111110000100110011010100110010101011001001001111100111110010000010000
111011100101101111100111011010100111000000000110110001100010111000000111000110101000111111010000
001010110000010101011001000111100101011110001000100010110010000000101010001111001011101100010000
111110110001000100101010001101001100101111101101101101101010111101011101010100100010000000011000
011101101000010101011110100011111100111001010001001100110100010010101100101011111010101001001110
110110100010111000110101110111101100110101101001100011101001110100000001111000011100000000011010
101000100011011111000000111010010110110000010000111010010001001100011000110000010000010001000010
001010111000111000111100001011000000001010110011011101111101001101011111100011011011110001000101
011111010010001110100111100101101011000111110100010100110000000000111111111001011000110010111001
010110110111011101010111100111011100101111111000011101011010010010101110100110110001001101010101
010010110010001100110001111000110111100010001110111011101010001000110111011001101110010000111010
000011101001111000110110110111111001111100001110000100111011100010101001110000111011111110011010
010011110100010100110010101110111000000011100000011110111110101011110101110111011000101100011010
110111100000011101100101101000101111111001000010101001111101001000000101000010011010011011101001
111101001011100010010000001001001110011101000110101100110001100100011110011110110110101101111110
100101111001010111100011011000011011011110000011011011100001011110000000111100101000011010001100
011001111010010010100100000011101001100000110010001001101001011010110100000101000110100001011101
001011001100011011001111110111010010110111100010011110011111110011101101100001110100101000110001
111001010100101000001100011010101001010011100101011000100001111011101001000010011100110001000111
010100000011110001001000010010000110010111000001000010010001111111111101101000011010100011100000
111100101101011010010011100010101111110001011101111101110000101000110110001101010001000100100100
110110111101100101000110000010100101011101011110110010000110110111011101100001000111001010001000
001001110011010000111101100101011101010010111010111010010110100101010100110010001110011111011000
111100011111000011001010001110110101011111010011001001000010000001011101000100101100110000110101
011000011011011011001111110001000000000101011100101001000001001101001111100111011110011101010100
100011101000111110101001001110011011011011100100010111101010011110000011101110101001011010101100
100011111010110010001010011100010000001111011100101100111110111010000110111011111111111110101110
101010011010111110110110111010011001111011101101011101100011111100011110000111111101101010101101
001111111010110110000110101010000011001000101101001101101000100111010011000101000010001111110001
000100010111100000100100000100001010110010111011001111001000100100101011001000110110100100011101
100001001010000011110001100000010101001111100000001000001100100111001111111110000100101100110001
100000000111001001100101111001110000010100000110000001101110110010101001100100110000101001111111
111111011100011100100110110111110110100110001111101101110111001001111001101011111011110100111100
010111110010101001111010011001010010110101011000101111001110010011110101111100100111111110100001
010001100110110110111000110001000001100011110110001011110111001101110000001111110111111011011010
001010111011010111100011111001001110010101011110000100101110101000111100010001000100010100000100
001011000011000110011101111000100110111000101101011001111011000011010111110011100100000101000111
011000100111110000011000111000011001001101000011101011001010001000010010011010100111010000111111
101011010100101001000101100000100101001011101100000010000111010001001011111000001010101011000100
010110101111100001011010000010011111100011010101110101101000111000010001100011101100001001101010
001101101100001100011001101001111111001100111101001000000110010000100010011010100110001101011110
011110101110100100010101100101110010111011101101101011001011110000000110010100001101101011000111
001001001001110111001101101001011011000011101010100101000111001001101010101000011001110101011100
111110001110011010001101110001001010100101111101011111101000110000010010000100101100000110110100
000011010001100010111111000011110001101011000101011011011111000100111110111111111010110010110110
