011001100100101010101101110101100110101101111110101001010101100110101100001100100011011011010100
000110001011000010110100010011100001011001101101111010101111110111000001101100110110000100100011
011011110000101001011010000011110010010100110011100101010110110011011000010001101110110110111001
000011001100111001101101011001100000100111111001000100100110001110110101011110110010100111000100
000111001000010010010101101111001101011111101111100011010101001011010010011001100011001010110000
111001010010101101110100101101011101110010100101100000111001010100101000001000011101100011010010
110000011010011110001100110110010111011111010110011010010110000000111010010011001111100010010001
000001100101010101111111001001001111001010011101101100001001001101000110101111111010110110110100
110001110001110101000100010000101001011010010011011100101001000011101101010100101001001111110101
110111100101010100001011010111001110110110100111010110110000111010000111000100110011000101000100
111011110010100100100001000010011011111100100010101000111100101010101101000010100110001001010100
000001000010011110111000011010111010000000000110110010101010101000111101010111111100011111110000
011000111100101000111100000011111100110101110111000111110010101000001111001110111110000010101001
011100101100111001110000100010101000111010000000011111101101010111000111000010000011001101111011
010111011110111111100011111100101010001101000101101110001111001111001100000001011000111011111010
100101011010101110000110110101110100111111001111011000000011100001111110011010000110100000010011
100110010011110011110110011101011100001010111100111110011000011000010000100000110111100100000010
011100110001111001110110101101001000110110010010010011001010111110100000101001001100011001000101
000111100111111011000110101000010010000111100101001010010111011011000110101111010011100000100101
001111000111111111101111010100001101100100101000000101100101101101001001111101101010101101001010
110001111000011110010010010101100110000110010010110100001010110111111111111111101111110001011010
000110101100110100111110101111001101110001000010110110110110001000011111011100011101110101001110
101101101000101101010110110101010110011011110000000100011010010000111010110000010011010110111101
110010011111110001100101010000010000110000110011111000101100011101111110000100010010110101100000
001101110101111100010001001010100001111101110001110000001111101101011001011011000001010011100110
011001100101110111001111111011000111110111000011110101011101111000110011011111000001010101111010
010101000101100000101111110111001001001101011101101100100100001001110111100101010110010100111100
110001001001001011100100110001101101110101111100000100101011100110101011001101101011100000011010
011011110010001011101100111100010011100011011110000011111010000100001011000100110000001010010100
011000100001001001000100101111100111111110011101100111010000101001100101111010001001110010001010
010110100000111100110111110010101001101000000010011001111111001100100101001000100000011111110011
001101011111110110000010111100001000010111111010101101011010000011000001111100111011010001101011
000111111010100000100100001010101010011101110001000100110011111100100101111101110100010011100001
110101101101110001010000100001111001111010101101111100101000000100001001010111000110111011111110
100001011111110001100101111011010101011111000011000001101100001101111110101110110010010110100010
010010101000000011011100010100111000110000000111110100111011000011000111111011001100001111010000
110000011001000000011100100101100011110000000001101111111100111001010111101110000001010010001011
010011000010101110101111110110011101111101001110111110001000000100110001010101001110011010010100
101100011100001011001111001110010101000100011010010000001001001001111001000001000000111000011111
101100110111010100111111010101101000110111011000001100011101100011010101101100110001011110110100
100101110110011101001000100101111110101101000001011011100100010111011110000100011111010101110011
100110000011101001001100100111111111101110101011101110111100100001001000110110010101100010111000
111010101110000001000010000010000111111100000010101101101111011101011100100010101100011001111110
101110101100011010001111011100011110110001100010101000111001000000000101011000000100101011011111
110111100000101111110010011101111011001011100100110101111011001110000100101110100011000101001100
010000100101110001001100011000111010101100110000110111000110001101110000100100001100111110001101
010101100110011000000111110101100011100100110011111010011101001010101011111110000001011110010111
011101100001100000001010101111010100010010000000011110110101010001111100101000111101100111101111
100000010011101101111111001101000000010001001001110000001110000010011111101100001111000000011100
000111011000100110000101000000111101101011011100000000101010001110101101011011000100110001011101
100000000111110011111000110110011000011111001111010110000001000001010111011001001100101011111110
001100011111010110100000010011110101010011001010001100010011111011000101011000011110111011111110
100101111110000001100011000111010110111001110010000101111001000111001101001101101000011111001111
000110001011100111111001010110010111111100010101100001110110010110000110001110110100111101010001
111001001001011010001011001101010000001001000101011111010111111111011100100101000101010100001000
001011001010000010000100010111100011000000001111001010111011100111011100001100100011000010011000
100001101000101100000111011111011111100111111001100110011111100101101010110010101101111000110001
001110010110101110100000110110011000111011101101101101011001011001000010010110000001100010110110
111111110011011101111100010111011010111101100100010010101011001010100110110011110110100100100000
000000101110110100011001000011111010001111011100011001111010011110010000111011001100111101110000
101101101100101101010011101001101001100110010001111000010110010110000011001110011111000100101101
110011011101010010000111001001110101000101010110100110111010001110001010101101110010110001111011
011001001011111000011101100110100001100110111100011111111100110100110110101101011001111100101100
100101101001111000000111111011010011011100110000000100101000000101001100000000001101110101101011
110011101101100010000101111100110011000110000111110111000101101000001111000011100001111111010100
101000001111100011010111100010100110111001101101111011001100101011100101111110001010011111010011
100010111101001001101011100101111110011110110100000001111010101111100001100000110010111100010100
100001001111011010101011000111101001000011100111100101100011111101101000101110010111100111101101
010101100011011010001110111110111101100100100011000001110111001010000100111011001100011110011011
101100100110000111011011000110100011000100111100010011010101101010111001100111111000100100111001
001011110100110100010100110000010110000000100011001110001101111000101010000111010101001000101110
011000011010001100000001000001101100100110101110111110100101011011010100110011011101001001011100
010111010010001000000011101011100010110100101100000100101011011100010101111101100000001001010101
001110111011101110000010000101010011101101010110110101110010100100010001111110110101100000100101
100111011110011110011100101000100010110111101101000001010111110101110000011101011100001011100110
001110001110000011010101111101010001100011110110110101000001111010111010101001010101010111001101
011011001010110000111001010000101110111111001000000001111010000110111101110110010111011111101100
001011010100110000110011100000000001101111011000100001111101001111000100100011011110011110000010
100111111100100101010001000000100000001110101101110111100011010110000010011100101011101111010111
100101110101101111101011001011110011011001100110011101000100101000010001011011010011110110110000
010001111100001010110000111011000100000101010000001011010111010100100000100101100001111101000011
111010101001111111111100000011001010100010111010111000001011000110100011011000100110010010001101
100000100010111001110011011010001001000100110010001110000011000110100000111110010001110010100100
010011010110101100110111011001100101110010101000101010111110010010110000110010101011001111011001
110011101001011111000110100000000010001010100000011010111101110001000110110001100000101101100000
100100010010101001101111001000000001101001111111011101000000101010101100000010110010010101110011
010010011010110001100010100101110001111010001010111010010000111100011100011001010000000011101111
101010000110000000010001101100100001000011111100110000000000011100011001101011001110010000001110
010001111110011101101111110101001111000010100100111111010000101011101100100111111011011110101000
011111001001010100100000100000000101001011011010011011011110011010011100101011000111101101100010
001111101111101111000010110101100011010010001110111101010101101010011101101110101100010111101111
101100100100110011100100100010111111101001110100000001000111010001111010100001100110000101101001
100000011010110110110111111110001001000111000100100100011110111011010111000010100101100101101110
100101000110001111110011000101100010000011110101101101111011101000000100000101100010000111001010
111000011100011101100111111111110000010000100110100001101110011001110010011001100011100000000100
010100110010010111010000110111101000111110100001011010111001000110010001111000010111100010011100
010100100100011011001111010011000111111000101101010101100001111110100111111001111100100001111110
010000101101111101001101111101110100001101110001001110100100101010010010010010100111001001110001
110000110100000001010010010111100011110011000100010101000001110000111000011010110011100110100001
001101010100000100001100101110110111001011010011100101111000010001011101101001101001011111010101
000010100000111010000111110010001010001010100001101000000110100010111001001001011000100111001110
000010011100110111011001100100010010011100001010100011111010001010111011010111101000111110000010
011000100000010000011100000110000011001111101010010010011110101100000001100010110110101100000111
011011000000101100101011111011101100010010110111000100011101111110100100111011001101101011000101
001010111100010100001111011110001001010110111100110110111110000010111111100010011111001101100101
101101100101001000110010010001011001101000000101010011100010011011111100110111111100110011100110
111100000110111011101110110100001001001101101101110101010100100010111111100011111111100101010010
101101111101010111010010011101100110001010000010100010001101110111000011011111100001111101101111
100001010101111101100111110011011100101101101100010010111100101001011001010110101010001111110001
011101111101000001101100101110011000011101100001100001100110011011000101001101000011100100100010
001111101100010010100011110010010100100111110101000000000010100011000101111101000010010100011100
000111111100001010111100110100010100101011100100110000110101110001010101110000100010001000000100
001010011101001111100110111110110001111100001001011101111101011101011101100100101110111111000001
011011000100111110100100011010100100011101010000100101001010001101110001011101000110000011011011
011101000001011101100101111010010101101101010100110001001101110110001110101000000100001011110010
010011011011110110000101000110001110001010101110110000010101011101000101111011000111010110110100
010100011100000101000010010111110100111100111010110110010100000011110011011011000110000101100000
011101100000010001000001110101011000000100000110000101100100101111010111101010100010110101010001
010100110010010011011000011011000111001000011110110001010110110000000111011111011001011100110001
000100011010111111111001101001101110100001000000100000101010101011001000011111101000101000011100
011011100100111011101100111110010100110010000001110111100000000000100010011001111000111010011010
101111110110101100000000000000010001111000101111011001111110101101001010101111101100001001100001
010000100100100000000110101110010110111011111101101110011000111010000000011011010011011000001001
111010010001101100110011000101111111000110011010011010110010100110101101001101111000100000011011
010111010000010000101001011010110111101110110000101101000010110111111110101010001000000101101111
000011111111110010100101001011100110001100011001101111011011000001100111101110011011010111111011
100001101111010001110000111011001010111110110111110101111011110111000100100110001111111110001101
011001011110011100011000111011100111110111101011100101101000100011010011001101000111001001111111
011101110001101110010111101000101100110010101101010001001001100000010010111001110101110111101111
101101101000011111100110001011000101011001010110011011110011100111010110100110100111100100010011
010011011010110101100100110011110111100010001100110001110001011110101110011101100000000001010011
000110011111101101010110100110110011110000000010011011111011001111011101101101111011010100010111
101110011100111011100001110101110111011010100001110101111010000110110100000100010010000111011111
100001100101010000111110011101111010111011100010101100101100111001000000101111111010001011100111
111110101100101001110000011100000110100100101101001010100100110111100011111110000100101100001111
101101110001010101001011001110101000101001101010011100000110000001110010011010111111100101101100
110010000011000000100100101011111010011100011000011100001000000110010110100011110011111000000001
100000000111101111100101101010110000001000111101101001001100001111101101110111100001110000100100
111010010001011011111000011100011011000000111110100100000100101100110011011100100110010110111010
101110110110001100000111110010101110011110000100011100100000111010001101010100100110101100010100
000010001101001100001010001101001111110000101101001011000100001111100111100010000110010100100101
100011110000000101000111001000101110101100110111011111001101101001000001110011000000100111010000
100101110110000101011101001010100000010111100011110011000111010011010001011010011010100110101011
011000110000100011101011001100011111000001000011001011100010011001010101010010010111111100000111
011100001001111111100100110110011101111001010000101000011000011000110110010100110101000110101011
110011001001100110010101101111010011000001000001111110001110101101010011101000010110111101000111
011001100101010001101111100101111101011111000111000110100111011010010100000011101110101010010101
010111011010011010001010000011101100100111101000101110110100101010100100000001111110100000001001
101100100100101111011111100010001000001000011110100110101101111001001010101110011110100101011110
000101100000000000011000001110100010001111001111100010011011010001011000100000101010101101110110
000010011001100100100110100111100001001111011011010011011011101001101001000000010010100100101001
111101011001001110011111011100000001101100001010100101110110011110101111000001000111101010111010
101011101001111011011011101001110000101111001100001100011011000101011100000011000100010110001100
011111000001101011011110001001001000101100110010011101110001110101010110011100101010100001100011
000010100111111000001111010001010010011010010111110100010000010110110110011000100011110000101000
010110000111111100011100100110101000101000110111111101000001100000100111010011000011000001110000
011011100010110111000001000111100110010001100100110110011101011000001110110000001110110010111101
101001011111011001110010111011001000100011010100110011111010010101110000111111110010110101010110
100010011010101111001101111000011100000101010001101110110101001001110111100101010101111100101010
011110110001101000111101000101011110010100000100100000010001100000011101111101110010111111001010
000011110101111001111111001000010101000011111101110111010111111101000010111110001111101110000111
111010001100111001011010011110011110001101111101101000001110011001100100111110101110100010101001
111000100000010010101000011000110100101101100101100110000111001110010011111000101110101010000010
111001000111010001100110001111101001001010100101100001100110100000101110110011101011101100111110
110100001000001101100011111101100110010101101001111110000010001110001000011010001010010011011011
010100111011000011100010111111000011001000110110111011101001010000110100000001111010110000010010
100000111011000110110000000010000010100110000101001111010110001110010111110001100010001110111100
111110011010111001101011100111000100010001101101000011001011001010100100111100010110010011011100
101111111101101111010111101110010101111111101101101001110000100000011110110111111111101011000000
001000001010101010010110111110111011111000010111000111010001111001000100110000110110001101011110
101110010010111101010011111001111000000101000100101111010110100110100010011111001111110011010010
111000000000100011010100110100111000011110101100010100110011100000101000011111010101100100111010
001111101110011000111111011001010001011000100100010010000110111111011001001111101011001100010110
111000011011001001010000001010101100000000101010010101110101000111010111110110111001010010111001
100011100111000100000010110010110100101001101001010010100011010110001000010101000101100011010101
011000110001010011011000100000000110110100101101100011111111010000101001100111010000010010010011
000011101000111100100011100001010100001000100100011111011111111110010000000000011111010100001001
010100010010110111110101101001001100001100010000101000110000110000010010000111001110011110000100
110111011001001000100100000110000111101001011011010001110111111001010111011011000010111111111001
100100101000110111010111100110000100111100011100000001100000000111111110000111001101000101101111
101101110001110111110001011011101000110111110111001111011101111100110001001110110011111100010101
101000110000101101100101001000101101011000001010101111100111101110101100101110101100111010010010
101001101010111000111101011100100010001011100011101100101101111110001110111111010011101001010101
101111111110011001110010000101100001001011001001001000110000110110111111000011001010110101101110
100011000111000110111110001010101010001001110111001001000010011101100111110001011000000110110010
001001101011111111001100111110101001000100000001010100100000100110001010110111101001110101111111
100110100011111111100111101101101111100001000011110000000101001111001001101001000101100001101110
001000011111110100100101011101001110110010100111110010010010010111100010011000111001111000001110
101110111101000110110101011100100010000011001000101000100100110011010001110010000010000101111101
010111010101101011001101111011111110110010010101100100100011001111100010101110011000011101111011
110011010000110101101001001010000110000100001101100000110110001000111011010001101001011010010000
000001001000000111111100101101100101110001111100101110011111001111100001011011101100110111100010
011110001000010000001110000110001001010010110101011010001000011111111100100110011001001101100111
010110010000011111001100000110100001001011001001101000010100000011010001111011101011010001111001
010101111010101001101000011100010000000001111001010111001000001001101010110110010011010101000111
111100111100000011001101111101100011011111010111011000011011100111001001011011010100000100011100
111010101111100000101101100010111111111001110101110011111100101010011010100100101100001010111001
011010000111001011100010111111101111101111011011100100011111010101000011111011001110110110111110
001111110110011111111011010000001000111010001010001011110011110101000001011010111111000110100111
011111000000000100101100010111001100100000001101010000001010101000100011110011101000011100100100
010110101010110110010110110100011011101101001011001100111111101000001110011000101101010111110011
010010111101111011001011100101001011100100110010110110101001000000101111010001010011000010110111
100100111110001100110001010000001010100011101011111011001000100011000100111101010101010010011101
110111101011000100110111110111100011111110111100101111011010110111110111001010011011010101010000
110100010101000110000110011101100100001010011101110100110000101101111000010101011010101000101011
010010010010110001101101001100010101011010000111011111001100011111110011110111111010011000000001
111111000100101110000000011100000111011111011001110011110111010111111000010101000010000011010000
100001001001011111100100110101000101011000000101110011110101111101001001000001000011001000000010
001011101101100011111010000000000011000001011010110110100001101001101011000010000100101011111101
011010011000001111000110000001000010000100011110111110001110011011101010000110101001000100000010
111111000000111011011001001100100001101000110110100111100110000101100010011000100010101000011100
010010010001000110101011001110101101101111111001100101000111101110111010010111001110011110011111
011011100110011001011011010111011001101000101110001110010110101101001101000110101111101001011111
101110100101010000011101010110101000101001001011101101110011011100111011110000001011010010110101
010101010101010000001000011001001000001001111001000010111010100110011111000011000011000011011000
011001110001000111000100111101011111100010010100100010001001111111100001001010110101001001000011
001110100011110000010001010011110011001111011110010001100010100101010011011111010001001000111000
010100001011010001010100001111001111010111100001100000111111010000011100010100010000101011101110
101110000011011011110100011101010101110011110011010001000110100110111011001001110111000101000100
101001011000110111011011011101010111110101110101110110001101101010000111000011111111010111000111
101110110011101110111110111000001100111100011011100111100101111010100001110001001110111111100010
011001000100000100101110101000100010010001101101101100001001101001100100101100101011111110010111
111100100011010000001001100001011011100001110011100100101000000111101011101001101110010000011011
001111101000100010100111000111000110000100101001000011100101010110010110100010111110100111100011
111000100111110101011000010111000010001110111100000010010011111010101000101100010000001000010010
011110000000001000101100111101010100000101010110011010011011111100111000000000000011101011111010
100101001000001100110101000010001011101101111001100010010010001001100100110101101011010111111011
000010100101000101100111100110100100101000110111100010100110001110011101100010010000110011010001
110111111000000111110111101001011110100010000010100110111001000000011010000111011011111001011101
001100100000010110101001010100011001111000001101001001101100100010101000010100111001010111100010
101111111010100101010100011100001010110010101100011100111101101001010000110011011000000111000000
101101010100011011011101010011100000000011101010011110111010011000100100000110100001100111001101
001100100010001101011001110100100111010000001111001011001000000011110100110001111010010100100001
110011110110010011110011110111101010011010110111011111011101011110011100100011011001101100110110
101000100000101111100101110010111101010111001111011100010111010000110110010011000011100010110100
001100101101011100001010000101001010011000010010001101000100000001001011001100010100110111111011
011111000110000100000010011101000011111111100101100110100110010110111011110000011101011101011000
110101110100110110111101110000011011010100110001001110001001100010111100011100000101001010010101
110101000111101001111011001010011000000000011101100101110000001001010111110100010000010001011001
110111110010000110010001010111100111010100100101001111000000000011000101100000010100111001011111
100101100101000111111000111110001010101010011001000000011001000000100110110110100110011010111110
000010101110101010101001000010110000010000001101110000101111010010000011100100100101110010000101
110100101011000011101011110010111001100111101100111000000000010000000000001100101101100001110001
000001111000011001011011100000010110011000111010000010010011000010010001000001000010101010100001
001010010011111110011011100100001100100110101111111101001111111010101010011001110001010111010011
101001111001001110111100101000010010110000101101111010011110010111111111101001110111111111010110
010010110010110010100111010101101100001101100111110001001000110110100011100110101001001100001111
111100010010010100000100101001100000111101000101000010111110101001100011011110111110010011100010
101110010110111101101101110001111100010100111110100000101111100101101100100111011111111110101011
110011000001011110100011111111011110000001000111111011100110000100111000100110010100110100001000
000000101000101101000101100010110010000010010100110001000100001000000010011011010000010101110111
110001001001011100010110010000000101011001010001011000001101101000100011110001111001111010111010
111000010000111001001101001101011000010101010001010110110110111001000011111001101011100011110100
111001100010100101011110101100110101001001011101001010000101010001011101101011010110110101010100
010101100100010000010110011101111111101101000110100110010000011100001111010101010111100011100000
010110010100000100001000010101000001000101110001100111010110010100001001000001111111001101000001
101001100111010010111000011101100011101010010000100011110001101011111001111010101110010010101111
001011000000110000100100100101000001101111110111101001100010101010100011111001101100011010100101
011011101000101101100111100110110000011001000010111110000000110001111001101110011110100101111111
110000111011011001110100101010101100001001011001001100010001011111010000110011101010100110100010
110111101011000110011001011000001110111001101111101011001010000011101000011101011000000001110111
000000001000100111011000001010010001000001001101010111101011101000001001101000000101010010011010
111010100101010101010001001111101001101001100101011110111001011101101100101100001010001100111010
101000001000100111111011100100100101011000100011101100010001000111101000000001100101111010010101
111010111100011111000010001010110110010001010000110100111011111111101010010011011000100101100101
001100001100000010011011100111000111010111001001101010100011011001101011010011110000110011111101
100101111110011000001110111101000000100110110011000100001001100100000011110010100010011001110101
111000111001011001011111011110110001101000000000110100101100000010010100001010110101010001111011
100010001100000010100111001100010101100100101001100101111000110110001100000111011111001111000100
010011011111011110001111101100000010011101100110111100100000000101011111010100101001111011110000
111010101100100001000110000000100000001100000000111111101011001010011000110000011110100000011001
001000011100011100010010110100011011001100001000011011111111110011111111111111011010101011110010
101110011110111111101001010101110110101010011001011011100011100111111111111101101010011100010001
101100100001000011001100101010110000100001100000101001010110010101011110001110100100000001111001
101000011101100111101010100001101110111110001000100011111111000001011001000101001101110011010100
010100100110001000101000101111000111001110100100011100010000100101000110000000110011000000000001
001011110110000011111000111000101100010110000100110100000001010111101110001100100000011001000001
100000010010000100101011011101010101011001101010110110000000110000001111110110000000000110000011
111000100111010010110000110101110111111111110111010101101100100010111100111011100110011101001011
000011100011101100100100011001011000110110110100011111101101010111100001011111110000001011111001
101111111110000100000110111011111100010000011101110010100000110000000011001101010100110100111101
010011100001000100011011010111101000000000001011001111010110110110101011110000011101010101111001
111111001111010111100001100000101101010101100100000100011110000101000110010111101111011111101000
110011110100001000010100001100010011001111000111000001010001100111010111111100101111010011111100
000111001101010110100110101001010010101110110001010001010101010110110101010000010100010000111010
001001001011111000111110000111111000101000001110001101100010111010100110101010001110000010000000
111010010010110000111110111011010100101010000011001011101011010010010010101100000011110110001001
100100100100101010011000001000100110011100011111000011111001101101100100100011011010100010101000
000101001101100110000001010000001111101110111001000010100010110010100011111000001000100001101110
010010111001010010001000010001001010110100111010001111000010100111100111101001100100000110001000
110011100001000001010001100010011110001010001000010110101001110011011100001001100010101000011000
001010100010010111101010010101110001001000001000001101000001001010110011100011110000001110011101
011111100011010101111110010010001101001111001000100010000011100100010110100111011010100011101000
010100001001100100100101110110010100010001111001111111111010001111110111101000000000111010101000
100100100011000100000110011111101001010001100000001010011101001101011111010010000000001110101001
000110111011110100001011000011100101110100010011010010110001100101011010100110100010000110000001
101101001100110011110100100001000001001110101000101100110011000100100001111111010001100101000110
011010100010011100110011111110100010010101100001011111001000100000000101001101000110000101101101
110010111101110101101011011111001011010100111100111101101111110111011101111111110000000011111000
001101110101110100010100010011100110100011010100001101000011010010000110110001100010101011111110
000000111000100101011100110010011111010110000100001011101100100001111100011001010011001101010101
001100010111000000100011101010000000101100110100010101111111111101101100010101011111011101010000
110110100100000010100100001111111001010100010100011011010101010110011101101100001100011001110111
111101010101110001110101000011110011011001110101101101100001001111111011100101010001111001010101
101000001010110111011010101110110001100010101101001010101011110001110100101001101101001010100100
111101010011110010000001111000100011111011110110110011101110000010110011101000001110010101100110
110110010111010010011010011000110100001100111010001100101110101000101111011011010011100110011111
000100111010000100100111001000010011010001111001110100110010101101111000100011101001101010111100
001001111000100001001101010100100100101010110100101000111010010111100110001011010000110110011000
010110000000011000101010000010001000110110000101101011111000011100010000010000010010100110001111
000001011111001000101001110110001000100011011000100100010010011110100100011000001000110000011101
110001000000101110101010000010100000111101100001110000111100101011011110010101010001011110011101
000000111010111110010011111101110000110010111001000100000011000100101101011100000101000101101011
000010100001110001000010010111010101010000111100110000010101110000000010001110110000000110001000
111101001001101111101100110000011111111101100100100111101011001101001011011101000101000101111100
010000010011011111110100110111010110001101011110000000110010010001000011011000111011111110011001
011011010000001100110000110110011101001000110001010101100010010111011000111000110100110110010111
101000111000101110011111111101001101101101101000000100111101100000111010101011011111101000001110
011111111010001011010011000110101001011001001110101010011010001010001110111000110000010001101101
010110100011110011111101001000100011011101101100111010011010011010101001100100101000111010011101
000111110001001000111010001000000010100100100100001001100101001111111111101011111001001001000110
110011000110010100100011111101001000000010100100111010000111000110110011001011101110110001001111
101100001111101111100011001010001111010111001010100110110000001001110001010011101101011010010101
011001111011001011001110101110101110011101111101010011111101111011111111001101100100000001111010
001110010011110001100100001100111000111011100111010101100101101111110000110010000010010010111010
100100000111111101101010110111100000000110110100100100001101110011010100111000111110101010010101
000000001101010011100010011000111111011110000110000001100001011100000100011111001100100000101000
010101111110111011001110000010010010110100100101000101111011100101101101111000010010100001111001
010000100001111100001101100110000011110100000000001000001111010111101101011011110101001110010011
010110110101110010000101101011001010110001000011011101001101000001101101011100001110000011010010
010111100111011100011111100011001010011111111100001111000100010010100100001000000110010011010111
101100011101010000000110001100110111111001000000101100011100000110110101000010011101011101001111
101010100100101111110010000001011000111011011010101011101011111010100000111011101111111011101001
110001011010001010001001111110111000010010010001100100100000001110111001111111110010101011101000
001010110011001110111000110110110110100101100010011101100000111010000100100000100100111100000010
101100001000010111100010110100111000100110001001001000010000111110001110001000110010101101011101
011011100011100111001011001010100001001111101110010100101100000010001001100100000001100001010100
011100111110101111101111101100000110001011000101001001011000000100111111010000110011100010100100
110110110111111000101110001010111001100111001100010100001001000101001110111110000100101000011100
111100010010000111010010010101101011010101000101001111111001101001100100010000101010010010111010
010000001001111000100001000110001101000011101000010001111011111101111111010110010100101110111111
001111010101010001001111111100000000110110000110101110010001001001010110000101100010011101101000
110001101001001111100001100100111101110000100110000101000011101111010101001011011111010001011101
111010000010110000011111110111100011010000010111000101010100110101100011001100110110010101001001
011110100111100011101011010011000100000111100000101001100000100010101000111000001001000010110011
101111111010101000101001100000011110100011110000010110100010100010001111110110011101010000010110
011010001100101100110011101100111010111001001011000111000011110101011000011110000000101110011110
110110100001100011100000011000110110000010011110010100011010111001111111100010010101010110101110
011110101000010011110101111110111110001100111001000000001001010010111000101101010000000011011010
010100010011110011000100110010001110011110111110110010101111110101000011110101101010111010000111
010100111011110111001011001010100111000010110100011100101100001100110110011000001111110111010010
100001111001001111001111110010001000010111111000010000101101000000000110111000001111010000001001
110010010011010110111001100111000000110111100001111101101111101111111000101001010011100101000101
001110001110011111000000010101001011000111000000111110001111010101001101000011101110010001010010
000111010011011111001100110100101010011000010110000001000101100110100100110011110101000111111000
110111111110001001110100110100110100001001100101001100011001101010010110111101000100000101000110
010111110101011100010100100100100000011011000011011100000111111001110101111000000001101100100101
100001101110001100101011101010101100000001110111001011011101111001110011000011001000111011000010
000110100100011011011101100001011010111110100010001010111000011000000111001110100101111001101110
001111001011001000010000101110100010010000100011011110100000101111100110011111001111011001011110
010010100101111000000001010100111000000011000100000111000000101010001011110010001110111010100110
010111011100100001000000100100001011100011000100000010000110000110001000101010101111100011000100
100101011111010111010111011000100101111010110010001010101011000010111110010000101100001101101110
111110111000010110010100101001001001100011001110111111011011010011000010111110100110000001101101
100010011110111011011111100101010110000010000010010001111110100000110010001100011001011010011110
000111100011011110011100001000010010111011001101110010011011001010110000111101000110000001111000
011010001111111010100110101011111000001101010000010000011011001011100100010001000100111000110101
100101011010111110111001010010010111101111010001101010110000110011010001100000101011001101110110
011110100000101010101101001101100010110001110001111101010100001110001101011001010110100011100010
010111010111101001101110110011101110010100010101110000100000101111110000010111100011100001101010
101110000100010110010111011100000101010011110010010011001110110001110010111010001010100010010100
001011011100100000110100000100011010110011000011101101100111111110110111010011100111001001110000
000110010010001110111101001100111111110100000111011110010110111010011011100001111001010110111011
010100000110111101000111011010110110010010110010001111010100111110100000111000100100101010010101
010011010110111000101000000111111100111101111100111111100101011001111011011011100001100001111111
011011111110000010110101010010101001011010111100010101101100010110111001000100010000110101100010
000010100100111001111101100000110000010111001001111100100011000000011111010101111100010110100010
110000011111101110011100110001100110000000001101101100001001000110110110011001110101101101010100
100011001001000011001010001110101100101001110010101100011111110010101000010111100000100110101100
101101111010101010111111111000010011110000101110011010010000011000000101100001010010101010111010
010100001111010011111011111111101000111101101011001111111010000011001011100011110110110010100010
111001111000001100110111111000001110111110100011010010111011010010011000010110101111001110001110
101100010110000100011110000100001110010010110010111111101010001011000110011111001010011000101110
001010000110011000010010101000111011110110111100011010011100110111001101010000100111000110101001
101100010110101010101100110001110011000000000110011000101000100000001101110101011111101100011011
000100111100101111110010000110110011000001011101000010111100110110110100001110101010111000011111
101100011010110010101101101001001011011110010110010101110100100110111001101110110110000111000011
111101001110001001001110111100001001011110011001001001010011111010101010001111010001011011001100
100000011111101001111010010010101111101000011110010100000110001100000011010111001001010001111000
100110101111111011010001110000110011000110011111100100100111101100000000001101011111101010011111
000110001100001010100110111001111110100110010100101101110000010010011001010110000010110100011110
111010111101100011100101011010001101111001011100000101001111011011101110101111000111100110000100
010101100110111001011010110001111101000101011110000001000000101110111101001011001011111111100110
000010010110110011011010010101111100001010011000111111011011001100110010110000110110110100010101
001011101001110111000000010000101100011101110110011000100111010101110010010011000000110001111111
100100011000001111110101000011010100010000000100100100111010111001011100011000111111100001010110
000001110101011110100110000000011100101111110000001101010011000001010110111101000011000000001111
000101100100110001011101000000110000111100010101001000010110011111110100110010110100101011000111
101010101010000001100001110001001101001001111110101111100001110100101110101000110101111011011011
111110100101100010011110101101110110011010001011001110000111001100110101001010111111100111001011
110111111100001100011110101110101110111011011101111111111110010010000110010100101001001100101110
011000111000100010001001000110011100110000010000101110010010101101011110001000101111000001011111
100010101000010000010110011010000101010010100000000011111100011000000000011010101111010000010110
000011111010000001010010010100100101101001100000001111111101010110100010010100101100110010000000
111000010111111000101111010001011001000100011110001101011000101010111000010000011010010000110000
110110100111011011010110001010101001001000111100000100110111100110000101111101000101111010110011
000101110010000011100001110101101011010101101110101000110101110001001111111000101111110000001100
011111011100101001010000001100101000011111110101101111000101010010111111100010001010010000100001
010111010101010001100000101000110010100001011111100000111101111110001110000000011110000000011100
110111011001000010111000001101001000010000110011000010000110101001011011011100010011010011001101
000011111000110001111101000101100100111011111101110001001101001010111001011100001000010110110000
010010110011110101101111111110100111111011011101111101001110010010000101010001000101101000100001
111000110000010100110001011100111000101101010101011011010110110010111111011110001100001001000011
000001111111111111000101010110111100101001010011011101110100010011101000011101001111110100001100
111000101111011110001111110110111000110111100000111100100000001000100000011100101110111010000110
111011101111100110100001010011001001100111000100100101100010110010101000001010001010111100110001
011011100110101000110010100001001011010110111011110111111010001010100011100011000001111011010001
110000111100101010000011011011111010100111110110011100101111001100110001100111110010011011101101
011001000010001101001111110001110100001001100001001001101010001000111100000011101001100010111011
001001100110011011011111100000000100011001111111101100011101001001100001101110001100101100000000
110100010100101110001010001000001100110100010001011011100110001000111010010001001011110111001001
100011011010000101101010110101010110101110111101111011111111000001000110011101101111111111001001
010000100010101100101011010110011111000100111011110001101010011111101001000111110111000101110110
110101011111000101000100111000000001110111001011000011000101111010101010001111110010011011101000
010010011110011011000100100101101001011010001101100001010100101000111010011100100111000111111000
011001111101100100101110001010110111010100011000010011000110000011100111001111110011100101101111
001101000111000011100100101001011101000011010000000000100101110011010011100110001001101110110110
111000001101110010001101010011011011100100011010010010011111000000000101100001010110001110001111
000101111001100000110101010111000011001100110000011010010110111100011010101101010100001111111010
011100000101000001010001100100000000001110111100101000010010101111111100001101100100010001000000
000111111101010001100101101001110101010111000001000100110110011111110111110111101101000010110000
001110010011101110101011001001101110101000011011101110110100100000000001000101101100111010000101
001011100110000000111001001000111101101010111110110100100001000011110110110111001100100110010010
110110101000001000011100110111101010010000010010011001000100001010100011001100110111110011001110
101111100001110011101110101111110001110011101110010111011110010110111011011010010111100010011000
010101000110101011011010111101110011110100010110111000101000101100101110011111110010001111000001
011000100000111010111011101100111100101010111100110101000000010101001111011110110010100101011111
011001101110010000000001101010111110110000001000110000010000011001100000100100010011100001100101
001101011000111110000010101000111001011101010101101011100101011101111110111110111010010100101111
111010010000010100000011010011111101110001011000111011000000001100111111111001111001011001011010
011101010100100110010110001010011110001111100111100001100001110101101110111110110000000101000111
011110010100111100100000011100000110100011010101010111010000011110111101000101011011100100100111
000011100101101010011010001010100001011110000001101011110110110111011100000110010111101111101001
101110111001000110110000110011100011100110000111111100001100110001001010101010011011011111010111
101111001011000101101100111100001000010100101010011011010010100101000000110011110001101111111110
101000001000001110100001110010011100010000110110011010011011001111110100001100000101110000101100
000010111000001000001000000110100101000101000111010110001001101011001110101001110001010011000001
001001100101110000110111001010100111110011011010001110001001010111000000100110011111010110001011
110001000011010000000001111011110101011011101000011011000100111010110010001001001100100011110100
100100110101001001010010011011001011111100101000011111100001001111011111011001001110001100100111
111111100011100111101011101010110101001100010001011110010110111100100001110101101001010100101100
001101010111100100111001110110110000111000010110010110100101010001101000001111100100101110100000
000101101101001001001001100111101001000011001101101101000001011110111011001000000101100100001100
111101101001100011111111010101100010010000001010010111000101000101111011100001110001110011001111
101100110100011101111111010111110001011111010010101100100101000010111001110101110110010110001010
010101000000111010010111100000010110101101001001001100011100100011011001101111110101111101000000
111101000000110111101000010001000111110011111101110000000111011011111011110111000001110111101100
100001001011100111000100111011000110001110100010100010111101010110100001111010001000110101111010
010001000100001010100111101000100010101111101011110000100111011011000101001001110010101110000111
110110001110100011001010111011010001111000010010100001001001010000000101101110100111100110001110
101000110111101000000111001110011101111000100001001011011001100010101011001001010111000110001111
111010101101111010011010101111101101100101001111110111110101001100101101101010011100110000110100
100111001001000011110000101000100000101000000001001100011011011100101111010111110010100101011010
110100000100110100111110011110101101000110110000101001010011100001110000000100001000111010101010
011000100001110111000001011001100111101000010101111010101001010001101101111011101111111010000010
010111101001011100011100001010111100100110110000011100000111000100001110111101101010111000101111
111111010010000000100000010110011101100011010100000110101100100010011100100010011001011010111101
010100101010010111000010110110110100011001000010011010111110001100010000110101010010110110011100
000101101101111011111001011000100001111011110110010011110000111011000001000100000011000110011111
110110011101011101011100110110011101111100001110010011001100001000100011110011001111110000111100
111111000011010101110100010000111101001000010101011100000011100110000100010001100100111010001100
000111011100110011001001010100011011110101110100100101010001110000111000010001111011011100010001
101111000000111110100001101011111000101001101100100010111001100011101001010100101010100111100101
100110010110111101101010101011110000011001001100111011011101000011101000001010001001110101101111
111111101011110111001110111110111010110011001001111110000001110001000101000100101101101010000001
101011110001100011001111110100011010000001111110001111100100000110101011100111011110110101011011
011100100010001001111001111111111101010000011011111111100001110010011101110111001010111010101001
101001010011001100111100011111100111000100111011011011110110101100111011100000011000111101100001
111001001010011000011001010000000001100001000100110011001110000010101100000000000000111001000011
010011010010001001010111100111011000011010000111000110111110000100010110101000101111001011100111
001000010000110001011011111011110100001011101101110011001010001000110100010100100101001100011101
011000011100011100110001110111001011011101010100110011011010100001000011100111011010100010111111
111111010011000101100110100000111111101010110000011010010100110100111100010111001110010111110100
101001001101010010001001111010000001000110011101110101010010111011011111000011110100011001110011
001000000111111100100100000010100100000001010111100011011110110111000100000011000111110110010000
011101000010100111111100111110011010100001110100001101111111011000011100000011011011010001010111
011101101101111010000100110000000100110011100101011010100100010100010011010111111100011110101100
110100100011001111100101001000110100101001000100110101111000100111010111011011001001010011010000
101110111011101010011111001100100010110100010011111010011101011110011001011000111100001101000010
011011100110001101100101000111110011101111101011100001001010011011001110111001011110100101110010
010100101111101110110101100110011111010011100010001000101011010100000001010010001100101001101011
001101100111101111100011110000011011111110101110101101001011000001110010000100110000111001001101
011000111101011101100100101000110110100011010100001001000110101010110010000100100011011001001010
100101010111001001101001001100110110110111111000100110011101000111100010010011000110110111111000
010100110010101000011000001000001000100110001010010011111101101000110110010011100001101101101101
001111000111000010011001111000100000101101100011101011101000010101111111000000100010001110110001
011011011000101011101000110011110010111011111110110100011100011111100101100110110111000000111000
001010000001101000011000010100101011001011100111111010000000101101010111100010010100110111001101
111100110100010000100001101011000010111101011100001010010110100110000011101000011100011000110110
101110110010101000110001001000110001011001000001010010101101010111111010000001111000100111110000
110001011001110000100110001110011010111111000110101000010111100000111000111101000010000111100100
000110110000010110111101111100110110000011100001101100011010000101111000101011001010111101110001
100011111101110111110001101001111111001101101000011011011100101111001111111101000001110110101011
011000000110111010111110001001111000110000010010000100000111110010011011001100010111011001011001
000100010001011111100011001000001001011100000001111100101111001000110101110111100100101001111001
110010010111000101110110110011110001111010101101001010001001100110000100010100010101100100111111
110101001010110001111001010000010100001101111111010100001101001011001001111111000100001000010100
101010100111110000111110110100101010010010100110100000000001110111101011110000111000100000111001
011011011110000010010100101101000000110010101111101110101110111100110110111010010001011010100011
111111011110101101100110110001100100000100100110001101100110000011101010001011010011011010011110
010011101010101110000101111110100001111011100010111011011111010100010100110010100001101100011110
100110001011101111000101110101100010110100011000110001111011010011101000111110010010110111100001
110000010011001001101111100110001000001000000010111000110100010110011110001011001100010111000100
011111010101001101001110100110101001011000011011101011001011110011111001001001001100100100011001
101110101011110111101100011101010001100010000011010011110010001000011111010100001000001110010111
001111010101010000110011101001110110000011010010111001011000100011111111101000111111111001011100
011001100100000001101100000011110101101001111010001111100101010111101101111011000000111000001001
101110011100001110010000100100001010110010011101011011001101111000010001000100110000000101000110
101110110110001011011111000011001110000101010111110010111111001111100100010100110001100111110111
000111000001010010000101110111000111011011111011011011011110001100011101111101001100110110011111
101001011101111110011001110000011000000101000011010101011000110100110101010100101011101110110101
110100100011011001100100010100111011100010111111100000111001011110001110100010101001110110111010
111111111101001010100101010000101001000110000111001010011011011011011010100110111011011110010011
111101001101011101000010110011001000111111000111100010100010111110100100110001000010000001101011
010000000010110011000101101000001011101001111110000111110110100000111111000101101100011100101100
001101011101110110001011101100000000110000010111011010001110000000110101101011101010000010000001
010100100111000100110111111011100110010001110010101101101110011011101000110110111101001110011110
000100010101101011010101101110101100010110100011111110110101000010011010000110100010011101001101
010110100000111111011101000111011101001100100110110100010000001110100110101000111101110011110100
111000110101000100010100011010001001101011010110010011100101100100011001101010000100000100011001
110101101101000000110111100111001101101000111000001000000000110110111100010010010011010101010111
110101011100011101010010001011110101100111000100110101010100101011111101111000010110011111010110
110100000111010001110000110001100111100111111111000101010001100000111110010111010100000001000101
101110011001001011111111011000100010001010001000010111101110010011100000111110101101000000011011
111011110001001111110010011111001101100010101000001011110010111011100111101110001100011111100000
110010100110001001000001100010000011011010101111110010001101010010110000101011000001101001000000
111111111101010100010011101110110100111110100010111111101010101100111010001001010111101000000001
011001100110101111000011001000010010111001101101100100110101110010001010001111011010110100000110
101100000101000001011111001100101100100011101100001101001111111010111101110110110010110100101001
010011011001100010001000101001001110010110111011110101110101111001101000110100011000100111100111
110101011010001101010111001011001101010000110011111000101110001011000100010111011000100010100010
110100111111000100000010101001011000011111110011111000111100001001111011000110000001100101110111
010100110110110110100011010010110101101101011110110000111001101001110011000000110000000100101100
101010001111001110010110010100010100001010001110000101010011100100010011100101011110110011100100
100110011001000101001011110111010000001001110010011101110001111101000110011110000110111110101101
010101111100100000011010110100101100100001000100010110010011101001110100000011000011100101110110
000001110100100101010100011111110100010001100101100111111000000010101100110000010011001011110110
001111111101010001101100101010010000111001110101110001100011011110001100010001101101011101010110
110100100000111000000011000001011101111011010000000011000010111100100101110000010001011111110101
101010101100111011100010100011101010101110101001010011010000101010101101110111100110000110110100
101100010000111001101100111010111111101110110010101010000011110000110110010010101001000001011010
001110101011111010001011110011111010001100111111111001100110010100000101101100111111001011101000
011010100110001010100101000010101111110010001001111101100101001100011011100000011011011110001010
000111100000001001101000011011100011111110011011000001001001010110001011111000011110010010011010
000011110011110101111010000000100100000010111100001111111011100011111000111101110011000011100000
110111001110000110000011100010101100010110100011101100100101000000011010011100110110110001100000
100000100111001000101001111011111011011111010000111000101100110111010001011100000101101010111011
001101001011100100111000010100100010001110110101000110010011111010000001011010100101101011111110
010011111010001001001101101100010110110011010010000101111011100011111001000110101000001100010000
110101000000001110111001110010110100010011100011110110000101111001000100111111000101101010100100
010111011101001101111100011100100101001001100111011110111110000100101000010010100111001010100001
010110010010001001110010011001011001010100010010001111011001000011011101101000110100100010100000
110110100110011000010010110100111111110000011011110111010000001000100101100101110010100000011101
010001011011000111001010010000110111101110101000110101110001100101100100000000111000111010010101
110100101101001011000001001110011000001111100100011000100010010111011011010101001001100000110101
011110011110010101101111011100011010001101011000010001101100001101100010110000011100000000001001
010001011010000001100111010001100001001111101100000111001001001111111110110111100101101110010110
010110000110011000110010000110001010101010010011100000100011111001100010000010011011101111110100
000111011011100111110110011110011111010100011000100000001010111110111010100110011010101101000000
110111010101011010100111001010011100001011011110110010111001001110001100111011101000000111101101
111011001011101101111111001111110100110001101010101100100111111011001001010000110101111011001100
000000001101101100110101001010100011100001100000100011000100001101011001001000111100100100110010
001111001000011000101010110111101101110000101001010011010000000111001011100100111001110100011011
010011111000101000010111100110001111000100110110100110111110010111000010111000011001000111110011
100101001011111001111100010011011010101111101101110010010010110001110110110011011001011110000011
000011011101101111110101001110100111100000000000001110000110110001010011111001100001011110011011
000111000101001111010101011111011011000100001000111110000010111111111001101000110011000011000000
011100111111001101011011100000101011111100110001101101111101110110000001110111010010100000011101
000100100101100100100000111010001101001101111111000010010000100001111101000000010000001101110001
010010111100100101010110010101010010100110111000000110011111100010100101010001000111111111111001
010000100011010010110011101101000101001110110110101101111010000101000000011111010101000011010100
111101010111111011101010101001011000110100110100101110101000010001010011000111111010001011111101
110011110010100000111110101101110110010000110010000110101001101100010001011011010100010010100110
101001100010011000010001100001010011101001000010000010010001111100011000000110111111100101001110
111010110110100110101000010011110111010111000011111001000101000100001111010001101001101001111010
110011100000001101100010001110000000000001000011111111101011110101000101100111010101100010000100
110011111011110011011010011101000011111010111100000101000110000011010110110111000101101000010010
011111101011000100010011001100010010000000110100110001111101101010110011010011011111100111010001
111000100100110000101100010001001000111010101100000111100010001001110000110011001111111010101000
111110011110111011101000010000100000101111100110110111011100001000011000101100010011111001101000
010011010001011010101001111001110100101000111000110110100000100101011100101110111011011111001010
101010010100111000110101110101110101111010010110100011001110100010110111101001100111100111101110
011111000001111000000000111110011110100011100111011100001010011101000001011000001001110000111010
000101110001100010101111010001100010100000001100101110010111100110001011011001110001000111010010
010011000100011010110001001011111000000011100100011101111110110011110110110000011011100101001011
010100001011100010010111010111001110101001110000011001001111101101110110100100100101110110111010
001100011100011111010000001000101111110001110011100010110011010111000110111011100111110110011110
011010101110110100010110011001011101000001011011001111111001110011010011101101101100000010111000
010001000001010111010111100111011010100110010001000010110010111010011010101000111101110110000001
010011101101000111000001010100001111011000000001111111110000101101110011111101100100111000101000
011100011111110100111001101001111001101111100101010111101011100000001101001000011100001111010111
010111001110110101000101000001000101100011101101100000001010000110100011111111010110110000011111
100101010011000110111100101011000100110011110101110000011111010011011110100011010101000010001111
011110001100000111110110000100010110110001010111011011111000010000000011101100010000011101011101
010101011010010010000011111111001110101001111111000111111010100010001111000010111110100001101011
000010011011101011111111101110011101101011011100100100101010110100101100011111100111001011000001
011000011101011010101000001001000011111101111100111000100010001111011010111101101000011100101100
000001101011100000111101011110100010011011010010110100100110010100000100101010000000111000110000
101101111001010011100111111111101011011011001100011101101011001111101110100101101110000110000100
110001100001000001001000100011101001010101001110011110100100100001100001001010011001111111111010
000101100110101011101111000001000011001000110000110101001100000110110110110011111001001110011000
010000010111000111100100101001000110011001011000111101101000111010011101101001000000101010100101
111101110101000100101100000101110100110111000011101101011010101100101110001110111011101011011101
101111110010110000110000000111000100110001111011110111001100111101010100111101001110011010101000
101110011110101101101011101101011111000011110111011100110111000101101001001001101101010100101111
111111011000010111001000110101100111110001110100001000100001111000001100111110011100011011001011
000001101011010101001011100010110011000010100101001110010011000100010000010001110010010010000001
100101001000111011100001111011110011100111101100001110111111001011110110100110011000100110101101
100011110000001000111010111111101111010001100101001101110011000001101100100000101011111001110110
111001100101100100111000111110101010010110001110101111110011110111100110101001110101001111000111
000001001011101101111011101000100101001011010010000011101001000010010111000100110010010011111100
111111110010001111101101011110100100011100011010011010110100111000110111100100000010000100100100
001110000010000000000011110100101100110000110011101010110111111101010101011110111110111111110100
011000010101000110001011110010100110000010001001001011111100110111111101000111010100011010110011
011111110110000111000010011010010110010000100010100111101011010001100001010010100101011011000100
111100010110011111000000010001111001110111110011010111110100000100101000011001111000100110101011
001001010110011000110111001001010101010101010101001011001010101010101001011000010101001100111010
001001001000011010110100000011010011101001111001111011000101001111110001110100010100111001010100
110110110110101100100001101000101110001001101010011011011100001100011011011010010111100000011010
110011111011111100100001000000101010101110001000100100010001111010101111110000010011111101011011
100010011001001011110011001011000010010001110100111011111000011110011010101101001011001000001001
000011010000101100101100100010011100100000100001011110100110110001100110100100001101101011110000
111001100000101111101011001000101101101101111011110110000100011111101110001101000111000111100001
100101111011111010100100101100010011000101010111100001101110000101000111101110101011000011100010
101001000100011101001101011000100011101101000011100011101111001010010111111110110101001010001000
010101111010011110100100011011101000110000011101000010000110100010100100110001001001110011101001
001111101111110110110000001001011100011010010011110111100011101001011011101001100001010011100110
010100111011010101101111001001001110100111110000100001001100101011011001011110001011111010110001
111100001010101010000000011001110111011110110101100110111111110111000111010110001010000101011010
100010100111000101100001101110010110111100001011000100011010010101110101101000101011010001000000
011100010001010101101010111000111011000100011101110001111111100111011001011011101010111111001111
000111101101111010110100111000001010000110111001011111011011000101011110010001010000001001011100
000000111001001110011111011110111101010110011101100011100111010101001110101101100100001110011001
010001111100101110011100011111100111101111110011011000010100110110000100110000111100000110000101
001111110010111110101010111001110101000111110110111111100101101010001011110000000000000011010011
011110011010110111101001110110111000001100111101010010000011011000000011111100111110011000101110
000101000011100000011001011011001001100010000101111000111001111101110111100010111001101101101010
100111110111100001110000100001010000001110101010010101101011000010011010110000010110011000010010
101011100111111110101110000101101100010101011101101001010111011010100111000110011000000100010110
011101100111110111011111011100110100100011000100011010101010100101011101011111111111101011110110
101100010110110101101101001011101001111011001110011001100101101110111101110111010011010111010001
111110101001001000010010101001001101001000001000100100101110001100010100001011000010101111011111
100010010000000111001111101111000010111101000010001010110111001101111110001000111000100000011100
100011101000100000011101001011010010111011011100100011111001111001010010000000110011100100000000
001111100101101011111100010010000111101100001110000111101010110100000110000001101101001110011010
101000111110001101010000111011110010101100011011100011010011001101110011010110111011111011000001
100010110110111000101011101001100011010101001110110000000010001111011100011101101111110001110011
010001100100010011101000001110111000001010000110000011110111101010001111010100010111111101101011
011011000100101000011100110001110111111110111100011101110110000010000011111010001000001110000011
001010100111110110011001100101001001010000101011000100001110110001001001111001100001110010000010
101110100100110101011100001001100101010010111110011010101110100101101001110111001001000011001100
010110000000111100110011111101111100100101001000001101011011110010111101101101101111011000001110
000010010000100111111100100100100010000111001010010111101100011011100101101101111101011001001111
101101110011110110101001011011011001001110001000001011010100011111000100101101101000110001111101
011000101100010000100100011111011110001001011110011101011110010110010110110000011001001011010101
100001001001001010100010100101101001111100101111111000101010011110101110011110001110010000110110
100001011110100010101010000001000011000110111110111001101000100110110011011000100000110011011010
011010110010111111110101100110011000101010100111101011100001001010110010100100110100101111001110
100101100110001111011010000110101000001110010001011000110011011000110000011111101010101010000010
100000101110100000011100100110011001011010001111101100001010110111010000000100100000101010010000
101101101011111010111111011100100001101101100100000101101010101011110111011110110110111011000110
100111101110011011111010110110100000101001110111110111101000011100111000011101111111111111111011
111011110000000111011010011010000100111100011010110010011011101111010101001110010000111011000001
100000010000111010101010001100110110001100000010010000010100111101101101011100100000011111000100
111100100011001001111100100100100110000001010000011100011011110110001110001111011111000011000010
111111101001011101101111100000010010010001100100000000111010011000011001101011101111100101110101
001000011110000110101000111001010110110101110101011001000101010010111110000110100000111010010010
110010111011110110011110101001000100101111011001001101011000010000110101101001010011110000101111
011010110100101101010101000100000010101100000101110000101101111010001000010101101110001100001000
011001001010000101100111001111101100110100001101000110101100100111010101000000001101001010101101
011100100011000010010101001111010001110011101000010101111011110100001001001111011110000011010111
010011010010100101100111010110010001011010111000011100010101000101101001011100010000101110000101
101000010001000110110000100010000100000101000001000001010111011101000001110100010001110101010100
101010100011101001001001101111011110101010101001110011000010100011110000111010011110011101101001
000100110111110110000001110001101011100010110010000110011010110110111010101110110110110110001010
000001001010100011000100101011011110000100101010000101101011101101000101010000011010101110110110
011011001010101001100000000010001011110100010100110001100000001000100011111100010100110100110110
101101011000100101100001100101101111110100011010010001000000110110001000101110100010110010000111
001110010010010111000001011111100110111000111101000111111110100010011110111010110001111110011111
111000011001001011111010111100100101110000110100100010000100011101111001111110011001100100011000
001111111010111001100101110110001001011110101101110111110000110100011110000000001001111000010000
011000000111101001000101000001111010110110111111011111000010011011101110001001111111010000000100
010011111000010110110110111111010011100101011010000111101101110111101101101100100101100000000010
000001001101000101010010001111101000110001001111100110101111000010101111110110110111010000000100
000010111110001111001111010011110001001110001011101101110100010000101101011010110100010001011001
100001100111001101101100100101010111001100110110001101110100000000101100000100101011011011001001
010100010101100000110010100101110011010010110011110111011000001100000100101111100010011110010111
111011011001011101101001010110101110010111010111010001010101110011001100101110111000110001111100
101011000111001111110001101110101001101010110010010110111000011110001110111000101001110011100110
111110011111010010000001010011110010101010110111001011111010110010100100101011111100110011011010
010110101110001110011011110010110010101010100000000010000011011101001011101110010101001101001110
111000111010110110010011011111100000110111110111100000101110111011110011001011000110011010011001
000000001110111000101100010110111010100100010011110111111011101110101100101001101101111101001101
111111010100001111101000000110001101101100001000011001100010000010111111101100011111111001110010
101111100111010100010011111010110000100000111010000001001111000110000010110000110101110100110001
111010000011001010010111000111110111111101011001001011110001010000110011010111111000111011111100
010010001111010110110111011101110001100100001110111100001011011011011101000000101000010111100011
010100101011011111001001101100100110001101111101000101110001100011011010011011110111011101001001
111011011010101010010011110011111110001010111010010010101010101000110011110111101000011000110011
100110100111010010101010001011110010111111101001011011000000110010111000110111100110000010011010
101100111000011110001010110011110110110000001000011011011111010000111001111011010000011010100010
110100110010111111011101101100001010000010000011001100100010010010111011011111100001111100001011
010010001000000101001010011110100101101010111100100111001000111000111001111100111000000001101101
110010100001001001010010101111100101100111011000001010101001000111100000111111010111001100001010
100011101100001101010010010010100001101011010100100100010000111000101001000010001111000111100010
101110011000001000100001111001010011111010000001001000111111100010101100011000000101000001110111
101100011110011011011101001101100101100010100100001100110001111001111111101110011010101111000011
000000001100111010010111001111010100011011000010011110011010101011100101001001111100001101101011
001111101100110110110010110111111111000000100101101100000100010010110000011000000000100000100100
111101111000101101010100110010000100110011110111110101110010001010100000001100011111111110101000
010010001101101010010011110010111000110111001101010101001000111110100111010111101010001100011011
000001101000001110001111110001010000000010011001001100000000110001010110101011100001010100101011
111110100011100111010010111001000010001101000000001100011010101100010110010001010000110111001110
100011010110110101011111111010101000110000110110000111011011111100001111010110010100001100011000
110010110100111111101101001011000111111001110110001111110100100101010010000011110011110011110101
111010111111010101010010110101001111001000011101101010100111011100000001100100001101011001100100
101011101010011110001000011010100010100010001010001101000010111100110101011111101010001010111001
111011101011111010101101101100101010000011110000000111010100011010111111111100010011111111001101
110011100000110011010111011111000001100111110010001011100000011100110000111000100010101111100110
110010111011100000000010010011011000000000000110010001101110001111000011000110000010000110000100
100100111000100110100110010000111010000011010110110100111000110010011110001111000110111101011000
111001101110100111011000000111110100010010100010101001111010010011001111100100000100100101000010
110100100010100111110101111110011001100011100001111010110000011000100111111111001100011111111001
101100010111101100111001010110010011010000110010111011100100001000011001011100111100001011100110
011111011010000101110011101110001101110000010001000010111110100010001001100100011110010101111110
011100111001111111100111000001111111010010101110011100000001001001010000100010101000001101110101
100000001001110110110100100101101011011010000111011101111111001100110101010010101111110111100100
110010110111100000111000011111001110101110010010111110111001010011010101110000110001010111111101
001111010101000110000010000110101100000000100101100101111111110011010110111101001111100000111111
111011100000110011010001010000001010000111000110001100110110110010100101110101010000011101000100
100101111001000010100101100000011000010111111100011111000110011110110101010001001110011110011001
000010101111011111100101000111111111000111000100100011110001001111001101011101101100111011010101
100001100100000001010000111000100100100110010010001001011000000100010101010101000010010101100111
011101100010000101000010111100100010101111001110100010101010010100001000100101101010100000000011
100001101011011011001101000100111000001110100100110001101010011011011100101010111001110111000000
000100101001001000011111011100010100110100110000000000011010001000100111101001111010011010001011
111001010011110011100010000110111001110110100001011001100100000010011011110110100111111101001000
110100010010010101101000101011111101101010110010101101001001100001100000011111100101101101000100
011111110101000000100110100010010001110011000001000001111111010111101011101000011000111011101100
110110000111010100010010001000000100000001101110101000110011011010111011010110011001100111000001
001110010100101000001000111110000101100110010010110011101100011111111110010101101001110111010100
100000010010000100010010101100011001010101110011110001001001100001111110011110110110110110011000
110000010110111011110011001011110001110010111011010100101111110101011100000110111111110100111111
101011010001011101010000111111111111000100000110110110110100101001000001000010110011010000011001
001000011101001011100011011110010001100001101101000001100101011001001000001100110101110001000001
111001010000000111000110101101011101100111110110001011010001110110111001010110001111001111000101
100010110111011000011001000010111001100010001010101100000110111000100110101000000100101110010101
000100010001101100011010101000001001110101101110101010110101101010100100100001010001100110100010
101110001111000000111100110111101111111111101001101110111111000000001011000001101100000010000001
001100100010100001011011000011000010001011001011011110111101000110010011111111011000100110111011
110001000100001000110000111010110001101001111110111110001000100110100110011011011011110100010101
001110011010010111010001011010111000000100111011111000100001010010100010000100011001101101111100
010001000011110010110111011010010111111100011101001111101010001000110000111011110101101111100011
001010011010010111001100001111100100100100011111000101101101011101001000000111100011001011011010
010001100100101101011000011011111000011100111000010111001111100111011101001011101111001101010010
011101001100000100000111110010100001110000010001111010001111110000110110010111110111111111101001
010101000101111100101010010000000101101101001000010010000110111110100011110001110110010100010010
000100110001010000100111010101011101000111000110001110000110111001100001011010101001011001001011
100001001111100010000000100110100000001010010110100000001111111010000110010100100101100011101001
000000110001000001010111101011001010010101101011100100111000101111111001011100001011101100101010
000100110101101000011010001011111100011101010000100010001001001011000111110001101010100110001110
111110010000000001011111010110001100000001100110101110011000101110100110100101001011011000011110
110110100101001010011011000011111011011101011010010010011110111101101010011011100111011100011100
110100100110010000010000100111011001100111101010001101111101011001010001100000101111100011000010
001001011010001111001111000001100101000111001110110001011111011000110001101110110101101010110111
111000011111000011111011100110110111011111110001011100101011111101101000110100011111001001110100
001010110000000101100000001010001000010100111011010010011001011101011111100110010101001101111000
010100001011100010000101111111010100100000001101110111111001011000101001000011110000001110000001
100000111000011001001111001011011011001001110011011101001001010101110000000011011101011110100000
000000110101001000110001110001011110011011010000101001010100001001000101111001111010011011001001
100101010101000101100100001101101000001111110010110000111000101001100011100101011001011111111101
011111001000010110100010111111011100110110110110110101110100011111001010011100000110110101000111
010001110000001000011100010100011000110111000111011111010001101000110110000001111110100011000000
001111101110101001111110100111001010001010111010010000111110010110100101101100101010011110011001
000011101111010011001110000001110111001111101010101000101110110010111010000111111101111010111101
001000100111001010101000111010111011001001110010000100001100101100111101100111101000010100100101
011011000011001001111011110011110001111001111000001000111110111010100011100111111010000100000000
110001100010110010111101110000101110010011111001000010000001101110101010110000110100001110010010
010011101100011100011110011110111110111110001101111010011011110010101111101100010010111110011010
100000101001000110111011001001010011111111110010111011001000011110111000101111010100011101101000
111001101011001111100111111001100001101110010100010111000111101000101001100000010111011010100000
000010001010110100110000111011001110111011111111010111110000110101111101110101101111111000100011
110001010111110011111011111000101100101000000001110110110111001011100111101100111010011100010100
001101100110011110110111101011001011000000110001011101001100110010001100100011000010000101100000
011010111100010010110001001111100000110110101010110101011001001010001111111001101101011111010000
001001101000011101101011110000111010001100011000010110101101100100110001011100110011111000110100
001001110110101000110110000000111010010010001110011101111001000101011111001111111111010110010010
000010000000011101111001111001110010111101111110100110011000110101011001100010011011010011010000
001111001110110110100101001010101001101010100111101001110010111010100011011011011000111001110000
110100001110010010101011110011001110111000110011101110010110011001100101011110101010100000111100
010100110100010010100100111110101011110100100001000010111111101000100010100101100011101111011000
110011011010100110101000010010001111010100011001001010110100011011100011110110111111011011100110
110111100000110010010000101100001010110010000000000010011110010101011000110110110110010011101110
110011101010111010000111011010110100101100100010110111100000011100100111011101100100110101010010
001110010011110011100100100111001101010000001010001011111100111001101011011111010111001100001011
111111000111011101000111011100100110100000101111001000001010111010010010001011110111011100000111
100010000111011101111000011011001001001100101000100010101000100100011110110101010111100011010100
011100110000011110111000101000101001000111010011100001101111010111010001101011110110011100110010
010001110001111101101110010000001110000110001111000001100001111001011111111010001010000000011000
101100111101110111000000101000101101101111010000100111011001010011100010000110001111100111010000
001111000001011011111010100001111110010101011100111100110011011111011100001110011110101111101100
110100111100010000011000101100000111010011001000010111000100001011100110001011000001111010110011
111110111101010101011110110111101011111100100011110010000100100010111011001101001111110101001100
110101101011001110001100110011010001110101110101011000000011011000000011101011110101100011111010
111000011011001101101000000010010001010001011110110000000010011010000100011000011110001111010001
110000001101011111110011010000001111001001001000100010011110011010010100111001000101110000001111
000010101001011110010110110111010001110110010111000010110111101000000100100010000111011000000111
000010100101011100010111110000010110011111000100110110000110001110010000110110101110110111101110
111111110011001111111110000001000110010101101001001100010000001010111101110010010001001000100101
100111111100101111000000111000001110110001001011010000110110100001000101000000010101100110001101
011000011111010011110101100001010000010111110010101100010001100010100010101110111101010110110001
010100111100000001011111011100001101111010001001111111011010001001010100111100101000001000011101
110110100001111110010100011001001101011110010000101110011100011110110000011001110101001111101100
000111010111110000011101001010101100010010010101011111110101011101100000010111101110011011000101
100111111001000110101110101001111100001101001110111101110011000100000011101010101011011000011000
100011101010101001101111000010001000110101100001011110010111000110001011000100000000001110110010
010110001110111100010011010000101110111011110110011110100100101011001001100110110100000010100011
111100010100001101110010100000100100101000110100100010100110100010000001101111011000010111001110
000100100000101110011001010000111001110101101111101101001000001010110000000110100001100110100111
111111111111000010000111011011001001001111000110010000000011100110101000010100011010110001110011
101101111010111101111110000101111001010111001111111111110110100001010011001100100111101110110000
111101111010111001011001011110110000001111000000111011011101011011000011011111110111111110100011
111101100000101010001011011111001001011000110100101111110101010111010001101001011100000110100100
011110001111011100101000111000011110101001000111011111111100010000000100000100001100110111100101
011101110010000110011001011100100011011011001100000110010110000000010011001100001100000101110110
110100000100011100001101010110111001011100010111000001001000101101111110110010101111011000011111
001101011101000111010010111111100101010111011101101111000101010011111010110010110001000011110100
110010010011011110110110111010100010011001001100111110111010101000000010000011011011111111100101
000100011110110100000110101001101101100000100100000000111000101000111000001110111011111110000111
000011101111111111101001000010011000111001100111100101010011110010001110110010000100001110100000
011011001001001101100000110011110010100111010010000001001101101110101011101001000000100110010011
000100011101011000101011001111001110111111011000101001000110000000100110010010000000100001100001
011110101001010101111110001000001000001011000000111100010100001011000111111111110101101100111011
101010000101100000010010110000000100011110110000110011010110111100110000010001100111010010100000
111101001111110010001011000011000000000101110000101011001001100101100001111110011001001000010111
110110100011010100110000000010101111011101011001110111000110100001111001100001100111100001101111
100101000010000101011010010010001001111110001110010000111101010000010101100001010010010100010001
111110000111010101101110010001110011010100101010010101110001110000100001100111100111010100110101
001001100010001010110010101111100011111100110110101011000000000000000011101100000101110000101011
101011111000111010000111000000000011000000001010010010000100111001101001100000001000110110010111
101001000000011011101110101000000110100110101110110001010111010100111011001011011111001000001011
001001010010010010100011110101001011001011000100000011110011101100001111001111110010101110111011
001111011111001110111000101101000010101010010111111010111110011101000001011000001000001001111001
011001100111101010001000010001001111011110111000110000101001110011100111011111010010111010010000
100011001101101000100110101001111101001101101101011010111111010111111110110111000100111010101101
001011001011110111111111001011101110000101011111001010011011010000010011001000010111101111100111
010001000001100001100110110101011000110100111010011011100101100110110011001010111111100011001011
001011000101111010011101010101111011110001011000100111101111101000010101001011101000111000100110
000100111011100111010101110000111110100000110100011001001101101110010100100011111010100011111001
110101001111101111110010101001000010010101111101101111001000011101111101010011000011001110101011
010001110110110010111110001101001011100111101100000111100010100111010100100101100001000100101100
100001001110100101100001010100100100110111000010001001000101011111011100101000001110011111100010
000111100000001111001111101001110010011011001110010001010000001110001111010000001000010101010101
111100001100000100011101111111100011110100001100110001101000000111110111110101010101011010001110
111100001101110000101101011000110100100110010001010000010100100000100101001100000010010100001001
100001101000100000010000010101101110100011000010011111111000101001101100100010010010101101100100
100111000100010111101110010000001111100110101000001001100110101000100001111000010011101101111000
111110011110111110111011110001100011001010110010000011010001001110110110011100110110101001011110
111111101010101100100001110010110100011100100010100011100000010001010111010010110001110000001100
000110100000111100010100000000011100111001100000001001110010101000000110010111010101111010100010
100011001101100000110100001101000111111111101111100100001101011110011000110000100001001001110001
010011010100000100010110100010101100001111011111001101101000011001101000011001100001000110000111
011011010110000011111100111011111000010111111101011001000100111010011000011100011001010000111110
010011011101000110010001110001100110011001011011100001110110001010010000000111001011110101101110
110100001111011010010101111100111001001110111110100110101101010001111011110101110001001101001111
101011010010011111100101110011011100011001000011111001100111011110111111000100000111011011011111
010111000111010111101011000110100011101001110011111010100001111111010101010100111101110000011110
000011110010000000011101001100011100110111100111000001011110010000001110100111000100010000010111
000001101100110101001111101111110100111101000111010101001000110111000011010111110111011011100101
111001011000001110101111111110110110010010011010101010111110111011100100111100100111010111111011
110010011100000111100011001010101010111001100101010011101000111110001000101101010110000011101000
001010111010111111010011110011001000101001001011011010011111110001100101110111001000101111110110
110010001011011110011110000101101110110010100110110001111010000101011110101100100101111110101111
000101100000011101001110101011100100110000110010001110100010000111101110110000110101001010010011
111011101111000011100000001110110111100110011001010101100100101110101110110101001100110110100110
100111100110100000000010011101101110010111010011111011011111001001001001101011100111110000010010
100110110001001101011100010001110010101000111010000101001110110110101010000100110111000001101111
100110001010001000111110010100111110111100100101110111111101110001110000011110011110101000011001
011100010110100000111010011001101100110000010001100011011101000010100100011011010110001101011111
101111110000010110010101011100101101001010011100101011101101110101011101010010110000011001111101
001001011111110001101010001010000100100001000011111010101101011010110011101000110111100101111010
011100101011100110101010000000011110101111011011100110000000001010000011100101000111000000111001
011111111011100010100010100000011010101000111001110001010110111111100001100101100000000001110110
100011101111111010001001111101111010010011110011010010110000111111110001110001101110111001001110
101000011101011111100100001010001100100111110111100110010110000011001010100000011010101011010000
011001101011100101100101111010011001111101010110001000110010011011101001101011010110101100101111
000111111100101011110001110010011001100110001100011100011000000101101011100001111110011000101011
000001100010001011111101011001001001101100010010110011001100111111111100011110100011000100001010
000011001100001010111010111011010101111110100101101100101000100101001010010011011110001100010100
001011100110011110010010011001111001111011001111111111110010010001101001000111110000111001110011
