010000111000111111001111111001110100001011001000110100101001100110010111011011001010111111100010
010011001011000101000000001100100110100001110100111101110000100000001000111100100010110010110110
001001010000001101100110110010100100011000110101100011101101111011010100101000110001100011011111
010110001001011011001001000001111001110101101100011100111110101010010111010011000010010000111111
111011110010001011101111100101101010011110001101101101011111011100110011111100001110001000100110
101111001110001111100001000000111110011001001011100011100101110101100100000000101010010111101011
010000001101101011111101001011110001101011001011000100101110101101111011000101100001000010101111
111000101111001110111000111111000010011101001100111001001111110010100100011110010110000011010101
100110011001110000001111011101101001010010001111011000001001010000011111010010001000101001001101
001001111111101101101100101001101000010001000001011011011001110100100111110010000011111101001101
000111000001110111011000110100110011110101100100011000001010000010000001011101101011000110001110
001100110101011110100011011111000110001001110100111001010101001010110100001111011010010000001011
011101000001101000110110110110111101101101110101011110001010001001110101001110010101001001100111
001110011111110101010010001110101000010001000000011100010101100100100111010000010011110000010101
100011001000011011101111001100001010101100000101101111111000000000111000111011111011100111110111
101001010000010101101111100001101011110100111110111111011011101010000110000110001001111010101011
110111011011001010111111100110000100011001001001101110101100100000111000110111101010011110010011
001111001101000101010001010010101001110100101010100100001110100110100100001110111011101011101000
101011101110111011101001110110000111100001110011010001110111111010011101100100110111011010110000
010101101100100010001001010110001110011101011101010010011011000010010010001011011101011010101010
001010000111000001011001110001011010101100010011010001110110101100101000011111011010110110001111
100111100101001001101000111111010101100100001011101001100100110101110001101000011000010111111100
101001011100101101101100001010011101010001100110000001110111110111100100101100011101100011001101
100100001010100001100011101000110000010000111000000011011010111100011110111110110010010010000000
100111101011010010100011000101111010111111100010100101100110101100000110110010001101110100111110
110000011100111011101110101110000000010011100000001100101100111100111001101101110000011010110100
111100101100000110100000110010101010110000101000011110111111110101011001010000111110100001010010
001001100000110110001011101011001101100101000100111100101100101101110000111100111010001011000001
010000111010110110010000011011001110000010100010010110001100010000010010100000001110010011110100
000101100000111011011101110110100110001010011100011100111010111110000111011110011111001000000110
110100001101000000000101111100001100100011100110100111110000000011100111000100100011000011101000
101111010010010100001101000001000110111011111010000111010010011101111110001111010001101111110010
000010001100001110010100100100010101110011111111110010111101001001111100001111010010000111110011
110110100111011101101100110011000010001010100110100100110111010101010111011011110010010011100101
001001010111010100011100000100100001111110011101000000110110000011110111110110111111000111010010
101000101101101100101101100101111010101111111101011000101000100110100010110101111010010000101110
001110100000110000110101101000011011100000001010000110110000000101010010101010001011000000101101
100010010000111011001011110101001011100001000101111010101010010000010111110010001010101111101111
100011100001000000101011111100011111011100101000001101100100100100000101001001110011110000111010
101111110001011111111111110011111110110001010001111000110011101110010010101100010011100010110110
000000100111101110010101000000110010011001100011011100001001100101111111101000001010111100001001
100010110111000010001000010100111111011110001000110001110111010110010110001100010010111011100101
001101010001001000000010111001110001010000100000001110101101101010000100000111010100001001101101
111111111100010100111110001111100110110001000101111001110101111000000111010100001011001110100011
000110001010010101110001111100000110011100100000110000000011110001110110110100000100110110000110
010001100011011001100001110000100101101110101100100110010101110100011111110100110101100101100011
010010011110010110010101010000010110010001111001010011111001110100111010000000110001010001110011
111011101000110110010100111110100001001110101110110010110010101111010010101000111110101011111101
101010100000001100000010010111111110111001101100100000011011001001111011111010101000111000000101
110101101111100011111111000010101111011110111011110001100000100011101110110010110100010111101011
110011000010101111101100100111110000011010010011111100101010010110010011111001001001110010101111
101010111010111011110011110011000101001011011100111111000011011101010100100011111000100001100010
101100111000110011101110111011101011001111010001000110001110110011111111100100111100011001000101
110101001101111111111000101100000000101010001100100011100011001001100111000100000111111111100111
010100001100110111000010001001110010110011010110101000011110111010000101010100111000001010110110
101100100100010101100100011100010111111111110000100000101001100110001010010011111001101001100110
000110101001111100011111010010101101110000111111111000111001110001110110111111011001100001000001
000000111000111101110011111100000100001011001110100011110010110101111011011101010000100101010001
110111001101000111011101110101000010100000100011100101101100111000101101001101100101001101111001
110100111010010101000011000101001100011111111100010111010010100010010000111111100110101111010100
100100010101000001000001001111011110110110111100110100010001111100001110101111001011011101000011
010011010110001110111101111011000111011001100111100000001100010100010001001100011000010000000011
010000100001110000111100001010011001000101110101111100011100111110010100010101101001110111100101
011001111010101010110101100111111001100000111000001110000000001000101111110111100010110011001010
001010111101010010110000110110110011100000100000110000101010001110010110001010100000111000001100
100110101010111101001001111110110110000100010010100010111001001001101101100001001011011110001000
011010010001111011101101010001101010101010001010111110010000001011010101001111000100001000101011
001110000010011000001110110001001000010100100111100010111100000111000010111100001100011000101100
100111100000011001000000110010011000001000010101101110111010011000000001000011101011001111001100
111110111101010110001110111011010010000001010111100110011010010000001000100110010001001010111010
101101101001101010000110011001010010011011100101001111001100111010111001000100011011110011001100
011111100000011111110000111101001010111000001000100010110111100001011011000001001001101100111111
110110001001000010000000110110111100001010011100001100100011100010010011010101111011100101011010
010100111001001100000001000111001111111011000101001100101000011000010010101111100011100100101100
011110000111000110101110001100111111101000110001011100101001010011011100101110000011110101011000
001101100110000011000111011101101010111111101001100101100010101010001001101100010100000101010100
010111000101000001100001010101011110100111000010101010101111011100100000101000010100001010100110
100010001001101101010110101110000101011011010001011101000001011011100011101111111111111111111100
001111010011100011111110010011010100110111000011011100000101110110010011000111110111101100001110
110111010101000010101010011010111100010000000100110001011100001010110110011001010100011100011101
010101000011110100010001010000101101111001101100110011000100101100111011001011010100001100000101
001000001101100111100010011111101010100110011001011000011010101111101010011111010010001100110101
000101001001011110111011100110010111000010001110010010011101100010100100111000110010101001001011
010110001011001000001101010011010111101001011011111010011001001100101011001111000100000100101011
111110000110100100000110100000101101010100011010011001010000010100100100110111001010101011010010
001110110101001001010101011110100011010101011001110000110110011010110100110100101111011111101010
011101101000000100011110001101110110110100011000000001111101010111010100110000101110100011110101
100011101001111110101010110000000100011110111110010010000100101100101000110110001110101001001011
110001000110010100101011000101111011100001011000101011000011111011101010101001001010000101101111
100000100011010101111111101000111001110110010010101011011011111001110100101001100011110000000101
100111010111111110001000100001010101000111000110101111001110010000011001110101101011011010101000
011000110100100101111000100110010001010100001000010101100111101011000011001011111101111101111011
011110101011011110001111110001010111011011110101010001111001100000101111000100110100110001011001
000110010011110010000101000110011001010100101100011011011101010001101100001001011011111001110111
110011011110010001001010111010110101100100011010100000101010111011111110011100010000111100100000
010011001100100100001101000010101110101101110010111011111110111011001110111000100101000011100001
000010010000100100100000010110010000110110001100111101001100101010001010101100011010010101001100
010111011100101100010101101001000011101110100011100011110000000010011110001111100001001111110011
101010011000001101010001011110001111100011110010001001011100100110111111010100111100011100101110
110001010100101010101100011101010100110110000010111011000000101111110000011101101110100110010110
101000100000101000010010100110000100010110001110111001001000010111111111010000000101011110000100
011101001001000001110011100101100110100100111010010101111100101011001101001000100101111000101110
111011001110100101010100101000100010011001011100010011100101101010100001011000100001011001011001
011111100001110110101111101010110111010101101100101101000111001011000111010010000100001110101100
111100110001011101111011111010001011100110111001000001000100101101010000110110101111111010010100
101010111100100110011111101101001100100011001100000111110101010110000000000100001000100101101101
001111110010101001110001011100111111001000011100011001100001001100000010010101101110101001010011
010110100001110010001100100110000011011011000100000100110110010101000000100110000000100100101100
000110111110100000011010101011011000000101001111010111011000010101011011000011110110110111011000
001011111001000100110101011000011011111001010001101001111001100101101010010100100001110101001010
101111010010001111011111000000110011110101000000010101010000011100000101001010001110000010100111
011000010011110110111111101000010001100101010100011101011010011001011000011010001100100001010011
000001110101011000011001100011100001001000110001100001100110010010101101001101111001010000011101
011100101110100001101100101001111111010001010110001000100101001111110010111010100010101110101010
110111011110100010111000110101111001001100111100111011011100101010101010100100111001001010110000
111010111000001001100001010111011100100010011111100100011111100111101011110010111000000011110010
000000010001001000111110010001100001101011101010100010010010111111001111000011001001010000001001
111001111000000000111001000111001001000001110100111100100111000010101000110000001011011000101111
010101001011010011110110101001001100111111001010110101011010101011010010100100111101001010001111
000110101001100101000011101101100011101001001101100011110110011100011001010110101011000110100110
100100110111011011111010000010100011010000010000001001110101010010111001001100111010110111111011
000011010111011011001011111011000101111010011110011000000000110001110110110010010101001101101010
001110110001101111100110101010000110010101111011111101010000010011110011001000011001110100001100
000101100001011011101101110101011001011000101110110010001000101001010000011110100000110101101001
010010111111011101111010110011001111111000001101010010110100011011011000000011111000101111000101
101001011100100101001100000000101100101001000110011111101100011101110111100101111110111010110100
100100001000011001101010111101001011110010111110111111111010010100101111011111101111110010111011
010100011010101110111000011100111110010010001011100100011010101001100001100100001011000000000000
101011000001100000110010110011110100100000011101100011011010100000001110100101011100110000101011
011011000011011110100101001100100010011001110111110011011010111000111100100010010100001110111010
110001100011000001010101100001001111011111010000000011001010100101111011101100101100101001101010
000111000101101101100001001001001010101101011010011101010011000010111110010011101010001110011000
001110101110001111101111010011110110100010010001001010110001110010111011110101110101000100010010
010010010010110010001110111101000110000110111011110010101011111000010100011011011000000011010101
011011100011101000001101101101000100010010001111110011100011000101000000100001011100000011101011
110111100111010111101010011100000000001001100000111110001001001011100000110101010111001010000111
011101011010101011110111110100101011011101011010111111101110011110001000011001100101011101000100
111001000101011111110000110110110010001100011001000100000110011101010010100101110111101100010101
110010011010111001110110001011001001111110000010001001000011110100101110100010111100110000101101
111100010001111100001110110100010011100110111000000011101011101100100000000101001010101010001110
110010101111011010110001010100111010110000101010101101100001100011111110101000010011111101010101
000010001111001011110010000100011010100010100110000001011100001001110000011111100011101111000100
111001101011100010101100000011110011000000010100001110000101000010110100011010100101000011001111
101001111000011111110001000000111010101100010000111101101101011100110111001001101100011101100001
110100101000001001110000011000001011000111000011010100010110001110010000100011100011010100011100
000100001010010101010110101100001110001111111000010010011000010100111000000100101101011011011101
000100100010110111100001010110010111010000101101100110011100001101010001101101011000011001001100
000101111110011110101100110000100111111110111001011110000110101110101111101100101100100100011001
011011010101010010100000100110100111001011001100010010101001000000111111110100110010101010110010
000010111000000011111101100100110001011101101011100010100110011001001000111110111010111111111101
101111101011000011110110101011101010110110010100101111001100110011111101110001011111000101100010
000011011001100111100100010110101000000001010000101001100111110010011100011010111011111110001110
111101101111011010000101111010111001100100001100010000011111011010011111000001101001011010111111
010011011001000011101100011000001011100001110001010010111100110010010111000010110110100100011011
011011011111111110110000010110011101000101101010101100110001001010011100000000011100011000100110
111000110111011111010101001100010011111000001110011111110110011101111111000001100000101000011001
111001110000001111010010101111111010111100010101011001110000011101000001100001100100000001111100
100000111010110011000001010010010010111111100000011100000011010101010111010100001010010100100001
100110100101101100011110010111101011010000000011101101110100110111000101000101110010000100111101
111101010111001110110000101000000000000000100110000001100011110111101000000110101001011000001010
101011111101001100011110000011010110110001101001101001111001111101001010011010001000010011001001
001110110101011100100110110011111000111001110110010100101010011110101011011111111111000110101111
101000001101100000100000111100110101010010100001111100100011001000100110100101000111111100111111
000110101011000101010011011011011100001010010100001010100010000011000100001111011000101001000110
001001110100011100000001100000111100010101010011111100101111001111111000101010101001001000101001
110011001110001100101111010011001100100111011000111011011110010010001101110011110111111111100111
010111100000100101101001010010000010001001001010100101010010100010010000001000000000011100011101
010111100111000111100011111010000111101101011001011001101000001101011101110000101100101111011110
001101001000010000010110100100111001011110110101000010000010011011101100111011100110010100010110
110000000100100001111100110010011000010000001100001110001100010100000101110010001110011111001001
111011110101110001111011001111001110001010111100011111011101011101011010011100011111010100100111
101110011010111111001011101100111001011011000011001101101001001110111000001111011101100100100010
010010001001111010111001100000111100100010101000010111011001111000111110000100000101100110011010
001000100010010110110110100100110001011110100010001001111000011001010011100100001110111010001111
011111011101000110110001001100110010111100000011010010001011100010110010110110110000001000101011
100001110101001011100111100001110110100101100010111000011010110000000000001110010110000110000111
011001101111111000101000001101001110100110110011111110110001000101111101001001101100011100110100
011101111111001010101110001111111001001101110100010101010111110011010110101010111100100000101000
100110110010110001111110100000010111100001111011111110010111000010000011110101000100110110011011
010000001111011010111110100101100110010110101101111111100110010001111010100001001111000110010100
111101110110000011111000010000001001100010000101110111011100101011011101100001000111100010001000
001100011100100101111010111101001111101111000011010101111010100001000100010110110001100100011010
110001001101011110010001100001110011111010100100110100111010101100010100100111110111100010010100
001001011001011111101111000110011101010000011100000010111110011101111010000010111100010000011000
011010111100111111111111111101011011000110011111100000001100010101010110110001101111110110011011
100011101101011100110100101010010110101100011111010011010111010100001110111101001001000001001111
111011000000001110111000010101000000010101011101111000000111101101000010100111011111011111011111
001111001011110111110110000111110110010111101011110101011001011001010001000111101001110101001100
100011111100110110000010100100000010001000011010101111011110101010110010101101011010011010100001
101001100011001000111101111000101011100100110000111010010000111110001101100111110010001010010010
111011000001100011000111001111101100111101001011011010010111101000111001000010000010100011110011
010000000101010111001011011010111100100000011100111111101001111111111010011010100100011110001110
111011011110100110011000010011110011010101001000101000010010111011100101101101100001000011101001
101100111110101001010001000001111011011000010001001111000100100100001010000011111100100010001101
010001011011001101110100000001000011010100101010000010011010101110011100010001101001100111101010
111101010100010011111110110011000010111010110101100100011000101100100101011010111110000011011000
010011011010110001000111010101011100111100110010010110100110111111101000010010100000100011110010
000010110011010001101010001100100000100101101011011101111010111011000100011000000101010100001100
000010011011010111001001011000100011100100001000110000001011110111100001111001000000110100011111
100110101011100110000011000011000011001001000011000001110010010101011101100011000100011111100000
000010000111011101011011110000010011101111001000001110101110101101001101010101011011011000011111
001100000110100000110101011100001111011111101101001011011001100000100101111010000101010001101111
110100100001110110111001100001010000111000111000000110000000011101010111100001100111001110100101
010100101011000011001011100101110000011010110101110010100001000100101011100011101000101010111001
000011110010000011101110010011000000011111101110010100011001000011101011100000011010000110100000
111011101110000001001110011100111010010110111010100000111100011000100111000110111000010101111011
000001101110110110011000101100010010001111101011100110010101010101111010111010000010000011001111
000111100011101000100001111000001100010110111001110001010001110110011101000011110010110010100011
101001011101001100111000110111001011110011100000001000000101000011010110001111000010010100101101
100110010101011101100101010111011010001111100010011011101000101110110000000100110100000000011111
100101000010110111100101100011000011000100110000000001111100010000001000000110000001101011010100
010111011011010010011100110100110010101110000110011111000001111000000111010101110001100000000011
011101101101110111010011110111110100101100101001000110010001111000001111010101100010010110110111
101011001101011001011001010101001101011011110010011101010001110000000000100011010101100100000001
111000110101011011101000011010010001101011101000111000101000010110100010000010001010101100011101
110111100001100000110110001100111011100110000110000110000010001000011010011111001000101111111011
001001001010111011100000000100111000101000010111100000011101000110110010110000111000001100001100
001001100000110010101101100100001101011111101100101011000010110001000111010011001010000010011010
111001110011101101011101110100100101001010001111101101011111111100001100111011111011101110101000
110011111001010101110001111011001110010000010010111011001000100000010100111111001011001010101001
000100111011101001101100000101001101111111101111101000000100001010111011010100111000010011010000
100001000110110000010100010101100000001100111110111001100111011011101000101010001111001101111111
111100010001011001001110000001100100001011101000010001111001111111100000001101001100100010101111
010111110001100110111111100011001001110100101001001011100010001100110101000000001001110001101110
111101011110011101001101100010011100110110010111110011100111010000101110101011101011100101111011
101010000101010001001010101110010101010000011100000011000010110110111100000010010000001110100001
000010001110000001110111000000111010101110011010110110001010000000010001110101010110000101001101
101111111100100100101000011111001111001110001101010001010101000100101001010110111011111000101100
011111100000011011011010011000110011000011000101011110011011111100111101101000101001011001001101
110010110000000000011110110010011101111010011101010100100111010010110010010101100100000000111010
000101010001001101010010101111111110100001010111111011100011100111010101001001010110100100011010
000110110100000100010000111111100001010000111111001111010000000110010101001101001011111100110001
111110100001000010101110001011100010001010001111101000100110010111101001111010000010011011000111
101000001010001010011010110111001010110101100011011111111000100001010110111000111001011011101110
110010111111101111000101111111001110100000100000100100101010010101101000111011100110000011010010
011011110010111100101111100000101111000100000100010110110011100011001010100100011111010010001011
001001110000001110100100010001101110100010101011011011000000000101110111000010111000110000001111
100110110010100000100010110001111100001101100000111110000101011000111101001010101001010100110101
010001001001011010110010000010010110000000010011111100011010010101001000111011010110011011110000
011010101110101001000101010111111101111010101011110000010100100100110001111000011111110111110001
010011111010001001100110011001010001001100100011011001110111010100001010110111010000101011010011
000111001011101111110101100110110101101101010111110001101101111110111000100111100000110001001001
110010000011010101001111110001011010010001110110010111101111110100101001001000101100011001100100
011000011101110011011010001101110100000110011100001001111001101001001111111001001101110001010110
111001110000010111110111111111001100011001001100101011100101000110100101010111110001110000001100
110111011100111110100101001000110101001010000001001010110110111010111000101011011100001010011010
101000000100110011101100111010011110011000000011010101110010011000110010000100101111001110001001
111100111000111011001111000101011110010010111011110000011011110110001111011010111101101010011001
010001100001111110001000011011011100101010010100100110101100011010000111100101110111111100111010
110001101110111111110000110000100011100100100001110101011100011100111000110110100001001110101101
010000111000001110111100001110110110010000101010110101001100111101110110001101110010000011011101
000011110100000111010000010110001110101110001011100101101110010100010110001001101100111100110000
010100001110100010111011110000000111010011010111011011011101100010000111011011110010000000011110
110100000100101000000110111000011010110001110001010010010100111011010000110101101100001110000101
011110111001001100111001000111101100001100111000000101010100101000010000010111000011111101000000
110110010111101110000101010101110100111101001001001010100010110101011010001110100000010101011111
000111010011110110000001101001101100000011011001000100010001011110011110110101111011010000111111
101001110010010101000011101111010101000101101001000100110100011001011010001110011110100101011100
010000000000011001011100111100010101001101101100010011000000001100101000111100000111010101011101
111111011110111110101101010010010010101011001110101000101101011100011011000000011010101010000011
100000100001001010011001111100001110001010101111000111101111011011000001010011101000011110100010
111100110000001101101010011111111010001000100100010011000101001111101110000011101010110000101000
010101110110101011101001111010110111000011001110101000110101011100001010101000101111110000101100
101001111010001100100000110110001110100011001011011101111010001100000100001011111111110011110110
010000001011000001000001011011011010101011100111111000101101000111111010100010010100101100000010
001110100101000100000010110010010010010110011000111010100101011100011001011000101010100010001101
001010000100111100111101000000100101010010011000101100111011111110111011110101011010000011111110
101100100110000111001101111000000011110000111001101001011000010010010110100011110110000110111111
111010110001011001011010111110011010110000011001100100110000010011010011000111001111001011011110
110110110010001000111110010100111001110011001111000001101000111011110001110110110100110110010101
010001011001001101011001011110011011110000111000100110011110111111000000100101001001000010001001
000011110010111011010001001101011001101000100101010110100110111111111110010111010001110100110010
110100010100110100110001011110000010001001000011010100100000111000010110110100110011110101011010
110000110001101111000101101000101111000001000010000111101010011000000110110011001111101111101011
000010010101001000011000110110101010111110010000110101100110011010111000111111010010111010100001
001001010101000001111011111000011111111010011110010101100000011000000011001110110011011100101110
010001011011101100111001000110011011100011000101011100011100011100000001111011001000101111101111
110101001000011110100111010100011011110101110010101011010000101001010110000001011110100110000000
000001100111110110011110110100011001101111000001001101110000010001011001001000111011000111101000
010100011011010011001110111101010110011010000001110001100001101011001101011000110101110011111000
000101011111001111101001011010101101001011010100001011000001100111010111111000011111100101001100
010000010101000011011010100101101100011001110000110010011100111011110100101011000111011111110100
000000111011110101010011000110000100100101010010010101011010000110100001011000011010111010010101
010000110010010111101100001011010101011001000101110101000011001101011011110100100010010011010001
001000101000011010011010001011100101100000000010111010010000011101100001100100001100101010111100
100000001001000101110010010100001001011100001010001001100001101011110110111110000100001010111010
110010011100010100001100110011011000101101000010111010100010101011000101100011001111011001101001
110010110100000000101001100001010111100100111101101101011000101110100111111110111110001110111000
101011110110001001011110100001111111010110010011101011111101100001001011001011001101100011001110
001000001000011000011111101010000101010111111000000110000001111010101100001011011101011001100011
001110011000110101011000000010010000010110100011001110100111011100101000100101111010000000110100
110010110111100110000111011111101100101101001100001100000100100111001010110011100111100101001100
101001111110010101110010110110110111100000110011111000000011001110011000101111010111010011001001
001100101111111101100000000101111110111101111100010011000000001111100000000011000011110011100011
110100010011001110011110111101100011100110110101111001100100110001100100110001100110001001011011
010101011100001111011100001000011110011110010101001110100101011000001110101010011110101111111101
000011011100000011100001000101100101101111000101011011000000010101011000010010101110111111101000
001101110011000010001111001101100011101101110110001100010000011111111101001001111111001111011100
110001000001110011110111010101101000000011110011001001110011000110000011001100010111110111101111
000000010001111111001100011100001100000100001100011110000001001111100101001010110101000100011100
001100101011001110110100100000110000100011111010100100100010011010101001110100011001111001011000
000011110010100001010010001101010011110011001100101110100001101111011011110010101110011000111011
110011101111110101000011001010111011100110111101010010001001000000011011101111111111101001100110
110001101001101110000110101111000000110110010100100001101011110101101011101110110001000110010100
011010111100100110000110010101001000000001001101001010101101101101100111100100111010110110011110
001000101110001000101001010000100100000011100100001011000110010001100001011001110111000010110101
110011110011000000110010111110010011000010100001000010111101001100010101000010111111001101100000
000001001110100001010101011010010101010010001001100011000010011011011100000010111000100101100011
100011001011001010110101110011111110010101010010001011001110010001011100000110011101110000101111
011000011110011111011011110011001101001000010111000100010111011000010001001000001000100110011011
001011010000111000010000000101010100011101010010001000010001111101000110010011001000011011011011
101111100110011010101000001010011110110011101110111000010110100101111010011000100101011001010010
001000001111000010001000100101100111110001100010000010110101000000111100100100001010011101001000
010100011011000101010010011010011000100101001111010111100010101110010010100111100110101011100110
011100100000011010111010110001101110110010110101001111100001011110000101000010010001100100101001
010010001001011011010010001001011100010000011001101000100111011110101101001011111111110100001110
010011010011110001010010100010101110110001101100011110111101001110011101001110001000110110110001
100111101010100111000111010001000011000110000110000001100001110011110011100001010010100100000010
111000011010000000110101010000100011100111111000001110011100100010010011110111001000011101100101
111110001010010000110110010111100011001000000100010011011100111100011110000010001111000101100100
010000010110111010001111011101001010101100010111011000100100010111001111011001111010100111010010
001000100001100111001111001000100100011000110100011001100101011100110110110100011110101000010111
011000000101001100101100100001010001000000011011000111001001111110001100100010011010000011010101
000101000101110001010011001011101010010001100011001101000011011111110011100000000010010000110000
011100011100001010000001001000011000100101001100001111100001110101000011010000100000010010000001
111100111000010011110111110110011101000110010100110101111100000001110100001111100011110000000100
111110000000010001001000000011000101100111010011011110000010110101111011010101011101010011111100
000100011111000111110100010100000001001000010000000110111110110001000101010111010000101100111000
011010111011011001111110111000010011011000110111010110100100001010001001110010101010001010011111
011111101001101011000101011110110011010111100010110001111001001000111010001100001010001000001011
001000111110101111001000100011101011000000100010001011000101001110001011000001001001010001110100
101111010100111010110010010100000001111100110100101111100010101011000011011110111010100100001011
111001010111010000011011001010010110001101001010101010101010100001010111110000110101101110101001
001000111000001010010011101001111000110111111100001011101011111101001100001001010100100100000111
100101110111110111001100101111100010011100100011101001100000011010001011001001100110111101010100
010000101100000101111110100001111101000110000001011010101001100000001001011011110010001110011100
101101001101010111001010101000000000010100000110000111100111010101110010111010000011101011100110
110100111000111000100110000101010010011001011001110010010011111110010010000110101011111101111101
001011010011001011010101101100111110101110101010100111000100001011100101010101010100010011111000
110111100001011100000011011111100111001111100001110101000000011110001000001101110101111110111110
000111001000101111000001000100100000010101001001000110100111011110110001000010100001010100100001
101001000110011001000000111001010010000101011111000100110100101111110100110101001010011100110110
011101010001100010010111111001110010000110001100101111010000001110011011010001101101010100000001
100010100111001010000001111101110010111010001100101101100000000111000110111100001000000011101110
111000110010011001101010000011110101100111010010100111110011100000100000101110010100011000100011
010010100010010111001000001110101100111100100100001010101100000001010010101001001101110101101000
100011000110001100111011100100000010011110101111110101011011000110010000001011011001111010010110
011100101101000000010010000101101110011010100011001111011101100000101101110010000100001111001100
110101111001000110011101001110011011011010010010011101101011100111101100101001001001111100111001
000100010111100111100101110010110100101110000011100111010010000010100010001001110110110110011001
101010110100000011100101100101101111001000011011010010110100000010011100111101110111000100010110
011101001010011010000100111100100000011101010000100101110000110000111001001000000110101001010100
001101010100000011101001100111011011000000101000000010010000110000010101000100111000010101101011
011000111100010100100101110001010010011000100011001111000101101110001110000101100101100111000010
110100100101010100101000010010101010111111000110010101100100010101011011100000001000011101001011
000101100111011110001101001110010001001111011010101000010111110110011101101011101001100101000101
111111110011001110011110110111100100110001111101000000011001110111111001111101101100110011000001
110110010111111010011100001101001100110111100110110110000100100101011101110111100101000011000111
110111011101011111010110111101100101000101001101011001010001111011100010010101111001101110111110
101110011100110011000001100101100111100111101011000000101011101111010100101010110000001000110000
111000101100010011011110000010010110110110101110000000110110011110101101101010111110010101111110
110101110101001111101110010001100110011111100010001010001101101111101100110001111001101010010011
100111100110110110001110010111000000111000111101110010000011010011100001100110001111011011100000
111000000110111111000110110111010010101011100111010100001011110100110101111100010011111010000010
010001000100000000101100110100011111011101101101100010101010000010010000000101001010110110001000
001011011011101100001100000000000111001100011000100101000111011110011010001100000111001011110111
010110001111011010100010100110001100001110111111001101010100011101100100000100010010111010010001
101100010001000100010100010100000011111000001110001111111111010100001010101011101011111100110101
111010001100010111001101111101111110001101010101000011010011010001011100100000001011011011100100
111010110000011001101100111101011010110000111011001001011010000000101010001111110011011011101110
001101001100110010000110101011011100011010010000101110100110010000111111010010110000001000100011
111001101001000111111100010000011001110110010001110001001110000110111011101110100110101011101010
010111111101101000001100001111110011011011010100111000001100001100110010101100111110011110001010
111100011010111111001101011110010101111010011111111001100011011010101111101010001001010010011001
101011010100100000000110100011100110110010000101010101101010010000111111001101001110110010000000
011001111011000110100101101101100100100100101011111001000000100110010010110111011110010010110000
100111101010000110110101011110000101100010000010101011111101010010011101001111100100010101101110
110110010110011110001011001000111101010100111000000010001111011000111110011101001111111011011011
010001111110101110100110111001001000111001010100010000100011011000000111001100000000111101000000
001111011100000111110111010000100000110111010000001010100001111111110000001011000110111001011011
000001001111110110011110111100010001101110001000100101101110100101111110010111001001001100011101
000001000111110111000010100100100001010111000000011011010110101111001000100011101011010101011100
001010010101000010000001001110010011100110100001010000110011100101001001111111000110110101001111
011100000001100100101101001100101010010110011111000101001001010000011010011000000101101110010001
111010101100010101101111011111011101000111100011010111000010000101110110010010110011111100001111
011000101000100111011000111111011101010011110001101111011000010101100111001000000011010011010011
111000101011100110101100001011100000101000100010000000001011110001101010111011011010011110011011
000100110111011011110011101001100111111011101010001011100101101100101111111010010011000000101001
001110110110010101010011011110010011010010111001101000110010010011001000100101101011111000100010
101010000001011000001100010101100111001110010011011110101100001000100100011110100100000011101101
011101001111001101101011011011011010011001101011100010011011011001010011001010011101000111100001
100111100100000011110010110101001100011011101110111100110110111011010100101111001101001001111111
110111101000111001110010011111010100110101011101100110010001111000111000001011001100001111100010
110001100011110011011111110011000010100000100010011101100110011101110011001111011111100001011110
010110011110011111011110110110000001001111011010100011100011111011011000111000000100010100100101
101101010111011010010010000001100000101011010110110001101110000111011001010010110111111111101101
010010100100110100100111101011111101010110110100000010001100001011100010011011010001000011110101
111110000011010011011101001111011100100101100110110111110110110101001000111001000001011000111010
010111101110010001111010000010110000011000011011001011100100100000111011101001111000101100001110
010110111101010000100111110101000100100110101111100001101111110010111011000110010011101010010010
111001110110101000011010010010000010001001111101000001111001111101000110110010111110010100011000
011011000101101000101000011000010100110000011110011001101010100100010100000110000000111010010111
111000110100001110001011011110010011100011010001111010010111011111000011000010000100000110101101
001111111011000011111111100100111010000011100111001110001101000100101111010110011101010100100110
010111111111111011011101010001010011100101011011001101100000000010000010001110111011011000011101
101101001011110100000001010110011001011011101011010111011011011110111101110011011100001110010100
100111110000010010000101000111110111110101101100100010011101011000011111110101101110110101000100
100101101100101010011010110000011110110001001010110100001010010110001001100110101010110000100100
101000011101101011000000101110011101000001000111101001100110001010111000010111011010011110101001
001100110010111011111101100100100100000010001010011000111000111001011000010111001101111110100011
001110110001011010000100000111010110110000001100010100111010111010000010101101011000011000111010
110100101110110011110001011111111110101111001000001011110110100110000010000101010111000010111011
111010110110011001101011101001001011000110111011010100000010110100110110110101011010110100110000
111001011111000100010000001000011001111001100001111001100011111000110000111101001010111000101001
110000000101001110001000100011110001110101101000100010001101100101100001101010101101110111010000
101001010011011110111110010111111000010000000110000111100001100101110011001010111001101011101101
110101100100010000110010100001000000110001111111011011110101000001111000101101001111011010101111
110011100011100010101000011010011110011000000001100011110101011101110001110100110001010011000101
010000011001010101111101100100010000010111001111011110001001001111011101010010110011110010001000
010100000111000011011010010101110011100100011011100101110010111011101101111111100101010111010100
110001100000110010101101100010110000100000110111100010110000100110001001101110101010000000011010
001001010011010010100110000010110111110010001010101011111111111011000111011010001111010100011011
001011000111110111001000010010110110001110000000110000100010111011000100010001011110101000100000
101001011110100100010000001000100010101110000000001101001000110010100001011101000000111001100111
011000111001100100000110101100010010011100000001010010011010101011111010001110001000010001011111
111010101001000011011111101110001101110011111111001001010010010000100001011011101111010001100011
110010010110010100001000001000101110011110011000000101000110010100101011001101101010100011000101
000011000001000000001000101101110000101001100000011100000001100011001100110000011011001101001001
100101011001011001111100001010011000110100110000001000001110110011111101000010110011000010010111
111001001111010111010111101000010000110011110100111010001101001110000110111001111100101001011111
011101011100000110001011010100011100101010001001011100110001111000000100011110001100100010110000
000100111101111110001101111111010100111011100111111111001110001101100111001010011101100001011000
100011011011011010100001000100110000110110101111011101001010111100010101011011110111000100010011
110111010001111010001110011111111111001110001101010001000011010001100001011110011000000100001000
111111000011100001010011011101100110110001110110111011100001010100011001100101111000111001011000
000001110110100111001000001101011110100011011100001011001101110101101001101101011100011100010100
011000000101000011000000011110010111100011100010101101010011010010000101000111010111111000010011
111001100001010010000111100001110011001000001110011110001111000100011101010011010111110001100101
110100010111001100111101100110000000010100111101110011010000010010001001110001101011011111011000
000011010011111011101111101110000001010100000111011101010001001101011100000101000011111000010111
011101000010110011010001100010011011110111110100010100011010101000101100111110101110000110101010
101100110001000010001110001011011110110010011000101000010010000101100100000000010011111101101110
101110001010011110110110100100100011100101111110101101101111101100011001001101111110001111110101
010100000001101100110100100100000000110010100101001011000110000011001111000010100010001000000011
001001010000001001001111011100010100000111011000001011111100001100100110111010101110011010011111
000110000000011010100111101010011011110011000011000000010101001100011101011000100011111101001011
001111110100111101110101100000111001110100111110011111000010110101000010111100011110000100100011
110101010100100111011101101011100000011001010101010010100011010001101010010001011100100110001011
100110011101101101111100000011011110010110010010011100100100010110111100111001111101100101110001
000101010011101101010000011110101010110000011011001001010100011111100101111100000101001110111101
011100111010001110111011100011001100011010111011100011111000001100001111001011110100000010111010
100110111001100001010110011111110001001010100010010111001001111000101110000110101111001010111101
001000101111110010100010110100100100111010011001001100111101011101101110111111100010101101000001
110110111111111011101110111001010110100000101000011100111110001101110111101010110110100101000111
011111001110001111110101000110110000010101111010111011101001111001111010101010011000100111000100
010100101101101000011110010011101111001101011111011011100100100111001111000010111011110010100100
000110101000111111110010010010000111101001010000110111001100001101011000111001000011111110000110
110000111011000000011111111011011000000111111011000000011010010000110101100001100000101101011000
111110101011101111000101100010110001000000010000010011001001101101001001000111111110010010011001
111110111011010100110110100000110110111100001001011001111101000111100010110100011000000100100011
010000101000000011010100100000100011000100111100101100001000010100111101100001011100001001001100
001111110111000100010100010010100000101100110011100011100000000101110001111100011001111110110011
011011001010001001101011010100000001010100001111000111001001010001100110111000100101011101100011
000111111001011001111111010111110011101100101010011011000101011111010010110101110100000001101110
101100111111111011011100101010101000001011001100100111001010100110111010011100110101111010000010
101011101110101111000101101111101000000011100100110011110001001110100010001101111000101001001000
001000101010110001101100000011001100011110111001011110011110100010001011011111001100001010011100
110111000010101001000000001111001001011000000100000011101001001100100011111000100001101001001010
101011110011111101011011001000101110101100111010000101000001011000011001101000110111000111101100
000101100111001010111000111110010100110011001010011011101101000100011101110001111110001000101000
001110011111000010111001111011100001011101111011011110100001001100001011011000100111110101011010
001010001111011111010001110100101110111011010110001001100011110001001011101101011001101100111001
001011000101011010000001101110110100100011011011111100101100001000111100011000010011111101000011
001110110010000111111111111100111010101100011111001101100110100100011010000001111101010001100100
110010010000101001110100011000101110100101110100110101011101111011110001111100101101111011011010
011101111110110101100000011001111110101100111100101001101001011101100111010111001100111001001000
001100000111100101001110000011111110000110111000111110100111010110101101010100010000010100101111
011010111110000010011011100000010001000000010100011010101101001111000011110100110000000101000100
000100100101011010001000011111111111010101001001111111010001011100111100100011111011011110001010
101010011011010001010110010100100001011000011100001100010111110101001101001101001010001011111010
111001011110011101111001110010111100101100110111001001111111111100110010000111010100100100000001
011110111000101000011100010010111101010001110010000011110101001101000101011110000011101001000100
011010110111101001010100100111101100000101010000001010011011011110100111110101010001101101011101
011000100101001111111101011100100101010101000100100011110010011110000000001101100110010000110101
110100110101110110001001110000001101001101100111011001111111011001011100000011000011000100011110
011010110010010010011110101001000010100010001111100000101000101110001001101000000100000101001000
001110001011000001101111100000110111111010000000011111001011011011000011000010110111110000101010
001111101100100011110101100100001010110000100111100000110111110010001000100000011110100011110000
101111011010011000001011001000110100011101010000110011100111111001011100111000100010001110101011
111111011001101001001111110000001100101110000011011100101010101100101111000100000001001100100101
001001111010000010001001000101101111011101101101100111101100010111100011000111101011001100101001
000110111011110011000001010101101100011100100000000011111011010000101001111001001110001001111010
000101000011010000011010000010100110110000110011101001011111011110100000010001001110110111110100
001101000011010101001010001001100010001011101101011100101101110111000110110011010010110100010110
011000101110010101101110000011110101111011010010110111010000101100101101000111111111100100110100
011101001111001000011111110010101100101111100101010111111011010000001101100101100101000010001111
011101010110101110010011001101110110000110010100000000011010010100001011000110110110111100101100
111100010001011101111001100101011110111011110000001001100000010111000101100100001110101110011000
111101111100011111110100010010101101011110010100001000000011001100011101011100100010011100001001
001110001001000110110010010100110010010100111011000101110100000001010010100111100101010011000000
001000010111110000100100111000000010010111110101100001010111100110010100100100010111111111111011
000001110111111101001001000001111100111110010011010000110111010111100001110000110100000110000101
110000110011000011111101000001011110010011010101110010010010011111011100010110011011011101011001
100110011010100000111110010100100110101000100101111110010111001010000110001110110000101111000000
111000110011001011101111010011110001101100100111011010100000100110111001000000101110010100010110
011001000110000010111110000011101010101000010100101111010110101100000001111001111111100001110001
100010001010010100101100110100010111000111000110111001010001010011100011000000001011101111101000
001001000010001010000100101111010110000001101010001011001101010111101010001101010101100010000101
011111100001100110100101110111011101011111100000000110100001111100101110001110100111001010011100
111001111111110101001111001110110001010111011110011110111100001011111100111010011001110000101000
111000001001111011011001101111111001011000010001110111100101001001111110001110001001000111101100
101001000100001001001110110010100111111001000001110001000010011010100101000100001111000010110001
111110100100010111101111111110100000000101101110111100110111101100101100111101011010110000010101
101100100000000100101101010000100000011101001110101100101001010000010011011100100000110100000110
100100110011110000111011110011010111010010110000011111110010000000101000001101001001001000000101
100010111011111010101100000101001001001001011011000111011001111110110111111111010100110110010000
101001111011001001111101010000001100100100000000001001000011010011010000000100101010000101111111
000011001100010001001010110100000000101111010111110101000001001010010001100001100111001100111000
101001110010110111000011010101111101000111010000011001000011101111100011010100110100011010100110
100000111000000000000100101011110000000111011000011000100011010000111001001011100110101011100001
011111010011101100110101000010011010101001001001010110111101101011001111011011001110100000111010
000000111011101001011011110111101010011010000001110100100000100100100110100111110001110000000111
011001001110011101001000111010111010000010000100101001111100001011110101110111011101010000101110
111101111100111010001101000111000000111011100001010000110111000000101001000011101000011100011110
101111110110111101000111010000101101000100110111101100111111101111111000101101111011100000010110
100111001100111110110100110101110100001110101000111010011110010101110111110100000011001111110100
011101001001000010001011111110101001100111010101110011110010110111110100110001011110000101111110
000010011100000001011111101111111111000111101010011110100111110101010001000000010101111000101100
100111010111001111011011100010110001100100100100100001100100010100010001101111100111010101011011
001101111011101010000101101100101110100110010011110001001001011111100011101000111110101100100010
100011001110000000111110000011000100011101010000101010100001011001011011111111001010011010101000
011111110011000010001100101101101100100010110010100001110000011010000011100000000110110111000000
011000011011011001001001011111101010101101001001100010110000010111110010111100110110110110101110
100110101101011010000011000110110101111110001010110011001010100000110000010010100101110101001011
101000010110010111001001111100011111010000111000001000011001001010010000001011110110100101111010
011000111000100000110101111111010000101001101110001001100000000000010100000111101001000011001111
001001101001101011000110010110010110101110010111001011111100111010010011111001010110111101111101
011101000000111001111110101111010011000111000010100100100001101100011110000111110010101011000101
100010100001000111100001001100000011001000010101010100100110110010010010000011101111001011011101
011001110111111001100100111000111110000010100110011000010100101111001000110101000000001001110001
110110000101100101111110000001101000111010001010110010100000011011001110010111000100010111011101
101101111001000001111100001101101001101000100000001111011100001111011100010000110001111011001100
010110000101010000011101110001011010101000001111110010000010110100110100110011110000110000110010
011000000100011001110110111001111000111111011101001000111100101100110111111111000011100101010011
010111011111010001101111001001111110110001000100011010100011001000011110000011001101111111011100
101101110111011100100011000100000001010111001011000010111011000101001000100101010011110100111110
011111101111010111010000110100111101000111010011011000000101000011100101110111000111010110010010
111111101011000001101001110011101100000100001101100011011010101000011011100100000101111011101101
001010111001011111101001100111101010100111001100000000100011011111011100001010001110010111010110
110111110001000010100101101010011011101111101000010001000111001110001000110011001101100111101111
111001111011001010101001101100100111100010110001110100000101011010111100010001110011110010011000
010101010010111000100010001001001100101101101011101011101000100001010101011011000100011011110110
110010100010010000100011010100011110101110011000110011011011001001000110011101110010000110010110
111001110110100010010111010010110011101111000010010101011100001100011110100011100100000111000111
011011011001011110110111111100011110110011011111110011011110001101010010110010101101001010110101
000000110011100100011100010111011001100101111001001111101110010011101001110100101000010010011101
101011100101100101101010100101010111010101011100011011000111010011101110000010100101011001000000
010001011111110111001010111000101100110011100000001011110101011110010001001001111101011100000101
010101110000101110000101111001100111011101011100100100110000100100110001010000011110111101100010
110010111100110000011110011111111010111011001011001011111001011001010100100001111000100001101101
000100100010000100110011101011111000010101001010111001110100100000000000111001011000011011101001
100101011000101101110001011010101101010001001110111001011111101011001100001011101010100110011111
100011100101011000000110110010001010000100100010011101100100110011000111010000111101101011101001
100111101000001101011100110100100111111110111100010000001010011001001110001001011111011001000010
111110100101101101010110011100011001001011001101110010111101001011100001100011101110110111110100
111101101101101011110100101010111011010100111010010100100001110101110011001011010111010010011110
111101110110110101110110010000011100100010001010111110011011100001011001100011010101100000100111
100100111100110010001110001011000110011010010001100100101101110010110100000101010100110001001001
100110110110110100000110011001100011001011010010001101101101000010010000100111110101111101100101
100110110000010111000001001001010011101111101000101101010111000110010100010110111001011100000111
011000101111100001011111010110100101000101110010100111011001110011010001000101000000111101100010
010111001000001111000011010001001010110101110001010010010000000111000110111100000111011101110000
001110111110101001101001001011110011101111101001000010101011011110111011111101111000101100111100
101100010110011110001110111011001101101110110110000111100101011010110000000111101011101110011011
110000001011101011101000100111011011111101011100101101100101100101111101111010111110101111010110
111110111100100001001101011011100100011111110101111000110110110000000000001000100111001110101010
110010010111101011111100010011011100110100100001101011100001000011100010001000011111100100000011
011111101001011101011011011000111011011010100101010000100111111000001101100100100010001011100110
011000110110100110000000101101010110001001011111000001011111100000010010111100100101101110111010
011101101011110110111011000010110101010001101011101001101111011010010110111100000110110101100011
010010111101011100001111110100111000000110100001100011100011011100000001011000111100101000110011
001011100000001011100101011110011100100000010011011010100001000011100001111011000110001111010101
000110001110000101011010010011111101001100011000101011010000011111011010010010011110110011011110
001111110001000010110110100000011000100111110000011101010111011111100100110110111100010111101010
011000011100100100000100011011001110110110100001011110101001100101001001011100100001110011110101
011001100111000101110111001111100111010011110010011010011111100001011101100011111000011100110011
100101001100011110100110010001010001001000111001010101011011110000000010101010010110010110110100
011100000001110110011000010100010001101011101010110000000011111101110101101111100111111001010101
001110110110001100011001000111110111000001010110110001011101010110110000001000110010011011100111
011101010000101001011111010101101110001101001100110100010100010001011000010000111110111000101101
001101111101110101010101110110111110011000101001010101011011010100101010100101000110010100000110
000000100010001001011001110110110111101110111010001111111110011110101001101010111011001110011000
011011010010011101101010111011101100111110000010101101011110110110101000000011110011011010100100
111001001110111001101110111011010110001110010101001010010011011100101101111000101000110011101111
101001010001101100110100110010110010010000101110001011110111000100010001111011111001001010111000
001101011100110000111011100110001001000001111000110111001111010100101010001100111110101000111001
001100000111111010010011101101100010001011110111101101001100011111110110001110111111111100100011
000100111010100000101000010001010110101110001101110001000011101010000111111001101100010000011101
000111011010100001010110001010010001110010100100010011100111110100100000111011111010101111010001
011101010110001110011100001101000100011111001100110001101010011000100101101010000010100100100010
000001111101101001011000011010100000001011101110110001011000100000010101011011011001101000010111
110110001111010000101001100100110100000001011011111000011111010010011110111110101111001110011111
110111111110110001100010110100110110000010000000010011001110010011110110101100100000110000010101
011110010110001100001101111010001001100101101001000010001011100101011001111111011101011011011001
010000010010000101000011010001110110111111100111100110000100001110000000101000100111010110111111
001101111001111111101001010111101111010011101100011011110010111101010010110000010000011111010100
010110011001011100110100110101101001110001101101010000010101100011000011000000101111011011011100
011100100111011011111110110101110001110110010100001100001011001001100101000001110101010111000010
011001000010011001010111000100010110010011001110101110011100100010100001010000100101010101000101
111111100010010101001111101110100111101110100010001010101010100000111011100000110110110001110100
011010110010110110001000111010111001100111111000100010100110110100010010111001000001001010001010
100000000101111011101010100111010001100101100000011011100011101100111010011011011000001110001010
001111100100000100001100001001101010011010100100100010001111101001110011100101000010011110110001
100100100100001010000100111011001011111000110010010001001101001100100110110100100010011001001011
100110100010000001011100101100010001010101110000100110101001111000001011011100110000011000110010
110010010110110010110110101110110001100001100010010010010000110011011001100111001010010101111111
000111111110110011110111110101001111100000000011000000100000010011010011010010100011011001001010
001010001011110111111111001111000110111000010001011001111011111001100110010111001100101100110101
110011000000100100000011100111010011011000100001111011110111010101111010001110000111001110010000
010111101100010100010101000010100011000000001100010000110010001011000111111011111010100101001101
100110001010010000100010010100000000110101010111010000011110011101001000100100101101111100010010
101111010110011011101111000001101010011111001111011101011101011001001010010111011100110111001000
110101110010010110010001011010000001110100010010111011101000011011011110001100000100010011010101
100001110000100000100110100110010111011001110101101110000011001001001010100110011010001011111010
101010001101000111001111100100011010011101101010110000111110110111010110011011101101011000101001
100011011011001011001100100000111001101101101111000000101100110110000101110011010110000010000111
010001000001010011111110111101001001101111100100110100001010101000110110010010110010110011110100
001100100110100001001010011110011100011110001111110100110101010101101101101100011010111000001110
001011111001111111011100101011000111111100111001000010001100110111001110001100110101010000101100
010101111101100011111110101000100110000010001011100000111000001001101110011101011101111101010101
100011101101000000000010110100010010100001010111011000100001010110010000010010011111010010001011
101100101001000110010001010101000011111100000000100001110100000000010101000111000011101011100010
101011110011001100110111000111000111010110111111100100110111011011000001001000000110011111111111
001010101011100010101111011000010001001101101100011011101111000011000100101110110111100110100011
101011110000011001001011100011111101111110001011001000101001010101000010000001101111100011001110
101100111111011100101100100001101000100111111110001110011111000000111110011011111101101001011100
010000110111001100101010010001110010100110100101110010110100011110010110110010011110001000101110
111110001000111100011111100110111111110001100111011010110011001110001100101100110101111100111001
011110011100011110001010001000011000000111101010010010100011100101111111110011010110101101111101
000011010010011001000101100110111011011110101011010010000011101100111011111001001000100101010100
100100001100001000001101101100010101100100111100110000110111011000010000001000001010110011101001
111001111110001110001110010000111101101010000111001101001000111100110010001100011001010100010000
100000111010111001011001011100100100011010001001010011001111111101100000001110000111001101010001
101000100101010010010110101010010000100111010101110011001111111010110001000101111110001101011110
110001110101001110010100111100101001001100110111000000110010010100110100111011100010000100011010
000110001100100100010111111100011011100011001011010101010000101110100001111001001001110111110011
001000101001100101110111011101000101010000011111001110101101100111011011011100100010011111101100
000001110101100101111010000010111000010010110001011011011000010111111101001100000001001101100100
001110011010100010011000000001110010100110001101101011000110111010100100111101011000111111101001
001000111011011110000110000111101000000010101010101110010011111101001001010111100011111000011011
111110110001101001101000011101101110110100101101001011111100100000101001110010110000000000010010
111110011110011100011100001010101010001010110011110000111010000010101100010111010001111001010010
101110000010001100100110100000110110011010100000111110001000011001101001010100110101001101011010
001000111011101010101101010100111100011111001010100001100000110000100001011101000011111111100011
010111001001011100100111101110001011100110100000001001011011000010111111111000011100110100000010
001111000010101011111000001000010100110111110110001101011000000010101011010001000100001001001010
000001101000010101111000011101101011101111100011100010000111100111101011000001000010100111010111
101011100100101100011000100001110001111011010001100011010011111100010010011101000110111110101001
111001111111010101101000101111001010000111110111111001101001111000110100000011110000111001011011
010010100010010000110011011111000001100010001110111111011100010101010110111111011011101010100000
110111101011010011101111101001000011011000100110100111011101111001010001110100101101001000100000
010000001110010011101010110111001101011101100111011111000011100010010011001010000011000010000100
010001011101100100101000101111110000100111110110111100000100001011001101000011001111100100001001
011101101100000111110001001001010000010000101101000010001000010110111011100111000010001011110101
111001110000100101011101110000111010010110001100111101110000011111010100011111111000101100010010
010001111110101100011011011000110001111110010011000001101101001101101101010011110001000001110000
011110011110010110110000001100100101010011111000110010110111110110111001000001100101010111011000
011101101101011100100001111110111101000111010010101101110111111101100010010111111010011001110111
011001100100110001000010010100001001101101000001010000111101110011110101111010100000010101101001
011111011001110100001101001001111011101010011001001111011001011010110110100101010001010100110101
100010001010000001111010000100101100011010000110110100100010100110011100001011011000100101101111
010001000001000000101010111011001011001111111000001111000001101010011101001001100110011010100010
000010111100111100000100000110000110110111001100101000110010100100000111100110101100000011010011
011111110001110001100100011110010001101111100100001110010010001010111100100110010011101000001011
110011101111011111100011011111111110011000010000101101100111001011000111011011001010100111011001
001100110101001001100000100101000010111100111110011000100101110110111100110000100010010011000010
011101000111010111001111000010101101001010011100110100110010011001101000100110011011000001101000
010000010111000100001010010000000001110110110111101101111100001001011000100011110100001011101000
000011011110100110111011110111001100101011100100011110110100000001110101000001100011001100011100
010111000100010010101111110101101110111010110101110111111111010001101110100000011100000111011010
000100110111110001010011010100001010001011011010100001011101011110101111100111001011011000010110
111111000000110010001101010110011100011110101100111011100101100100011100100000010111010111101000
111110101101000011001000001101110101111001010110010011000010001001100100110110000001110110010110
000100100000010010100010110101100110010110101101011100010011100111110101111011011101000100011010
110101100000001000011010110100011111010101110000010101011011111101100000001110111111101100001001
111001000000000100110101010001001100110111010101110111101011001100100010001011111011110001100111
110101000001001100010010001010011010110100001110011101101111010010001101011101000101010100010110
000010100000001001111001001010001101101111011010101000011101100010111011001000001100110011100001
111100111110101100101010010101010010100111110111100011000110010010100110100001100101011101111110
111110111100110111111110110010110001110010000100011000110001011001001101001111100000011101110010
000111011011110010011101001110010110001010110010011011110101110011010011001111100001010100011010
011101001101010101101011010011101110110111000111100001000111101010011011100111000100111001110010
011011010101000110001011010110110100100111011010100100001011101111101110110100011100111101100101
001101111110010110101100010011010101110011111001100100011110000001001000000100011001011111100001
110110100101100101001111100010010111011101111101011000010111011010100100010011000111010011101111
101110101010101110101011001100111001100100111010001101100110000110100110010001000011110110101101
011000101101001101101010000100011101001110111011101010001101100000000100011001101000101010000010
001000101010000100011110001000110101011001010100001011000000101000111000101101101000001110011101
001010011111001001111101000011001000001100000111101011001100100010101101101100000000101101010011
111011001110100100111001110010011100100100000110110010001111100101111110100101110110001111001011
111110100000011100110001111011100111110000100101000001110010110011011001100010101000000110110000
100000100001100001100001101010111010100100110110011010010101000000111101100111011111000100111011
001001111000100011000010010101110011110001111101101000110010101000100000001000011111010001011000
001101001110111101101100100100100011101100011000111001001011001000010110010000111101101101001001
011010010000010110111111100100011010010000110110100011110010101110000110010010000111001011010111
101001000000000101001001001101111110100100100010100000001110100011011000000000100100111101010100
011001000100100100101111011110110001010010101110001110001111010100010010101101110111111011001000
101010110111100001011011011101000101001010100101110101101011011011000000011111000110101001101100
100001001101111111110011100101101111011000101101101100101011000001000011111100011110111111011001
011101000101011010011000001000101010110100001100011010010111011000110110010011000110001011111110
001001101111010001010100111010101100000101111111111110011000111000110110010100001001001010111001
010000101111011101100110111011111111110111000011111011110000000111101011010111000100000100001100
101100110101010101111010011111100011000111010110010001001110111110110110011011100011011000101101
000001111101011110101100000011011100011111110111011011101110000010111110011100011000110100010111
101011110100101010011111001000010000010000011101110100110101101000100001011101011111011110000000
111111110100111000000100111000000101100001111110111000001001001101111101010110011100000010010001
011001100011011100110100010010001010011100111101101101011001110101100101000100001001111000100111
001011001011110010101011111000100000001011000100101010111001101111011000101001000100001100011011
101000011010001101000110111010100100101010000011000010100011100100011000111101010110100010010000
100110000110100010011000001101000111011110001101101111111111101000111010100111001000111011001001
010110011111000011000011111101110010001000100001001000000101010010101110101010101001111100111110
101000100111001010000001111010101100011000010011101011010001101111001100000100010111101001111100
011111001011001111000011011010110001011100110000101001011000000000000110101001000010001110100111
111000011110100110100110001101100001111010000001110101000001111101101000100000111111110011011110
110001110011010110101011010101011011011001101101110111001110011100111111101001101010100010010110
100100000011001101010111011010111011100101011011101001000000000001101101001111101011011111010011
110010010000010000011110111010100110011011010000110000110111001011111110000001010111011100001001
101100100101100011100001010101010111111001000100110100100100001010101010011110000111001111110111
001111000001011110000100010111001100011110101000110110010010011010011111010011000111010000111100
010100011110010111000001010000010111001111000100111100101010101011011100110000001011010110011011
000010000111001111110101101010011100000100000101001111111110011011110011110100010001101110011101
000111110011110000000101011010001111000100110101011110011010100111101100111011011101010110010001
100010101000111111001011101010100100000100101001101010010110111011101111100011001000101111101000
011010101000001111110111000010011001111001000100000111011001111010100010000010110111100011001010
011000101110001100000111010001001110001110111010100001001110111010011010000100101101111100000100
100100001100100010001001111101001110110001110011100001100010110000001001001110100110011111111011
001110100110110100110101101110110110110011000101010010111000011111100011101100100110101111101111
100100100100001011110110010111011010111001100001110000011000111000001100000011001001110100101010
011110100010010011010101110000001011010000010111010110011110110011011011010000000010101010101110
011010010000000100000100101010001111010001011001010010000111011111001111001100100011100000001011
010001110101100000010100001010000001100111011110111001000010000001000111011100100001110010110011
111111100000010001010001011111000101111000000001110100001011111010010011010111010111000011000000
000001000001011100111111010111011110010101000100100110010100110111100111111000010010110011000000
010111101010110111010101101011100100001110100101111110101101100001101110100011101011011011111010
111000010111011001101011101000111111001110101011111010110101111010111100011100111000111100010110
101101101110111001011011010110011001110011011100101001000000000101100011111000101110001100101010
001001010011000010001011000011111110111110100001011110001101011100001111101001111010001110110100
111011110110111010101101011101011110000001100101011101100001111000111000001110010100001001001000
010000100100010000110100110100101101010111001001000001101111110001100010010011000110101010101001
101001000010000101100000000111000100101101000001101101011010000110011101101110010001010010110011
101110001110000101000000100000110110010101000001110100011011100111011011000100110011000010110000
010100110101111111000100010101000001000111000110100110101011001011001110110110011111100100000111
110001000001100000100100111101100001110110000000100001110101100111011001110001100100000001010110
000111000110100010101011001010110000000101101101101111111001111100101011000010101010111001111000
001010100100011111100111000010111110010010011000110010101001000100100000101110110110001010000000
000101000110101111110010001011011110011011111111001010001111011111100001101110000000101011100100
100001011011011110110010101001011111111001100100010000111010111100000111111111011010100101111011
101111111111011010011000100011100101110011000001001001000110001011001011000101011011110001101001
010111111110111000010001111111010000011010000100101101100000011100100010101001111000110010111101
110000111001011001110001000010110011100110011101111100010111100001100010100100100101011110100100
001101101001011011011111011001000001101001110001010001010111000111100011110111001100001011101111
000000000101000100011010110101010000011001100110011111111001011100010101100101000011001111000111
100110000101011111111001000101001111000001000101110010101001010011000101111101101111010101110001
101110100010011010000001111010100010010010001111001110010100110010011010011011000010010010110101
110111000000000110111011001000100111101001110010101000000100101100001101100001111010011011100100
100000011001101110001101101111110101100001001011010001000010101110101011100101001001111010000110
000011111101111100110000000010100111101111110010101001111110101101100001000101011100011011101000
110110110100001100111001011000110100011110001101101110111011011100111011011011101101001110101011
010001111110100010100001101000010101001101101100111101000110001011001000010010001110110100100100
100000101000000001000000101011001001010100101001100100010010000001001000000111010100110110010000
000011010110110110011000011011100101101101101100111001111110010010000101100010011001111000110100
000101111000111101100000010110000011100110001010100001010101110001111100101111011101100100001011
011011110001001111010111100100100010110101111011100010010110010001001000010010100111011000110001
100011010101110101111101110111101001100110001000010111011101101000100111101000011010010010010001
101110101101011001110011011011101100111001101101000001000011110001110001110101000110110011011101
001011011110010101001011001111010000011011010101101011010000110101000110100111110101110010111010
011101011011111001010111000000101001111110000001100000110110000000110001011111110001001001111100
111010010101000101010111001000000111110000111100101111000101010110111010111000001111000011010001
110100011100001101010111110100111000100001100100000101101100101111010111100111100110100011011001
011101010000000100011111010101101101010110001011011110000101000011011111111011110001111111001000
011010101111001011111100111110101011001000110011101000000010100111110100000101101000010001100110
010011001111101011100101000000101000101010010101111111111000001111000000111011111010100000111000
001100110011100111101001100001000110110010001101111010011101110000101001100010111000100000000010
100100110101010010101011101010011110011010000001100111111011110000110111010111101110100011001011
010110101000101011101011001011010111010101011000001101001000010010000000010110001000101010100011
101100010010100011000101010111100111011110010010100010110000001111001100000011010011101011101010
100110100110101110000001100001101111100010100011010101100010110101101100011100110101110101100011
011101001001100111101110111111100100110111110010100100100100111101001100100011110001011000100011
111111110110100110110011000111010001010011111101001011000011001111110111001010101000110100100000
001111010010010110010110100110100110001101111001010011011011100011011001000101101111000011100110
011000111111011111011110001101100001000010100111110001111101010000010110001001111101010010100011
101101011111011101010001101111011010101101100111100011100000100101111101010010110101000011110011
100001010110010011001111111001000000010000010111111101110000111001000110011100011010010000000110
110000000100101100010000011100111001010101010110111001101100000100110101110010110001100001000000
001000111101000010101110101101100111101000011110101000011101100110100000001010100001110111110011
000001000111111101011001101010000000000000011000100000101010101011000010100111110110011110011011
001011010001101110100011100011011000010010100110110101000110001100001110001111100010110100001000
001000011011111001011101110100111111100001100100000110100001001000101011001001111110101100111110
111110101000111000101100000010100100010011000011010101101110111010100000011001001101000100110111
101111110000001111010000100010000001100110010000011001110100100001000010100000100001111001000100
111101010101101011000100111110000010110111100010110110011101001101100111100000001000111111101001
010101011010100110001010100000111011110110110111110100110100001001101101010000001000000110110001
101101111111001001110111110000110011001101000111011110100100101011011100000001110010110111111011
101010010101000101100011110101100100011111000111101110111110011000101101101111100101010010011001
011101110011111001111000011010110111010111000100110011011100111011000010010001111100000010010011
110110000001110001001011010111111010111101011100000001010110000001110010000000000111000010111001
111111010011111011111001101000011110101111000111000010011110101011001010111110000100100011100001
110100110110100010110111111001000010001110110010111010100101011101101011100100001011111011000000
011001010000100000111001110010000010101011011100011000110000010110101111100110001001110011100011
001101110010101010011100001010010101110110111100001111001111101010000010110011100101111011111101
000111110010001000110011001011100000001011110100011101011010111100110110010110100011111000100111
101000101001101011000101011100101011000010101100010001001110000011100010110001101111000101010001
000001001001111011101111000011000110000100001000101001110110101001011110001101110101111000000010
100010010110110010100001011110110101001110111011010000000100100001010110101001001101001100001010
111100111101001001111101000100001000101010011110100000001110010000100001100100000111010010100100
110101101110001101101110100011111011101101110001000110001100110100100111100101111001100011100111
101110000111111100001110111111010100010100010100101111111101110101111000111010010110001010100010
100001110000111001101000011101001001101000011101011011010100000110101001100110001000100000110101
000010010100001111000111001000101001111010001111011101011110011111100011111000001100011101100000
001111011011001001111000011000100101101101110110011111011011111000010110100010000100010100101011
001000000000101101011111001111001000010101001100000011001011100011111110100110110001110101001001
100000101010010001000010011111110110111101100000000011100101001000011101101100111101100001000001
000001001010001001111011001100011101011001111101101001110101100111001111011000100011100111011000
111111110011000000010111000010110101101101111110101100100101101001100011111111110101110111011011
010100111111111001101111011111000110001100000100110010011001110000110101111100000001001000101111
110000110010110111101000010111111001110001111101000000000011010011101101011110010110100111010110
101101000000010101010010000111101000000011001101000111110010000101100100011111010110001000011111
101101111100001100000111110010110000000101011101001111011111111001110000010011110110001011011101
000100100000010110110000100111001000001000100101001101010011101111011101011001000100011101001101
111100000111101101010111010000001100001101000100010100010100001110100110110011110011000100010101
011011101010101010101110110100110101010011001000001101001000100000101010001101110111110111100011
101000001010001110110011110110010111001110111111100000111101010001101011100000011010010000101111
000011111000000110010000111011101101100001000100111110111100011101111000100111100110111010100010
111010011000111000001010000011111100010110111111011111101101100111011110001101110111101000100011
010001001110111110101010110100010110101010011001001111111101101011110101100111100010010011001111
101000011110100000011101101101000100100001111101001111110100110000011100100000011010101100100111
011111100110010010100001000100111100001100100000100001000100100011010100011010000111001010011000
100110001101000011110010110100000110111011110010010011011111011101101011101101110110010010010000
111011010010000000001010100001011110000101101111111101001101001100011000010110110101011001110100
110001011100000101010001001110001101110011100110110111111001001111101101001100011000010110100000
001111001000001100101110110011000001010101010110010011010100100001001101001011000001101100000101
100110100100111001100011000011111111001010001110101010111011100000100100011100111000010011101100
010100101010101100111011010000011000110101000011110010011011001010100110101010001110000100111011
101001111000000010010111010010010011110001001110011110001111101110101010101000101000110000011111
110010010100100100000000111010111110101000100011111100010001111101100011101000000010000011110110
100100100110000100111001001110001101001010010010111110010011010000011010100011101001011010001001
000111011111110001111001001000101110101010011000001101111110111010101111110101001100011110011100
110011010000111010100111101111111000111010110110111011111000010101100001010101010010101000010110
011110101100010011001110001110011100001111011111010000100010111110010001101000000000010010100100
011100000111101110011011011101111010011001010110101110011000101010011001011100000001111101100100
101001111010000001100001010111011110110001010111010000011110011110100010101111011001001110101101
111110101111000001001010010111010001100101010001010000000110010101101101100010101010001110111100
011111011011101001011010110000011010110011111000010101001101010001111001100001011010011101011010
100100001111000100111110100110100100011011000101000110100010110100000000101011100011110010001010
010000100000000101110010100010000100111000100011101011110100011010011101100100101001101110000010
001101000011100101001001001110110000001000010100001101101111100111101000001011101010110010000000
110011111011100000100000011011000111011101000010111100101011001110001000100011001111011111110110
100111100011001010011101010010101011101011000110000101101101001011111000000110010110111100100101
000011001000001110010000010110010000101010010101111000011110001000110011111101101110000110011010
101011001110011101000110010010110000011111111100000011100111011011000010111001100010010111101110
011110011011111010100000110010111110010111011011001101011010001011010110010011011111000111100010
001111110101010100100000111000000000010010100010111011111000111111000000110110110111100001001111
101111010110011111111001101100000100010011011010001101011011110100100000111010010110111010001001
111110101111000000011000010111111110010111110011101001011101101011111011010110101011111100110100
000101100101101110100001001001111100001001011000000011101110101100001111010100010100011110101110
101001000110010001101101100100011011100100110111111100100110011111011010011110110000111011111001
000001000111001101101001000001101111101000001111111100111011110111011011011010011110110001010110
111010010001100101001011101100001001110000110110110100010101000010010010011010100001100000110101
101101010111101110001000000110100010010101011100101101111111000100111101001111000100110010001001
011110110100101011011111100100100001101001010111101101110100001010000111010000011100000011001001
001011000001010100010110011000100001011101001010001100001000010001101101001111011110110010010010
110001000101101101111010110011100010111100010001000100011011010011011001100110100110011110000001
000111011011010000001110010101100111110110000110100000000101010001001110111011001100011111101011
110101110000110101011111011101010001000110110110010110001000001011101101001001110101110010011101
100000100110000011001100111011011011011101011011001010000000101000111100111100101100001011011000
010010000010011110101000111111101011111100011111110111001010111111100110100010110111010000011001
100101011001000111100100000100100010100010001011000001110110111001011000001111001000011000111010
101100001110010100100100100001111100011001101000100101011010010000011110000110011111110010111010
110010111011011110111000110101010100100010111001111101001100110101111001101100000100001001001011
101010001110011111100000011101111011110001010110010101011011001000110000011100100011110000000011
000011110101100011111100111110100100110010011000011110101000010001110010111000000101110101111100
101010101110010100011100011010011101011000110010001101010111011111111101000111000111101001110010
001001111000011111010111010011010111001110011110000001100000010100010001100010001101100001000001
011101100101100110001100110100001101011101000111010100110000100001111100100111011100110010101100
110100100010010101010100010111110000010100111011111110110110010011001101001001010110111111010010
010101111001001110011000011101111101000101111101101001010111101000010000001000010100110111000100
100011111111011010101110001000110001001010010110110000100000101010111111001100000111100010001110
101011000110010010100111010100111100100011111101101001011010100111100010101110000101111101001001
101011000010111100100111101011111100001111011000110101100101001100010011100100001110010101001000
001111111110101001001010111101110111010001111100011010100000000111110100011100101001011101011011
001100000010101010110001110110110110010001101100100000101111010111100100011000011101110111010000
101100110001111101111101100000100101010100001001011000010000001011000011011111100011001111101000
100110101110110101111101000111011011111101010110000110010011100011001110001101111110111011010110
110100001110110110100101110001110111000000010000101100100000010011100110111000001100010101101110
111100111100000111000011111100010111100110011110111001010101010110001011010100100011100011001010
011001001111110000110110010100011001111000111010011010100101000101010111001010000100101110110001
000100100111010000111011010110101000100010010011011111011101100101000000110111101011001111010100
100001111001101000010000100101110001110011000111010011011011011100110011110100111101000001100111
110100000001010011100100110000011100000001011101010111100001010011010001111101000100110001101101
110001101010101110001110000100001011111000110100101010011011100001101011110111000010100001100101
