011001011010100001111001011111000101111000010111011101101011011001110110001101111101000001001011
001000001111100011011011010000100101011001101110010011101111110010110011011000101000011000010010
010000110000010111101101000111101011000010110110001000011110111000001110010000100100111010100100
110001110011000001111111101110000001001011101101110011110101010000101000011001101110001100111111
101101100000100100110001010011011011100011010011110100001101101111000001111110101111011100111000
111010000101110110100110000101111111010000000111010100111111011100000001100110110101101001111111
111111001111011000101111001000010101010100110010001110101010100111101000001100111011101101000111
001011110000000110101101010000101010010000110001110011100000001000010101100011100011110000010001
000111100000000011001101001010001000001110111001100010001000011001101010111100011111101011000010
100000100001010110011011011011100101111010011110011011101110011000011011010000011111011001100100
001001010011101000100011011101011001110000001001111101110110100101101100000010101010011110010101
110110110011001001100010101011100111011101111101101001011100010010010111000101101011110101110001
101111111000100000101011111011000101010001000100101011001000110110010101001100010010000010101011
100111111011101101010100110000010011001001111011000000010011011000011010100000001011010111001000
010001110000000011110001101110011001010000101110001000111101010110001101110101011010011010000010
110101101010101001110100100011111010000101011100001110011000100001011000001000001011110011111001
111001100100100110100101001101001001000111111110001010101010011001001000110010011100101010000101
111100010111110011010111001100011101110110010001011000011111100000110011010010001011110000101100
110101000110010010100110100010100000000101101000101101001101000011011010000000101101001001000001
100100001111010101110111011111111010111110000100011111010011111100001011111110010100011011011001
101011100111010111101011010110100010100011011100101001111001000000111011001110101101111100100100
010000101101000001010100100101010001011100101010011111110101101100101010011110011101001100010000
111110010011101101000000010111110001010011010000011101110101110010011100110101011000001110110000
011011110001000100010111000010100000010010011001010000101111101110001000000100000001001010010010
010011011000101101111110001000011000000110000110110001100100101100111110011111110101000011011000
110100001010110110111011100101010100100111111000101011000101111010000010110010011011000101111011
010100011000001001011110110011100111000101111100100000110001011101011011010100101010001100110101
100011101010011110001001011100110100010101010101111110100101111011011011111100101011110111100001
101110100001010000011110100100001101010000101101000100000111110101001111000000110011010010010000
101101000101111010000100101000010101001110111001011010101010101110011010011011100110101111111010
111110111111011111010011110100000010000100110100011011111000010010010010010100010111111010001011
101111110001011001001100000110001111101000110001011001111101000100001010111111011100011110100101
000001010110010001010001100010111110001101101011111001001101111010001100110111010001111010101100
000011100111110001011000100011010110000101111000001010001011111111001111000011100001010000010101
101011110001101001110000101010011000000111010111011011100000011111110001000010100010110011010010
010111110010100010000000110100000010000110100111111010101110101000111111101011111110011011110011
000000100110001010111110010001011111000011011111000101100000100111100100110010110010100000000100
100111111110110110101011011000010111111000101100111001010101100110001111101110010101011010111100
111000101011110011011101100000111100101110011010011100011001101000100000110101110011010100111110
110001011010111111010000101101001010011110110100011000001011000101110100100100010101011001100110
001010111111000111100011001001101111000111101001000000110110000111101010001111101101001000011110
011100011100101000010101110010100111101100101000110110100001101111110111001110011101110110100111
011111010101000101011011000011010100110111011000011010011100011010010110110100100000000011100111
101110001100000010101000100101000011010110101010011100010110000001101111101111111000001000011011
010000100101001100000000011111110101000111001111111111110111011001000100001101011111001001001000
001011100100111011100100110100111001100001100101001010100011011111001101100101000011110011101111
010011111110001100110011011010001111001101001110001100110101100111111101010100110111011010000000
101001110100100110011010111001010110110101001110010100010100000110101110011100000010001101101011
101011001001000101001010000111001111000000011111110000100111111010000110100101011101100101001001
011011100011000001010100101011111000100110110001001011010011101100000011010110010110000010011111
110000011010110000001101001101111000110100101101110010011100000110010111010111111110010000000010
101110010010110000010110110101111111000000100000100010011001110011000010011100101101000001100111
011001101101101111010111011101100101001111101111000111010010001001101111101111101100001111010111
000000001110011011011101101111001010100000000000101110110001101100111110110111111010000001011110
000000011001000000100001011101010100110101010110101011001000001111101000111100011010101011100000
111111111010000000100010001101011010000101010101100001000111101011000111101111001111010100110111
100000101101000001001101100010110111000010011111010000111000000111110000110011001111011110001111
010111001001010111100101000101001111101100111110001101110111101001111101001010010111111001110000
101011010001101011111000111100010111000001010000110101110011001111100011101000101010111101001101
100000000000011100100010011011110011000001101001111001101110100100100001000100111011100011111111
110110100101011011100010110010110100001011100100111010100011100010001000101110011011100110100010
011000001110011001011010110000010010100001000100010001011101000011100011001101000100011000100101
011111001001111011011101100111111111001010010001001110100001110011100100100001010110001001011000
110110100110111111100000111110111011001010011011110011011010010010001011100001100001111011101011
010111111000110000111101100000111101011011100010001001001010011100111111001100111100110010001100
100101011100111100111000001010001001101010110110000001101010100110001101100001101110100000011000
011011010111010010110101000010000001010001011001000001111011001000010110100010011000010010100011
101000100100111111110111101010101000001011111001011111001000101111011010000001001010010011001101
010110101001011011100110011011100010111110011110101011110000000110101101011101111010110010000000
111010000010000100110011000101010001100100011011011101111110011011100001000110000001011100100111
101101101110111001000101011100001110011111101010101101001010011111100000001001101010001110001010
000100100100000011110101000001100101001111010110110000000001101011010001010110111011101010001101
110111011000011000100000100110100111010011000001110110000010001001011001011111000100110101110101
000011110000111010101100101111000000000111101000000011000001100111000111000001101010111101100011
001100111101111000110111110000000010110010111001010001100100010110111001010000110100011100001101
000011000001000100110101100010001110110101011010011011100111100100111101110101001011011111011010
100111100001010100010001111001100011110100101100110110000111011110100101000000111011110101001101
000111111011100111101011101010001011000100101010111010000010111111001110101011110100100100110101
101011000001101101100000100110101101010001101100111110110111101000011110110010001010101100101110
101110000100011001110110100100000111110000110110101001110101000111011011111110011010100000111000
101110000110100011000000111111111101110011111101011100011110101011100011011100011010101101001110
000111011100011101100011101100000100100111100111110001000100110001110110101010111111000010111101
000111010011001000000011100110001011010111011001100000100001010111010010110000110111100111111011
110001011010110101001010011111100110001011110011011000001000000000001011101001010110000011101101
010010000101111010110010000111001110000100011100101010010011110001010000011100100110010101110101
001011000000000000111100001100001010010010000111111001111101010111011111111110111011110001111111
001011110000001101100010011110110110010100100010011000011100010011101100100010001100110101101011
011010011001110010111001101010111100011100110000110101001000001000111111110111010000110011011010
011011111000101111101000001010111001110000100010110110000110111110000001011100001101000110110101
010110111011111000010011111010110000001100000101000100110010101000000000111111000000001010000111
100010010101011110011110010010101111000010111000011000001101010001000100101110000011011001000100
110001011101010110101110001011111011000010000100001011010110111011001101110000001010110000110110
100100110110000001101011100101001110010110110000010111111001101010011110001101000011001101111111
010000111010010110111100010001010010010100011100111001000001100000101010110010110110110011111010
101100001011010111111011110011011001110001001010100000101100011011010101001000100100100111010001
111110001101101001110101001111111010000000001000101100000010101001000010111011001110101011101001
111100110001111011010011110110111110000011100101000011110010101101001110110110100111110011100010
011000000010101001111111000110011011111110001001100001011100110011010101000110110100110110100101
111101010011010111110101100001011110011111101010110101000110101011110111111010001110011110111111
001001011010101100000111001101110001110001011101101000101111110011011000001011100000000101000111
