001000001011001100010110110110010010011001100100100101100111111101000110100010110101010101110010
111111000110111000110101100010111011110101100100110001011111000001110110110010111001110101001000
110011111100001101111010001001100100011111110110111000101110011010001000001010001010010010100101
000010100111101001011010110000111101101011111101101001001001111110101100001101010101110110111111
111001000101111001101001010111000000000011100110100111101010001110010101000101101110101010110110
001101101010110010010011010010011101001110001011110101000100101101100111101011000111001011001110
010100011011001110000110011111000010111001001000001111110011000110111011001110011000100000101100
001010011101011001000100011111011000011010110110011000111010001011101100110111011101110000001101
101101001011011110111001100011011110101001100101010010001100101011111011011100000000100010000101
001011110000001010000110000010001010111010000100111101001100101001000110110110111100110001001010
100101111110111001100011000101100101110110001110000001110010100110010100110100011101100111101010
011100010000000110101110111000000101011111110010100000011100110110101111000100010111010110100000
011010111010011101010110011100011011110100100110010101000111010001011010100000001111101101110111
100000111001010110101011101101001010011010000101001000000000110001110110110000101001010001111101
000011010001010110110000001110110011000100001110110010111100100000100001011010111011110111010111
010101011100100001000011110011011111010100011001110101011101000010001100100011100100010110010111
101111100010110001001110101100111000010100010101011111111001010010011001100001000110001000010011
000111010001101111010000010000110101100000001011111010111101000110010110101000100000000101111001
001111000011011101111001010111000001011101001110010001111110100100010001100110100010010000100001
101000001110000101001101110110111100101101101011111001000011010111001101000101001100100101110100
010110000100000110111111101101111010010000100110100100001110000111001111100110011101001101110110
011010111010011110111010110111100000111100011100110011001000010000000101101101111011101100000000
000000100001100101001000110111111011110101011111100001110100011101111000011101100001111100101101
110100010111111000101111011100110001001110000101010101110000100000010011100101001100010110010110
101111100111111000001010000101000101010010100010110111001111011111001001111100000110001100100000
011011111111110000000000001001011100110100110111000101110010101100110100110000001000111011100100
111101010000011010111101101001010000100000111100100101001000000110001111001101101110001010111101
000001010111110100010001000001001001100110010100010110101011000011101010110001111110110110001100
101011100111111000100011100101100110010011001001010111110010011011011010111100011101000010001011
010100101001010011010101011100001001011001101010110000111110000010000011100000000100000000100111
101000001011110010011110001000001111010010000000101110111111110000010100011010110011100100101000
001011010101111011111000011000111110100111100100110110111011101100000101111100101010100010010100
000111110100000011010110101001010111101000111100000001101000110110000110010010111010100100110010
000011011001111000011011100101101001010010001110111101011000011001010101001010110100101100100010
111101100101010111101110001110000100001010110101010111111101010101001100011000000001111000111011
011000010100000100101101111000010101100101011100110101101101110001000101110000100010101000101101
100011100001010101100111011010110000111001100000000011110101000001001001010010001111000100100010
011101111011000101011011100010001000011011101100100110100100101101100001101010011111011111101011
111011011000100011001010110110001110011001000101100000100001101011100100101010100011110001001001
100001011001110110010111111010001010000100111110111110011110110101101111001100111000000000010111
101001100111010000101110001000010110010000000110010111011010111011001101001010010111010010100101
001001111111111100001110110111011101011111001101110111011110011000010110011001011100110101010101
011101101111110101000101011000001001001000001111101011001111010001011101010101001100101111010111
100111000000100110100000100100000011010111100011001101011111101111011001111111110110111010000110
011110100000010001011111010001001111000000010001100000100110100111010100010100110101100110010001
000011101100001010000001010101001001000001011101100000011101011011010110010001010011110011111101
110100001011000100100010110011011101111010001101111011001101101000110010011011111001000010110111
110100100001011010101001001011111101011011101010110110100110101010010001000010011010010101100000
111010001001101110001000101110110110101101010000011101110000100010100000101010101001001101111101
101111111111100010110101010100100110010010010100001111111100011100010000011000011101111010010111
100111101111010011111101100100111101111011111011111101010011111100101100110001101100000000010111
110001011101111110000000110100010110111100111001000110100010110011111110010101101110101111010001
111011000110001111011101101101011100011001100100100111010101101111001100010110010101110110010100
001101100011011011000001010100001100010101111000101000000010011010100000010101001001000011111100
011000001111000010001101100101011101000111110100011011011001010110001000010010001010110011100011
001100011101010110011100001101111101110011101000111110001111010001011111000101010001000010110101
001101101110011101110010111100111000101101111101101001000000100101000001000100110011011011001101
001010100011011001100110001000001011001100001001100001001100000011000110111011011100100011011111
100110100010010110000111110100101010010011001011100000101111001111011010101001100001001001001010
101000100101000010001101110010010000010111101000100011000111110100010001111110111111001011010111
001100110100101000000000010110101000110110001011010011000001101101100100010000110010111001101001
000011001001000001010000011001011011100111000000110110010000111011110011010100101111111111111000
011100011011101101100100001110110000010101011000110000111010110011011010001010101110111010011001
000010100110110111011010101000011000110000110000011111001010000110101001000100000000000001011001
101101010111111000101111111011110011100100111101011000101010100101001110010001001001000110101110
100010010011000101000111111010011100010011010010011111010010001101110000010110111011110100100100
101000111101011101000110111010001011011101010011110000111010001111101010001001101000110001101101
100010111001110001011111111001100011001001111010110111111010100110100000101011001000000000101000
110101000111101011010010100010011110011000100110100101000101000101001001010110010011011000101101
100110010100011101000111110111001001100101111100110110010111110101001110110101110010001101100010
011101000011000011110001101000000100101110101001100001100100000000110101010100000101011111011000
111101110010110111100101110100111111000000100011101110000110101101100100100000110011010001111010
000111111000010100010111101010010010111011011010110110110000001110100111010101000011010010100111
111101100010110011101010110100011011100001100001111001010011000010111110000010010110111000110001
111110111100000111101000100001111100111111000101100100010000010111100001100001100011010110000000
101111110011011110110110100110100111011100010010100100000111010110011100011100100110010011000010
110101111100001001001101010011111100000101101010000011101010101000110101000001110111001111010110
111100111111011010100011110010001000100010010000000000010010101110110111111001000001111001100010
100111111101010100110001100100100110101011001000110000110110100110010010111101000110111100110100
000001111011100110001010100100001110101110000111001100011010101011101001010111010010111011010100
101110101100010110001101110011011001001101011010001011000100011110011000101010101111110110110110
101111001000101100110011111100100010100100100010111000111100010111101111000111011100011101001000
101011010000000111011110110010101110010001001101101010010101011110010011001110111000100111010010
010110101001110010010001011110100001111100010111111100100110100001000011011111010110000110100111
110111001000101000010010001111010111110011000000001011111111010001011011000011101111101100111010
110001010000011001000011011000000010111000110100001001111111011000000110000011011001110000000010
100001011010010110010010111001111011101111000100010001101100010111010100001111011111010010001011
010001110011110010101100101111101110011001110111101110011101110010001000011100011010000010010101
011010100101111111110100110001001011000111010011110111011101110011101001001000101000110001001010
100110101101010101110100000101110001001000100011110100010011100101111011110111111100000010011000
010100001101100110101010000111100110011111100100110000100111101111100011011001101010001001001100
110100101010010011011100001000001011001010010010100010101101001111011001010100101011000010001010
001101110001111100011000101100010010110000000100000111011101100010111111101010011100001111011000
101111010011111010110001101011001001100110100110100111000111101110011000001100101010011110111101
001011101110111010100011100111001100010110011111000110111100110001111000010011110100111101010100
011111010111100101111100001101100110101101000111100000001011011011101100011100100011100110111111
010001000001010100100011111010101001101001101001100100010100001000111111110101011010101000101100
011001110010011100100000011011100011100101000010010100100100010110000010010011110010001111111010
110111001011011111111101001110101100000110110111000111001110111100100010110111011000011001100110
101111110100101001101011110011100011000010000111100000001100101110011101001000000011111011000010
