110111011111010010101101100010001111111100111010101110011011111100000100010101100010111010011110
011110110101000110001111101001011100000000110111100011110100110010110110001001011100011001100001
011100110000000110011001101111111010011111000111000110001010010000110110101001000010010010100111
000111001011110011000001011001011110011011100000111101000100110101101111100100000110110000111111
011101001110101111100111001011011010001101010111001101100010100101111001110001011100100001111010
111101010101100000011001010011010000000101010101111000010010111100000100100010100011111001011001
011100111100010110110001011111110011101110010100101011001101110001100010000111111000011111110010
010110010111110110101000011011110111110100000101011010010001111110011000101110101011011000011100
111000111011100110011101101000101001101001001010101000111110001000011111010111111110110010111111
111100111001100010100011110111110111110111110101010001100101100111100011101111101010011111101010
100111011011101011101100000100110010010110011101000000101110110100100010101011011110111111101100
111011010010110000010001101011000111011010111100000011011001111101110110001110011111000001001010
001011100100011110001001111000000001000001011000001111001010001111111111011010101010010000011001
100101010111000101011011011000110001011110100011011010101101000010101111010011001101011011110001
001010111110010111000000110100000111000111000000110001101111101110001000101010100111100100011111
000100000001001101001101101010111111101011010011001010100101011110110101001000010010111011000010
101100111010110011101111011010011010110111101000101010101101001010001101100000001101111100101101
001001001110001010110001101101110010001110111001111100101100111011111000100111001101011111100101
010010001011011000011001110011010100011101001001101101110110011101100100011011011100011110011010
000001110101111001001101100100101101000011010100110001001111011110011110110010001111111000101100
101010100111000100001110111001011000110000111001101011010010010010110111010001101011000101100110
100011000010011101110100001000010000000111001010000100000010011001101001011110000101011010010100
101000101100001110100001001000011110010101111100010101011011011100010101010011010001001010001100
000001101111010000001010001001010011110011101110111111110011001101010110111001101100111001000111
111000010010010000101110100001010001010110001010100101110100000000010110011111111110100111100010
000111100100111110000010110011100000000110101101001001000101100000001010011010000000001000011010
110000010011010000110000000011000101011111001011110011100111010100111111001000101000000011110011
000010010100100010100111011101100110010011010010010111010111010001111001000100100010111110111101
011101111101101100010101000001010101110110111101001000000111100001011100000111000110000111100000
010000101100111010011000000100101100100011100100000011000111010100110001111010000000110010001011
100010101001111100000010110101111110010000010111010110111110111111001001100011010110101011010001
110001110010110110100001000011110111000001100010110101000010011001001010011001100100101010010110
100010100101111100011010000100100011100011101110100011110001001011110001111010100111001101101011
101010010111100011011010001101111010111111010000001001000000011001101111111101111000110000110010
110010010111110011100101100111010011111100100111100110001001001001110101011111111111111101001100
001010001001000100100110111001101011101100110000011000111011001001101010101110011001000101100111
011001001111111011101001110000100110000111110011111000000000010011100110010110010101101100111111
111101001000000010100011100011001101010111101111100111101101101101100101101111010000110100101011
010010111001101000100110110100001101111000000110001110011001101100101011000000101001110011010111
110001000101111110110101110101000011010000010100110001111111101111000011000100100001011001100010
000111010000011101000000000001100100110000000110000110000111101000000110000010000010101100000100
001001001001000000111110111110011100100110001000100011011101010110010101001011100010111100110010
100111101010101111010010010100000010000110001111101001010001001011101011001000101101011010011011
011011101011010100000001010100011010111101010001001001000101011110010100101011010101101110010111
000000010100101011011101010101101111101110100111111010111111101100100010101101101100000110001001
100010111010101011011010110110100101111111010110001001001110000010001001101010111110100100100001
101100111001000001111101001101011001010110000010011101010010101101111011101010000001100010000001
110110100010110011100000101000011010011001011100011001000011100100010010111000101110100010000100
001001110101111101001101010000000000101111111111100011011000001000110100101111110110000000010010
101000101111110100110001111000100111011111100011000011011001111001110100010111010111100111010111
101111000100101100110111111011011010001101000100001101111010001100101111010001011000001000010010
011110001101010000001111011100111000111111111011101000110110101000010001110111100011101000001110
011111010000100100110101000101010011100011110111011111001001011110111101111011101110011100010111
111011001001000101101000101100001011011100001010010110110010101001110000100111100111101110000110
100000000011001100110011010110100000000011001110000010010001111010011100110010000011000100100110
010010101010111101110000001000010101011011110010110000100000001010101101111001001111001001011001
011100100100111000101110101101011011000100001111010110111110011101000011011110111010111001111000
100000111100100110001111111001101000001100101101001110010110010001100010010011100110000110110000
001011100011100000111000111000001111000010011000110010000110010111010000011001111001001010101100
111111111010100101000011110001011000011100101111000111101010011101011100010110110101111110010110
000100001111101111010110101011110100111111001110011110010110011001110110011011011001010110001101
000011111010010110011111000111011111100011001011010110011000000111101000101000111110010110000001
001111101100010110100100001010011100010111001011000111111101100110010101111001011000110001010001
111100111101101101110100011110111010011011100101010100010001111101011010110000001011001101100010
001011011000100000010001011110101101011010000010111001010110000100011010001101011111011101000001
100001100111110101111011010100000011100101100111110011000110011010100010101011001110111101110101
110011000110011011000001000010001001110011101000101001101110001111010100010011110001000011111111
101101111110111111100010101101010110110010111010010110101100101110000101001010000111111110010111
110001011100110110010001111100101101001111010101010001101011001111101001000001111001100010101100
110001011011000111100101111101010010111000110000100011111010011011100011001001010010001011000001
101100011100111101000011100010011100010000111011001011100111010000100001000000100111001110110001
001000010000101110101110100100001000010101110110101001101000000011010110010101000111101001111010
000101100011000011011011001110101010000001001011100000111100010111111011111001111011110101011001
111101100110100011000101100100001000001111101001001011100000101011000101011010110111010001000011
011101101000000110111001000100000101111001011010100001011010000000011001011001110011110000010100
010100000111110100111010010110100001000010000011100001110010011111111111111101101100100001010001
001101001100011010011011010111111001101100000001101100001001000000110011001100100011111111111100
110111101111000001010000010001010101011111100111000010101011011001101010101001101010111011001110
101111101101001101010100110110000011110111111101010010100001110001000101010111100111011110101111
111101001000101000010000001101011000100111110101101101101011110010010101011011010010101110011011
101001001101111110011000010110100011001111000010000101101000001000101010000101010010011111111111
011001111000101010100110100000110010000110010100110111111111110110101100111101011100001110010100
100101101100011111100111010001110111011111011101001101110000010011100010100011100010111001101011
111001101111111110011101011011101010101101100010110000100000000100111011000100101000011110100110
001010000011010110000101100000100001001101111001010000101011100000011011111110100011000110100100
100100100001111101110111110001011001011001111011100111011111011000011100011100110000111001100011
101100010000110100101001011101111100100011011110111010000011001000001100110110110100000011010111
100100011010001010011111011000011000011101101000011001111001010110100011001101010000000110110111
011110111001100100101111000001000101011000111010100100101100001111110001010100000101100001110101
111110100011011010101011101110100110010100010001000111100011001000101001010111011101000011010100
100110000101010111000010011101110000101011010100110111100000001100101001011101010101101011110101
010110110100110101000100000000101001101011001011001011010011001100010001110000001110011111010100
101110000111101010111010110101011111111010000101101111001000000101100100010111000110001011101001
001010110101000001011111100010000111011100111001011101000010010110111100001001010100011101111010
010001000111001111000001001010100100000101010110010000101011010111011100010010001101101000000110
111110101110100111100001000000101100100010011010101110011110010101000001100001111111001010100100
000001110011011010011001000111010010100000111111011101011010100010010000000000110001111100101001
001100101011010010100110010110000000010010111000101000111100001011011011000101011011100010111111
100100010011110110100111101000100101011100000010110001110000111101110000000100001100011011000010
010001101000000010011010110011110001011010011100101110010111000011101111000111110100111110100011
