111001111111110101011110101001010010100010101101011100110101111010010100101111011101010110010010
010110101000010100101111010101011000100100011001001110111010111110100101111110110010111000101000
101001000111110100110011010000100111000100010001000011011000011111001011111010010011111100001101
101100101110110011001011101001101010000011101000101111001010010100001010011110100100111010110001
101100000101111101001001000100110111111010011000010100111010010000110010111111011001101011101010
111101011111100001111100101100011100110010000011101111010111110000000001110110110000010101110100
011101001011001010111111010110100001101101010100011101001100101111010100110101100100001100110001
100000110101010111010111010001101011011011101001011111011101010111001001100001100001100100000001
100100110011101101101001001010110110101110010011111110010111110011011000111111111110111111001111
101011100000100111110101000000101100010000011010001010100000010111010110001101110110110001010110
011111010101000111010001001111101101010100101101001110101000011000111110011101111100101111100110
111111101001000100011101001110001111110010100001101110100100000101011010101101000110000100111101
011110111100000001111110000101010010111101000111011000010100011010111000101110111010000110011001
111100000110110110000011001111011100010100010010101101000101111110011111111100001011010101011001
001110101111010000001000011010001001000111000010011000110000011100010110011000001011111011010011
000000011001110000011110001100011100010001100110011001011001110100011011100011001001111010100110
001010101001011000100001001010111010000010011100011111011010010111111010110111011011011010110010
000111110100101110100000010000000001110000001101001111111111111000010111100010001000100101111000
000111000110010101100010111100000100101010111000001010001000011001010010101111100010100110100000
010110010001000010111001110111000011010000001110110100001100011100001101011100111111111100100001
101101011010110101000101000100111011111111011010111001001100100100101100001100101110111110001100
100011001001111111111101001001010000000001111010000111010110100001010010000100101110011000000001
101000101100001110100001011100011111000001001101111011100000011111001110110100110001000100000111
001111000101111100001011110101011011010111100011000011000101010101101010100111011101111011100010
011011011010111110011001110001111110001111111010001011011101101010011001101000000000000111110101
000111001111101010011011001111101111010011011001010000100000010110110111111110110001111010011011
010100001010011000010111100111101001100001110000111001110110111110111001101011010111000001011100
111001010101010000101110100001100010110110100110101000000101111110101011100011100001010100010001
100110111100001000001001000011011011011110100100010010101011011011011011100000010111101100101101
101110010001111010101010101011101011000000101111101100101011000111111111101111010111111000000001
000100001011011110100100010101100101100101111011111100110110000101110100010000101010000001110100
011111010100111011110011011110100111110001011001110100110110011111110001000101011110101110001100
001100011010111010111011110101011111010011001000111010110110100001010110101010010010000010110001
001110011010011111010100001110101010011001101100101001101010011011111110000100010100101101101000
011110000110010100000010000000101111010111101111000000110001110101001011110011111000010010011100
010110010110110001010010101011001110011000000001011101101111011101100010001100101100101001101101
100011100010011010001101111110101101110011100111011010001010100010110011010101100001111010111011
001111011110011010010011100111010100000110111101111001011111000101101101101100010110011001000100
101110100000110110010101100101101001000010001001000101000111010010010110111111000111110110010101
100101010010111011010000111011011100001111010101011011100101011111101011011111011111111110010101
010110000001101001110000011101101001011001101000011110010110110000011111101000111001000110100000
111101000110001100111100100010100001000100001101110110011110111000101111111101101100100000100010
111011110000000110110000000100010100111011000110001000000110001011100000000111001010100010010001
100000001000001101100110101101011010000100010101011001000010000100111001000100001000011101110101
011111111110100110011000111010101011110111101110101011110100000001011000111010000010010111011110
001100010110101010111000110011011100100101110111111111000000000000101101100110100100000110001100
110000100101011010000100011111101101101001110111101111100110110101101110011010000000101111100101
001100111001101101101001000001101111000010001001000101011110010011100001000111001001001100000100
111000000010000100101111000000010100100101111101100010001010101010010110010010100010010011010100
111110011100101000100110110011101000000100010000001101110101100000110000001001110001010010001011
110110111100010010010111111110000000010010001000110100110110001111111001001000111001010101001010
110111001111111101011000000101101010010000101100010110010110111111011010101111111111000001100010
101001101000100001000101001010100101010000101011000101100111001101001100100111001110101000010101
001000010011011100110110100011011001010100001110000010000011011101110010110110111101011101000010
000000011011000011001101101010000011010010101100111111011001011000001100111000001111111011110110
011100011100000100000111101000101101110101011000110110111000110110001100001010100100110001001000
011110110100001111010100010100111100001011011101101101001001100110000111010101011010111110110010
011100000010111011000110100010010011111110010001100101110010001101011100111000010001111010100110
001111000010010101010111010100111100010001100011110100101000000001111010010100010000001110000110
111100100001110101001010111100111000011011100111001001011001001110001101010110100000111110100101
000010101011111101101010101100010111100101110101101100111101101100110000011111000101000110100111
110000011101001110001010011000011111000011001110010001010111010001100011010011000001110010111010
100101010101110101100000001001010111000100111111101111000011001001000000000001011111111011011011
000001100000000011110110101000100111111110001110110111111000011010111001110101111001100111011111
110101000110111111111010100111000101010001001110111110001001000110011111010010111110000001111001
101000110010100001000110100101001010111001011100101101110010001001011100101000111111101000011011
110100001101000000001011000110111010100110010010010001111010111100001101100110010100001000010101
110000101011110001011011000111011010011101110010110011000110001101010110011000110000011101110001
011110100011101100100100110110110101001011011011111110011011011011101111100011101000010011001100
000110010111010011111001111101111101101101111011101100010001001010110101110100100010111111111111
010010100110001011101001000001011100101100011010011011010010000011001001100000001001001011000100
000010111001111111110001010111101111001101110110101000000011001010011110110010100011011011001011
100001000110100001001110010000100101000001001000100101111001000010111000100101110000110000010100
110100110011100011011001100010001000001101011101101110110000101111010010001001100101010000011111
000100111010111111100000010101100000100101101011101100000001010100100010000100101101001100111010
001100101001010000101101110101011011000011100001011110011011111001000010011111100010100110010110
111010111100011010101100011010010000000101100011110010001110001101011000001111101001110010001101
100001111001111100000000011001010010000011001011011100011110010001011000111010101010001101000100
111000011010111110111111001110000101100111010110110111011101100011011100100110100101100100100110
110111110010010010101001111010011111010011011100100100100011001000011101000011111101101001111011
110010101000011001001010001100111010001100101110011001101011110111010010000110100101101010010111
010111100011110001010110110001101000111111001010000111000101110000110010001010100010100000011100
111111001001011000111111000011110111110000000101101011000101001100010011010010001010000011110101
110100101110111011001000001011101001101001000001010101101101100010010110101111100101010110101001
111110011010101100111101110110011011110001101000101011011100110101101101111110111000101010100010
000000010111001111010110010110010010001101111010110111110100110100001000011000010100111011101000
100110110011000000000001000011111001010010111011010101010001011111000100110100000111001010001000
110110111001001110100000100101101101010000111001011110100111111110010000100110011100110111111001
010000101000110110001101011101000100001111100101100101001011011011011100111011011000011011011100
110010010100000111011000101001011100101000000111000110101000110111000001011001101001011000110001
110101010001100100111110100011100011000101101101110000111100010101001100000001010000011111001101
001101000001110111011010111111100110111010111001011001100011001000001101111011000011101100000011
000100100000011101000110101110001010100011110000011111110101001100010100100100111010001010011011
110100111110110001011111011111110001011111001010001001011011110110110111010111111100110110100001
001010001000001110110011010000010011011011101010001010011110011000111111100000111001101110110001
010100100011111101011011100111011101111101101010001101101110100110101110110011101000010010011011
000001001010000010100000100000001101111000111000111111010011101101101001100000110011001111011101
100001011101111110111011010000111101101101111000100110111011111101011000110001101001010010101100
000111100011000111100111001011101110000100101001010101011001101111100000010110110011000110100111
101011001000000011010101110010000110001111111101100100101110011010011000011111110100110110111000
