000101111100011111110011000000011011110110001000101010110111101110100100101111010010001001011000
111100101011001010000011110001011111110011001011101101000110001101100010000000111001101101111110
110100000011110111000000111000001110110001101110010100011011111110101101110001101101101011100001
100110110101100100011001010101110011110110011111000111110010100111101001100111100000101110001011
001000110111011001110101111001001001010111100011100010110111111011111001010011100100100011100100
101100100000101101110001011001100110001000010101101100100111011100010100011000110010110111110011
101001011110111000110100011000001110101110011110100011000111100110100100101100011000000111010000
011010111110100010010110100010101110001101100001000110100101000111110111101110110011111000011010
101100100010100010101100001100001000110110011100001110110111110100100111010000001010001010001011
000100100100011011000100011000010100001110111010000100101000011100010111110100100101101001001100
011000101110010110000000000011111110110101011111111111000010101111100000111001010101101011111101
100100000110111010100000101100001101000100001010011010100010001001101110001001100011101111111010
110011101001111001000111111001110001100101110000000110011111000110001000100110111001110100110010
100110101100011101111111110101000010111011000110101001110101100101001111111100100010011011100100
001111111110000011100000011011001011110000110010110111101011111101101000110000111100000110011110
100111101000010000000110001010000000100111011101000011101010001010010111101110010100111111000000
000101110111011110110010111000110000010101000100110100111101011110010100110001111000101001011000
000101100110100100000101000111101010000100000011110101011110100101010001000101000010010000111100
101100000101010010010011011111001000101001000000001011111010101001000010010000101010010111000101
010001010010000011001000001010111101010011101111001010001011110000000010100111000011001110111001
011001110110011000111111100001110010110000111100001111001100111101000101111010011100101101011101
110010001001110100111101110111110010101101110000001110001001100101110111110010001100011000101111
111000100010001011111000011111011001011110010110000100011000110001000001111110110100000111010001
010101010100001010011100001111101001001101011011110010011110100111001010000110101000011110100010
011000011111011001111001010100001111010110100101100010011100110101011010101101101010011100010000
110001010000000110001111100110001011010011100111010011101101000110110001111100000100001110111010
111010000111100010011110101001110001010011111001001010111110001011000111110001110011001111001001
110010111111000100100011000000110011100001100100010100110000001010110001001110101110001101001110
000101000000110010001001111100001001111000101011100001011101111010010001011000111000111011111001
000110011001010000110101011001010111011101110010110110101111001101001010100010011000000111011100
101010101101011011111000100001010001110011011100000001100111011000101100010010111101111000010101
110001111000001011010011010111101111110011001111010110010111000100111001010101011111001100001001
010100000001111111001010100011110011011110100001100111101001011111000101101001011010010111100100
000011010001101001010011111110011001100100100110110111110010111010110010010111100000000011110011
110010110111000111001001010100100000101101011000011110111010011110110100011100100001110010010001
000001010110111100110100101101010100011110110010001100010000010011110111101100110111000000100111
100100011010011011010001010100000101101001010100101011000100011101110001001110101001101100111110
011110100001110001111010100111101111001001001000011111000100111110101111011011001111110110100000
011101010011010111010001001000000001100100001010101110110110100000001101101011100111000001000010
010010011010011011101111101011110100110100011001111100000001110101011110101100001001001110101011
000110001000001111100100110011100001011101101001001111110100100000011011000011101101001100101000
110010100011111010101100001111000110111111101001101101010110101011001000111101110001001001101010
011011101010101011011001100000011010101010110011100101111100010010101011110110101001000010010100
110110000001010001011111001001111000110110100100000001010001101101111001100100110000101000011110
010111010110111101101101000000010001100001100101000010110000110000011101100001100100010100111110
100010010110100111001000101110011100111011101010010100111101110110001010010011000011111000100011
010010101111101110111000110111101110001001101110001011101001001000110101001011101110010001100110
011010110111010001111010000100001110011111001000010011100010100101101100100001010100100101010001
011010111001001101000111001000100100110101101100110101100010111110110000000110111111010000011000
110011000000100100111000000101111100001011010101110110010110110110101111000101111010010001101000
111010101111111000010111011000101011101110010011001110001001100011100101001000100111011001011111
010100010011100101111111100000011110010001011010110010010100110011010100000111010001101000011011
100000010100101100011111101100000011100011000111011001110000100011110110111011010100001110101110
010111010010101010000000100100101111010101001011010110011101011000100100010100001000100011111100
111100011001001001000000110001000111110110100101110000010111000101010111001011110101111111111000
111010111010010101011010000110111110000000001111100101100001101111110100001100110110101001010000
001100100110111010101001111001101101111100010000100111001101000010000000101101100010110010100001
000001011100001000100111010011011011100010000011100101001101101010011011010011010001111010110101
101101001111001101110100100110001011101000010011100111110011101101111010001000111001011011000010
100000011111101011000000110100000110001101011101000010011101011001010000100110101110000110011100
101100111101100010101110110111100001100011011001000100011011011010100010001000001010100100001011
010011000001110001000010100011000010001010001001100000010010010001101100001000001010100010011110
110110011110001111110010010001111001010011110101100100100111011010100010111000011110000101100011
110100000110101110111111111101110100100001111110000100111110001111100111000011000110010101000100
001001100111011110001010100101101110100011101010110101110000010101010111000100001100100110011100
001100010101101000111101100101011010101001100000110010100001000010110110110100001011001100110001
000111000011000101010111011111011110101100010111000001000101111011101110101000000011110010100110
101011011110101111100000110101000111110010100010011001010010010100000000111011010100100111101001
010110001010100101010001111101101101100010001110101011111001010011010010101001111001101101010100
100000010010000001101001001101010011100011000110001000011101001100111100011010010110001001001011
001111110111111110000000110111011001000111001001110000100010110001110001110011011011010101001001
001111001111011000100100110111101011110101011101010000100010110010000100100000001011010001010110
010111111010111101100011011101000110100100011010100111110001110001011101011001100110000000011011
110110001010000011000101101001111110101000001001111000001001101000111000111100111101111010111101
011011001111110000110000010011110100100100000000000011001000001000011110011110011111000111110011
110111110110110011001100010001111000101000000110001001111011101000101000100010110100010100111000
101001011001010100101111111010010101001011110111011001101011001000110001101001011100000001001101
010111101010011101011101001101101110100011000101110110101101010101100010110111000011111011010000
001101100101011000111101000010111011110011100100010011001101010011000111000001010100001010001100
011011101111101100100000011111011001010100010010000100110011001100110010100101011101001110011011
111000000010111011100011011001101010000010101101000001000010000100010101101001010110011000110010
101010001111011001100010011100110100111111111110110111101110000000010111001001111100101000001100
000000110000101110101100000100010100111001100111111000101100101010001110000011011111100001010011
111011011001000011111010010101011000011000001101000000011101001101110110111100010110110101110101
001111000000000001111010100110010000011010001101010010011011011111000101101010101001010000110001
100000011111001001001001000010000100110101111110101001100110011000101111001100100011110110011010
010111110001110011011000100011011110011111011100111010010101110111100110010111001101110010101110
010011000001000111011001110000010101010010100110111000010000000011100110111101010111101100110000
111001000010000011001111110111010101100011001110001011111110011101101010100110001101101100100101
011110011111010110101101000100011111010101000000101100000010101010001010001000111101100000010111
111101111000111111111101001001101010011010100011001100000111111100010110000001100000010011000000
110110101010011011100101000001001101100000001001010110110000101100010100000000001101001111111001
111101111100100111000001110101001111100011111011111011001111010011000000011100100100000011100111
001101101000010010111011100101101110110110111011010111001001001011011100010010100111101010100111
000010001010010010111010111100001010010101011111011111100001111111110010101001101101110111000101
000101001110000011110100001111000110101111000110010000011101001010000100101100011110111001011111
110010100001001111111000110111011000101000111110100110001111010011110101000011110011100010100001
111111010011110000011001001101011111011011110111000101001100101111011010101111011010011101100111
110110101001101100101100011000101101000100111101001111010101100110010011011010101111100011101010
011000001111110011010010110101011010000010010011000100111010111011011000110011000010111110010000
