001111100010010100000000111001100100001100101100101110001111101100100111010110001010011101001011
000000011111010011111001101001011100100100101011011000010110101010111001010010000111110100000110
000110101011101111000110001100110100001101100110001101101110100001010001011011010000001110111101
001011010110010110111001111110101011100000011101000010101011010101101101000010100011101010001110
110000110001011000000110101011100110101011100001111111011111111100111101011100010010111001000010
010100001001100010111011111101011100100100000101000010111101011111010000001010100111110111000010
101010100001000111100100000000101101011110010000111010110001100100110011111101110111100001111000
001110011010011111111101000001010000100111010110100011110000001111101000111000110001100110110011
110111010010100100000011011111010110110000100110100000010100101010001001001110001100011101001001
011001000001110010010000000111001001110001100100000101011000111001001000001011011011011010100001
101011010110000001010001010111110011101100100110000100001111100110111001100010001000011010000101
000010111010101010110101100000010111101011011001110011101001001011011101111011010100100001100000
001010011110010001010001001100000001111100010100001100100001001000000010001100100010010110110111
010100001111100110101010111001110100110000001000001111111000100001101000001000010110001111010000
101110100110001110011000110110011111110100010101100000101111001000111100100111100100011101110100
110011011111010100011010011110100010001110110111101110111001111010001001110000000100100001111000
000011100000111100001000110011101101001110100001111100100000010011101001111001000101010010110101
010000011000111001100010010110111100111001100111011100001010110001011101001000111110010011001010
001111011100110100100010100100110111111000100110000010110000110100010100010010011111010001110111
000100000001011100001111110001110010111111110011101010010010111110001101011110111011000110101010
010001011110011110001101110111011110000111110111001001100001100101001101100110111001101011110010
011011011001000001101001100000110110110010100001000011100111110101110110101010100101100011011111
100000011001111110010000100011011111100000011100100011011000011000001111110000101111100001000111
010001001000110101110111101101000000111010101010100111001100011100010001100011001000011100000111
101011101010110000000110001111101010100111010100101101000111010000100110110010101101000100101001
001010000100001110000101100000101001111110110110001000011110000110001010110010101100101000010110
011110000001000101110111011010011110110001010100110001011001000011001111101111100101110101011010
111100010011011111111110011010000011101101011011001101101000110001000010011000011101000001100001
110111000110000111010001001001001111110010101011100011111000000000111110010001110001111110001011
000101110101011000010010100000011110000101000011110011010101011110001010111010001101111110101101
001111011111001001001100110110111001100010110101011101111100101000011010110110011000011000010000
110001001001000101000111110110111011111010100010000101001101001111000100111010000000011001011010
000010001100011110000001111110001111011011011010010110110110101001010101100100010110010001101110
011100100110100100111110111010111100100100000000111011011010111001100101001101000011011011100011
110010110010110000100100000111110100110111000111100110110110101110000010010110011000100111110110
111001001011001101000001110001001111101010101101110011000111010001100100110011000011011010011010
011010100000000110000001010000110101010111000000101001110000011001101101100100001001010101001010
100110010110100101101100101010010111100100100001110100101001010011011010111011111101011110100000
110101100101010111010110110000111100001111110001011110110111111010000010100100100111010101111010
000101111000010001010010000010010101101100110001110000011000100011101111100010001010110101011101
000110011000000111110011100110110110001100010100100110001111110110100001010110010001111111111100
001000101100111111011010101110111011101001000000110111101101100111000100100010100011100000110100
001011010011100010100111101011001001011111110111100100101011101101010011111100110111000010100111
111100110001011101011110101011000110011001011011010010000000101000000001110110101011010001001000
001110111011000111001000110101011010010010111000001000100111001000100010001100010001001001010110
111000011001100011011111000010100011101100100110101001100010011111100000010001010000000010001110
010101111101100001001000110000110100110101011100000110110110011100110100111101100010011011010010
001000110100000010011110010001101111111111001100100001100111000100010110101101011011110011100010
111001111011011101111011001111101001100101010110001110010100110010001111100011111000110111101010
101010101110001101100000100001001010010001001111000100101001101010110101000000011100110111110110
000101101001011000001000011010100000111100000001111000101010000111100111011101000101100001111101
011110010111011100111010010111001000011110111011011101011101001001110010101110110010011111001101
110111001111001101110010010011011101011111110010010011000010111100010100110011110101100111010000
000000100101011110010000010101011001110000001111011111111011000101001010111100101111000010100001
111110001001101101000011101000001010101011011110110110110100001101110011100011000111110011101001
110100111000010101101110000000010011011110100111011001010101001111001011001110000010100100001101
010101001010111001110100101110110011001101000111101111010111011011001110011000000011001101000100
001111110001000110000010011010011011111000011010001111011000000111011111111111010011110010101011
010011111010110110111110111001101100110000001011111011100010101101111100011011101011110111100111
101100011000110100010001011000111001110100111010010110100100000111011001011111111001010111110100
100011001100001111100001001001101110010010100011110010110011000001010101110010011110000001111101
101001010100101100001000100110010010011011101010110001111010011010100011010010110010001011011011
101000101011110000011111111111101010000111101101110000110110100111101111100110100010100110000010
011101010001111100010001100100110000111110010100100111100000110101010110010101001110111010010111
010010010010001000100010000111100001111100101100000100000100100110111000100010001010110010001000
001010011110001100000111110010111110000001011111111111111011111100100010010100100111010111000111
111000100011110010101001010110011010111001111111010100001000110100111110101100001010101001101111
000110101010010011100101001100110000111101010011111011101101010101011101010110000100100111000111
011010110101000001110011000111010011000010110001101011101000000111100111010001010101001110111111
000011001100101000011011010011011000001111101101110011110100111111011111100010101110111101100111
101000011100100111011000111001001010100101000111011101100010110000010010110101001000101111010010
110111001001001100101110101001001111101001011011011101010110111001000011000111011111111110111100
000110000100110001011011000001101110011010000110111110011000001110011010101010101001101000101100
100100011010000010110000011100111111000111111100101101011000101101000010110011100101110010010010
110001010110100001000001000011011111001011000001100011010010111011001111011110011000001011101100
110101011110001001010000000010000011111000010101110101101111101101100001100101001100110101000110
111111011111000010010000001101101110000010110101011101001011000101100110001110010101100110011101
011010001110000000101111000010110110010101000011011011111001110000111100001111110010101111010001
000100110011101110111000001101100000010100110111110011011111110101110010110011110110101001000001
101111110011001001100011001101101011101101110111000111000011111101110000100100111100111100110011
110000101101111001111100110011101001011101010011000011010111001101100110110110101111101011110110
110111001000011100100000000110101101100101010110100010101110000111001101001100001111011101001010
101011100111100000000011110111101011111000001111111111011100001011001111010001010111101101011101
110011101000100111101011001101110110010010101101101000001010011100111011100111001000000001010001
100010101010111000001110111111100010011000110100001010010010110010001110011010001110011001010011
011111101110111010010010111001110000001011011010011100111001101010000100100011001001100110100101
010010111010110100101010001000010000100110001001000101110110110001011000111011010111101010111100
110101010000001111101111001110100111010011011100000000001000010110100100100000000100010001101001
011000010001111110011010001000111001111111101100000110001111001001100000100010111010011110111011
000010001101101010110000000110010110001000111000110100011101101001111111000011101110101010111100
110111100101111001110000010100110111011000111110111110100100101100011010100001111001001110011111
001011111100001011100101100100001000001110010000100100100110010111110010100111001101011110000011
000011111010001011011110101100010001001000110001010001001011001011001100101100100110101101001110
111101010011101001010111101100100100010001111111010111101010000111011111100000000110111011001101
000101111111000100011001001000001010111011111111010010110000110010110111101110010110100111101111
110100110011000100101011011000101110101110001000011101110111011000111111011111000010010010011101
110001111110101111001101000100111111110110010001101110010000011010110101100100101001010000000010
111010001100110000101011100011010010011010011110110001100101001000111110000010010011010100110111
010111111001001000110010000101000110110000110001000000111101100001001100000111100101011000010000
100110100000010101001001001101011101110100001101111101110001000110110111001011000011111011100010
