010100000000111101010010011000101001001001000110110000010111101010110000100001101111110010111110
011111000010000010100101011100011111110100010100000110011011111100010000000011001011100100101110
110101000101100101010110000110111101111000001110110111000100101000000100001000001010100000110111
101010001111000111111100000001110001011000110110100001101111011000010111011110010110111001110000
111101101001001111010111110011101111001010101000110100111000101100101101100100101101101111000111
001011011001101001110101110100010101001110001111010110111001100110100100101111110111110101110101
010100111111001101000000111001100010100000111100101110111110010100101100000000100000010111010001
010000101101101100110110011010110110111010010100101011000011011101101011011100001010110000101001
011001100111111110000000010101100101001100011100111000101101001011010010101010111000101111000101
010000001100000110011101111010101010110011000110010110100011001011111001110011100101110010001110
010100010110000110011110010101111101110100010101001000011100100100010101010100001111101000001011
010101100010110100011001101100101010111010001010011000010100110010110010000011111100100111001000
100011111000111110010111110001011100000111001011110000011000011010001010010001101001010001000111
011101110110110011001111000000000111111101111101000111000010110110011111111111001011001100011000
110101101110100110101100110001001010100111011010110010011111100001000110101100111000100000111111
100111000101111101010000001110111010000100111100001001111000011111011001111101100000011000100111
111110110000010110000011111110110101111011101000000001100001100010100110010001100100001101001011
111100011000100011010111000100011110100011101100100110101000110010011110101101101011010010110011
111110111111100111010000111110100110101001100001101001111111111111000010001100111111011000000011
110011111000111111110101110110110011111001010100111010011110101010110010111100011001011101000010
110110100001101101010010101001000100001100101011111111110111000001101000011000110111110011010000
111011010001001000001000110010011001110010000101100001010111111001111011100100000010010110001010
110010100111110110110111111110010010100110100011101000110101111010010110110110111010010010101010
110000000100100001001100011000010111101101100110100101111111101110001101111001001110100000100000
100011110100001000000000001011001111000100110100001101010000010111000010111010011111011000001011
000011110110010001110010111110110000101010001111011011101001000010000001111110010001010100000100
100100000111000011001101001101110100100110011001110101110010101011101011010100000010100101001011
000101011000000100010001111011010110000010110011111111000100010110001011111111111000101111101100
110001101010100011011110011000010000011010100100111101100011101010001100000000110010100000101100
011010101110011010000100000010000110001001000000011000010110001100111010100111010001010010100111
110101110001001000111001101001010011001001001100101001111101100111111110100110111100011101100011
011000010010101000011101101101111111110000010101111101101010101011001111110100101000001011111111
100101010110101011010101100010111000000010010000110110010011100111111000001001100011001001111111
001110010000111011111000101111010001110010010011111111001000001110100001001110101111011101111010
100000000110000001100101011001111111111110110100011101010001000011110011000110010100111011110101
001010011111010100100011011010110001101010011010010001110000110110110101001011111110000000111011
110100000011001100011011111000001111001101001111101011101111001110100101010001001010111001111111
111101010000110101000000100000011110001001111101100101001001110000111011111111101101110101110111
111100011100001010010011001010001110110101001010010010101010101001111000101011000110010100001011
100010111111001100110001110101110110010001100010000111000011100111010000010010000000011111001111
111001100101001101001101010001010001010011101100011000101111001011001111110101010011111010011011
001010100101110011111000000110110111111000110001111011011111110000100100011010101011011101100001
111100100011010001010110101001111011011100101010111110011110111001010111001010110010000010101010
011110110010011101010101011011101000010110000111100101011101110010100011101001011101100100011101
111110010010101010000110111000011101101001001011101011001100110110011000111010100101100110100110
111110101001000100010000000100100100001000011100001001111111100100101000000001001111010010010101
110110010111011111011000110001111001110111000001011001111100001101110101110011001010100111011011
010110010100101011111001111101001000000111111001000001111100001010000011000100110001110010111110
011001001101111011000111001110000010011000101000110010111111111111100011111101110110011000001100
010010000111101001011101101101011000100100101001010101000011010111000101101111000011000010000000
000010110101011100101000010100110111010001011110101000001101001101100001111011010101110010000001
011111100000100010101101011001100011101001111101001010110110010101101111001000111101111000000000
001110011000110111111101010000001001000011100010100100011101000010011101100011110000100001000011
110100001100011100011111100101110110001000110001010001000101110011110001101010101111000001101101
000000011010100011000101110101001110000101100110011001111010100110001011100100001010000110010001
100001000011111111110010100001111101101101001010001001001000100000000011011001000100100110100101
111000110011000111111111000101100110010011010001111000010001000000001110101011010110000011010001
011001110110111000000001011110000110011001000110100001100000011110110111101110100110110001100111
011111111011000010011101001101001011000001010111011110111001011001000100011010010101101111100101
110001000110101100100101110010100111111101001000010011100110110000110010111110111110001010000111
100001100110111000100101101001100001110010011100110010100101101011001001010000000010100111000100
110010000111101111101110100111011000000000001010010011000001101110011101110011011111011100001100
101110000101100010001101001110001011100111110011101101010000101111010010100000000011001010100100
100110001110100010101001011010111101000010100101011100101010001001011010000111100000011001100111
101000111001010100101000111010110110010100010111011101100110111101111111011111110101100110000100
011001010001110101111110110011110011011001001111111001100110010110010011101011011010010001110010
010010011110100101000001011000100000100110001001000011100101111011100110101100101111101100011001
000011110000000010000011011000001011000000111001110010000101101100000001100011010010000000101110
010110000101101011011110110101010101110111000000101110011001000100100101011101000001001110000010
000101001101101101011100110011110000001100100001101101010100100010011100100100110010100000001000
110111101101010001110110000111111110001010111101100001001111110001000100000000000001100011110100
100011110100001000011000111101011010101110110111110100110010011100111101001001100000111111011010
000110011011011101101011100101101101100100100111101001001000000011001000001001010101011011101110
101011110001110000010101000010101110101110110001110001110011111101011111001111101011011011101111
000110101100110110100001001000001000010101010111100011001111010010000001011111100100001011110110
000111101011011100111000010010100010100001011010100011010110001101010011101100111011110100111010
011001100101100010101100110010011111001100011101101010111001000011100100010001110101001111111111
110011110100001110000111111110000011011100101011000100101100101010100111010010001000100000011110
101011001101111000111000100001010000110000000010101100001011010010111110101111001011001000011011
100111001000111010100011111101111011011100001010010111011011000011000111001001101100010000111001
010101001010011011001100101011100000010101110010000110110110001011000011111000000111110011000100
111011001110000001111111011011100111101110011001010111010010000101110101100110011110101001001111
101011011111011110100001010100111000001101101011101111010011110100100110101100111000111011000011
110111001000001000100001110101100100101011000010101000000110011101100001101000010000000111011010
000110100100110001110110000110101101101000011110101001100101100011111100101000000000111111001110
010001111010100000010001110001001111001110001010001001000011010000010100000011111100000001101001
111100010110010101000010001000011011101001100110110010100101001010110110110011110000000000001010
110000111001010111000000100101001010110110110100110011101111111000100100010001011100100011100111
100100010001100000111101100100100101110100111110001110010010010100011000110100100000100001001110
101001010100110011110111000010100011100101010110010110101100010000010101100100110111111010000010
100100110111001010101110000010110011001100000101011110000111100000100000010010101101001100000110
100000001011101001100111101111101000000011100101001110001110011000111100110011000110001111000100
100011111000001001011000101010001011011010111100100110110010001111001000001010100110001001111100
000100111010101010011001010010000110011100010100001010011011001110111110001000011101000111100010
000001110001001010100001111000001001010001010001100010000010110010100111000110110000001111101111
010101010000110101011011101110111111101110100011110100011011101110100010011110110111000011011000
101000000111111111010101101110000100011111101001101110111110100111000000101101010001110111100111
010110101011100000011101001011010001100001001101010101111001000100100100010000011011011001001010
000111001001011111000110000100011000010010111001011001101000010101001000100111001011000110110000
100011111001111110101110011110101100010011110000110001011001001100010100101111000001001101100100
