111110001010001001101010010001000101000001110111111110111110100111101111010000111111100010110100
010011001110110001100100001011111000110001001001001011010110111110110000000010011110000010000110
011000110101011100000101011010111011101110100101101100000001001101001111101000101100110010101100
001010110101100111110011000101110010000101101111000001110110101100010111110101000110100011111000
001110111010000001101000011001011001000000110010001001001000110010000110001110011000000001111010
010100100001001000110010000110010110010110100111111100011001101101011111001000101001111111100011
010110101100111000011000011101111011101000010011100111010111110111110110101111001000100101100111
000101101011101100010010111101010001011101101111100111101011101001010001111000011100000111111101
011000001010011001111000011100110110101100010101000001101000101111011111110011011001111110100100
010000000100010110001000111100111011000110011000110000010100001110101010110110111010001010000110
100100100001011011110110101010101010110000010111001000010110011011001010110101111000010000010101
100000011110001000111100001010100100101100010111000010110100110011101111011110110110001000000001
110000101101111101110010100000100000010101101010101010110110100001011101010111000100110101100110
000111101101001101110000000100111010101001111101010011100100111110100001111010100001010000001110
111101001000001001011010000101100100101001001111100001001000010110110111110110111000000010000001
000010010101011100010111101000011001011101101011000101110010101100100101010100011011101011101101
010110110110010000111001111100001110111110011001111000100101110001101100000010110101111110011111
100010011110010001100011110101000111100100100010001000000111000010011010010111000000111010010101
100011110011110101001100010100010011111111011010100111001110000001000011111101011101010001010110
111111101100010101100001111100100001010001011100110101110001001000000100001111010111010011000111
101011111001111110001110000110010001001100001001101000000000000111000101100010110100110011111101
001001110111001010100111010110100011111011101110110111111010010000100101100000011011001100101000
100110111101101001010110001111000001110111100100011010101010000111001000100000001111001011101111
001001100111101011110010000110110101011001101010100011010100010110011001111001100110001000101000
101001111101011000111110000010110111101100011010100111000111010010100001010011000011001101001100
100100000110000111010101111010111100111001000100110101001111110110111000000111000100111011000000
100011110000001110100111010010001000010000110101010101101100100000111111100000100111001110110111
000101011001111011110110000110011110111011000110110111110110000110000101110000011010101111001000
111110101100000101010000101001011010000011011011110011111010111110000111111011110011011110000010
110001000001010000010100101111110111101011001101010011000100110111100001001101001110010111100011
111101100011001001111011001100010001111011011001110000101111110111111000100111010100011001101000
110000001101000000000101010110011001111011001011010011001000000000010000010101111100111010111110
000110110001110110011001001000101111100100000110011111001110011110100101110010001000110000000010
010111001101011000000100101001111001110101100011100111011010101111010100100010010010010001110011
100100000111110101111001111101000010110101001101001000010011001001011010001101000000101110110010
001111110110101100101000011101001000010100101110010011100111000000010011000010111000001000100011
101101011010110011011100001000010110110110101011111001011001110111010101101100111011101001101100
111101101010100010110011011111000010100110110000011110011000010000100000111000110000111101111101
110000000111101010111110100110100001011101000011011100001110001111101111111010010111111101010110
011011011011011110011000100000110010111111101000101000001100101110110110101101011010101011000011
111100100010001101111100000001111000101011010110000011000100011001111011010111100101000101110111
011011110001110010111011011100010101101111110000100100110100111101000100010010011101100010100100
110110011100001000100100101000111010110110010001011110111110101100011010011101000111100000101100
011010000111000101001101110111100111000010111111000100001101001010010011011100111011101011010001
000100111000100001110000110000110001001001111010010110010100011001000010110010111110001111111010
110011000100010000101011101011010110101100011101010000001100000101011011110011010100010000000001
111000010101100010101011000011001100010101000010110111001001011000010001000001001100100110110011
001001010100110101100000110011111001110111010001001010100100000011110110101110111001101000110101
001101010100111011101101000110010010010110111101000001010010010101001010000100100000011001011101
010001101000101100111001000001110000111110110010101000101101000010111100100000000011001110010110
011011111000101001011111001000001111010111000111100001000101111000101110101111110010111111000100
110101011000010101010001010100001011111100011110101101111000111010101101101000010110111011100111
111111110000100101011100101100000001101011001001110111110110100011000011101101111010101110111100
100010000001011000111010110101001111000000110011000101111100100011011111101010100101011110011101
010111010000100000000011011101101001011100110101100100100010111011011000101001000101001101001010
100101101100011110101000100001000011100001100111001001010000010010001011011101001110010101010110
000001110100111001011011100110101011111101111001101101011001110111001110010101100001011001011100
000111111001011010010100011101110011111101011010001001010101111110110110010111100111111110001110
001001110101101011010010010000011011111011101011010000101011101010101111111001000011101001010110
000110100110111111101000000010100111110011001011000000010101101100110001000011100001111001001101
010010011011111010010100011110000011101100001110000110001110100100111010011111001001010001110010
000010101100101001011011110011110101010010100111000000110001010101000000101110001001001100011001
100010000110010100001011000110111101100010101111111011101001111000111010010011010100011011000011
010001100001000100001101010100001000111111110101111001110011111100110001001111010000011100110010
110001100001001111110100010010001101111011111110011010110101010100101101101110001000000110100101
011000111111010111001110110111111001101110110110001001110010101110101000100010010101101110110011
001100110111001010111011011000101001010100000010110100100101011110001111101000000101101010010001
100011110000111110000100100011101011100101001101111010001101111001100000000110001011101001001111
000110011110000100011000000010100111010011111100010100000111001101010011110100011100001100110010
111000011010001000100010100100001011110111001101111100111010111110000101100110001110011001100110
100000111001111101100110111100111000010001000001101001001100101100100101111010110011110000101111
000010010000101100111111011101000110010110001011110000111111100111001001010011111001010101101000
111111001011101001101001110000000010011000101101110100000001001010000110010010011100001001100011
110110000001100011110111011110011011110001000011000110110101110011111110011011100001001101001000
100101101001010100011101010101010011000101110100111010001001100011011000110110101110011101110101
001110010101101000100110110010000100111010011101100100010100100110000111001000110011010000011110
001001010101110001110111101010110100001101001001110101101010110101001111110101001010111101101000
110111101111111111011100111001011111010001110010000101110110110011101100111010111110010011101100
001110100000110110000111011100110011001011101010010101011100110110101011101010100001010100100000
000110001110011001111001001110101001011101011110110110110110010011110010111101001011000011011001
011000010001011000001010110011000011000101010110000011011011111100110101100011110000111101010001
010001001000010011110100111100011111001010110000100000001010000100011001000111001110100001110010
111101001010100000010111101100010100000110110011111100001110001100000010111001110100110001010111
010100111011110110010010001010011101110101100000110110011100100011010011010100100000101101011001
000110000010101011100001000110101111111101101111100011000111101010111101101000000100001011110010
001000011101011011110111111010111000001100110101000110110000001111010001011110101100010000011000
010011000101000101001010100011010000101010111011101100101100001111110010011010110001011101100010
001101100010101000110011101010011101101010001011011110100000010110010101000110000110000001111100
011011001010011111000011110000011000111111001011010010110101111011111100011110010001010010110110
110110110100100101010001100111111000010011100000010010110101011011011001011101110110000101000100
010000111011110001111000000110101110101001011001010111000101010110101110000011011101001000011100
110100010111101110110100110100000100101001000111010010011011101011111011001010111000001010011011
101010010010100101011000100110001000001100001001110001110000111001111110010110100110011000010001
011001001111011110011110001010111101010001001011111011111011001100100100000000101011011011111001
010010111011001100000111111111111001101100000101110100001011110100100110011000101000111000100000
111010100000100111001111011001001011011001111010101111110001001110000100100010110110111110010010
000010001111111010010001010000010000001110100110110010011110101011011111100101100010100000011000
000110111010110111010001101000111100100110001110011110001101100111111101101001011000000011101100
001000101000110110111001010100101011100000001111101111100111010000110001111101010101010100111000
011001000101011100100101111111010101101010000110011011000111101000111101000000010110101110000010
