111011001110101010010111001100000001100010011001000000100111000100010100110110110010101111011101
101111111111101000001101001111110010000011010111110100011000010010000111000100110001100001001110
110001101101000010010011100110010000010000001000000001101000010011100110100111011111010101011101
010001100111101110000001110000010011100100011001110110101101000110111101110000000110111001010101
101000100100000000111000111111110011100110000110010000110100110101011000010111011101011100110010
110001111100001010010000110110011010011001001000000110001000011111110000010011011010111101110100
011011000110110111110110001100100011100000000000011010111100011100000100110110111111101011001100
101100010010010101001101011000000011011011111010101001100100000001010101110000001010011111011000
101001111000000101111001110001000001110110001011100001110010011111000011111101000000100100110111
011010011110010100000001011010111100111111011010111111111100111101010010100110111000111010110101
000101111100110000101101000101000110111000100001100000000011110111111101011110010101100011000001
011010110110011101101110111100110101001101001001111001111000011101110110001010011000011101001111
110011000100000101111110100001111110000110011100111011011001101011110110100001110001000011011110
000100110000000011010000001111011010100111110011010001011110110001000001001111111000000100101011
010001010100001000011010011111111010111000111000101010001110101111011001010001110100011001010001
100001000110000000110001010101011101111111011110010011011001011000001011101000011110101000100111
110010001011100010101001101010100111101110111010111110101001000101101000011101000100001111011101
101000110110110001001000100101001011001011001010110110010100100110011000100011010001100001110100
000101100111001100111010001111011010111110001010110100110110100101101010010111100100001011111000
100001101001000101111111011111111101111010011111000001010010111010110111010110111101101011111110
011011111111101100111011001000111000111110001101011010111101011101010101001010101000011110110010
000110110001111110110010011100011110001001001100000110101001111111101001101010001011000001000100
101011000001111111100100011101101111010000110011001000010000000001101000000001101101011010101010
000100011001100110001000000000001110111010000101100110111110000101111101100010000110011011001010
100110010010001011011110110000010010001010110001110000000010111110111101010011010011111010100010
001011111111100101010100111111010011001000101111110000001101111000101000110011010011110010010111
001001011110001111011011010100001000110011000110101110100011111010100111110100010001010100000011
011111000011111110100011111001010110111101101101010000101100011001111111011001101010111001001101
100110001011110101110010011011111011111101100010010110000000101000111001101110011111110011100110
010010000100110000011111000000100001001001100111101100110001000111100111111100010101001100011010
100101111110101010110011100001101101100111101001010111010101001101001111010101110110111100101100
010111101011111110011111001001000100011110110100010001010101000110000010011110010011011010011100
111001011101110001111001000110010000011100011001000100100100111001101110000110011000001111101100
001111111001110100000000010001100010100101000001100101001000100100111111000111110110111111101011
110110111100011110111010101011000010100110101001000010000000100001010110111010010110101000000000
000100110010111001011000001110001110111101111010101110011011011110110010111111101110010100010111
111101101100000000111101000010100000001001010011001011000100001110011101100100111110011111001000
111101000011111001100111000001010111110110010100000000000010011111110101111011101011111111000010
111010100000110110001011110001001101111100001101001001111110000101010101000110101111010111001010
110011110000110111100110011110010011011111110110010011001001000000101101111010110110110101111110
101110010100000001001100010000010000001100011011001001000010110110110001000101100100111101001010
001100010001010111101100011100010011011111001001011011110011000011010111000001100100011011011011
000010001100111000010110110100001111100111000011100010000110011011110100111111100101111011011101
010001110111011001000101110011000001000001010010000110011011111100011010011011101001110111101010
001010111101010000010010111101010010101100111110100101100111000100101111110001011001011010100111
101011001010111010110001001000101001001011110000000101000101101011100111101000100011110110111000
101101001010111111111011011110100101001000011100001011000011000111111101100100111010001001000111
010001100001100111110000000001111101111111011001001110000010101001011110100110101011011010100100
010011110100100001111011100010011110001010101001100101011000111110001111101010010111000000011110
101101101111000111100001111011010111010000101001110111101000110111010100100111001010111010111100
111011010111010100000111010000111000011001010001101110010101011000000010011011101011001111011000
000110010011011000111000000010110111111111001101100010000110111110101101111011111111100010100011
001110111101011001101101100010100010111001100000111010110110100101010000000010111100101101011011
011011001110101100101101010010000111110000010111010110000100010000111000001100000100110110111100
011000101010110111101110111101100111000111001101110000111000110000100001101001110101010011100100
011110000111001011110111110100001010110010000111000101111110110010000110011010010101100110000111
000100011000100110110101010011010010110101000101101011110101001001001011010000001110000100001011
000100110110010101010000011111110100111111010010000111110010101110110001010001000100000010010010
110101000000100101001100101100111111110100111111010001101000111100100101001111101100000111101010
011100000010010111010100011000001110110101111000101101110000111101001100101111010110000010101100
010011001111101011100100001011110111010001011110110110001111101011001100010101100000010000011111
010110111011011101111000011000011011001000001100001101100110000101101100111110000111011100101100
111010001010001011000101001001101101111000011111111001010010100101011101011001011101001010111011
100011100010100011000110101110011101000000100101011101110001110101100100010000101011100101101011
100010000110011010111100000011111100101001001011100111001110101100111101101100011100000011101110
100110000111111110010110101110101001001000100000111001101111110111011010001111001111101111111011
011111010100010001100011100110000110000110101110000011001101111000000111001000010001101000011010
101110101000000101000001001111011010111010100101110101000001111111011010111001101111010110100100
100001111111111110111001110000001110100001010011010100000011101100011101001000010100011010010111
111101100001100100100010111101001110111001101111110110000010100111110001100111010100011000110010
111101110001111010010000101001011111111000111011101000010011110000100011000011111001111110011110
100000011011111011001111100000000101101110000100001010101000101101100011001000100101011111110010
101111100110100111110001001010100111100101110000001111111011110001010100000111100100000111111110
100111111010111011110000010101110110111001110010001000100001000100110011000111001110001111101111
110011011110110101011010111100101001110010111110000101010100101111111101100101111110101011100011
111110100111000011111000001111001000110111100111000011101000001100000101001111101011101110010000
001011111010111001001111001111100010101101100001011111011010101101101101000011101111110101011011
100001010001101111101100000011000110111111011110011010101010001001001000100110010101100001101000
100000100101111011001011101001000100000111010000100101010011101100111010000100101010110000001000
000111111011001001110101101000101110100111110001010110110001011000010011111101100110100010100001
111001000101101101011000001010000011011100000010111100110100010000101101110101110101000011011100
111100000100111100100111111100000001001001110000101001110110011111100011000001010011100001111101
111000100001111101010111010010011011101110100111010100000101010010010111100011010111101000000011
111011001111111101000001011011100111101001110100110101011111011000010110111011110001101111000101
011100011011111010111101101001110011000101010100100110011110011110100110101010110100111100100001
111100100000110010101100000111000101100000100111101000100100010100111000011110111000111010011011
010100111100111101010100101111010000010010011011111110111110010110101100010100010000000111101000
011110011001000111000001101001011000010000010101011100010101010000101111010011001111110000101001
111001011010111001100100111010110111000010111011110100001000111110111001110001101101111000111000
011011000001011000011011000110111010111100010100110111011110111011000101000011000011111111100001
110010111000001011101010111111011010101101011110000111110010001110011000010000101000010111100011
111101101101110001010000100001110010111000110101001101000110111011101011100111010010101001011010
101110110000100111000001111001001111000011111011101010101111100001100101000000010001111110011110
010100100001011110111101100111110101000010101101110010100000110011100000010100010111001011001111
011100110111000011100100001001011111111111111110000000011110001000010000100101111001001010000000
100101001101001010010100100100100111100010010100110111010011010011111101000000010010100101101100
001100101011111011010000011101001110111000101011110100010001000101110101011011010010011110000000
001100011000101000111011100111011000111110101111001001000111110100000010010011111011010001000000
010010101100000111011010001000110101101001111000001111000110010001111111011110011101111001001001
101011010001010110001010010110001001001011110011000011000100000011000101100011001111011111100110
