000100101101110101010111000000100001010101011011100101001010000110110101000000101110010110101001
111001011010000001111011011001100000110111101110111100011000101100111101101101011111101100010100
100101101011110101000110111010100010000101111010110001101101110110100101101010001001101000001110
101001100110101010101110110011000011010000001000000000011100110010000011111101010000101000111111
001011110000010100010110001101010101000101001001100000101000001010101010111011001100010000001001
011011000010110011110110011101110100010100011110110100010010011010101001010101001010010110011011
110110000101110001100001101010010011010010011001001110110010000010100111000111100011011010111100
010111110010101000001010010100101010000111110101101101010000111000101011001111100010101001001010
110000000101101111111110010001101101000011011011010110100100110000101100001100101110011101110001
000100010011010110101011111010101101011101010001101011101111111110111111011101111110111011110000
001011000111101011010101000101100000010001101011001101000010100100100100010000000101000111110011
100011100010001011011100011110001010010001101110001100000000100010100000011110110011111110011100
011110101110110001000111010110101010000011010000100011110100011000001000000100010000001111111110
011001001001101001101111100100111011101101010011010110111111011011111101010101000101110110000011
000000000011110101011011110101011000100101101100101111101100011100100001110010000110000100000110
000010110010110010100001000110110010110110001011101110100011100100110001111001001001010101000010
001000011011000101100100100100100111001100011101111110010000110100111100110100011111110011010010
010010110000001011000110110101010100110010000110001101101110000101011111100100110010010110100111
101000101010101100001010011100101001101000000100101011101100101110000000111011001101001010110000
100100110111101010001101110101011111001111111110011011001100000100001110101000110010110000010110
111011010100110110001011111000010110110101000010001100111110001110011111111001010110110111000100
011101010111101100101111101011011001100010101100110100111110000000001100011111101011001001000101
011011110100100110001000111101101100011111000001011011110000101100110010001111000010000101110011
011110111010010111001000100110000001010000101100111010010100010000111101000001010001110001110111
001110000010110101111011100111000011001110101010011100001010111110000111101000011001111101000101
011110111010111111001000111010100111001101111101011110111111100100110010010010010110100001110010
110010001101110111110101001101101000001111010000000011010101010111011111110100111000010011111110
101010000010000110011011111111110101011110100101100101101111010100011111100101110000001001101001
010011101001101100000011000100001101000001111011101110011001000110111001010000111101110111000010
110000101000100100100001000100100001000110101001010100101000000000001111011110101001011011110111
010010001001010100101101010100000011010110000000101001001011110010001000011110100101110110011101
010100100101011010000000101110111011101001011010000010100110111110101111011111011110001000111111
010000100000110100100010110101010110100000010111001001101101000101011011110101110011000110100000
100000011100000010010011111011110100001010000111101010110010000110010000010000011011010100001110
011010101001111010110100101011110000001010110000011101100011100000101011111011011100110011001010
110101001101101010000010011101100100000111011110111100001111110001111000111011010101000010101101
101111100101011001100110000011111111110111010001101001000001011100000111010010110111011011110000
001111101001110100111011100010010011100111000101011100101101000101001010100001110001100111101101
110011100011110010001101010010010011001100010011010101011100011100100101100111111000110101000001
110001111100100111001000111010101001111111011011100100011000001111010100111000101101100101100001
010101100011111001000110100101101010011100100000010001110101110011001001010111110000011010011010
100000011110001001010010100011110011101000100110000000101001111101111011001000110011000000101100
000000101000010101010110110011000001000110000001001100010011010111011111010110011110111100110011
111110111010000001110100111110111011110101110011110110100101111110110111001101101110000010101011
001111110100010101011100111101110011111001010111110000001001111110101001000010111001001000000011
111110010101101101000011010110110111000011000010110100111011111100010011100001011101100100111001
011111110101100011101100010111111111100000010101101100111010100110111100110011100010101100100011
110001011110001000011010110010111011000100101100100100010100110000000011100011111011011110111101
001100100000011010110100010010100000100001010101001010101001100000011100000011011010101111110010
110101100111010111000011001000110100000110110001001000000110001010110100001111111001001011110101
100010001001111101110000110010111111111111000101110000100101101111101011001101011010000110001010
000011111100001110001011000101010110111100101111000101001000101011010110100000010011101111010100
111011000000010110000100010101110100111011101100110100110111110100111000000010001000000100010110
011000111111011100011110100000010100011100000011010011111100010101010000001000000110101111010000
110110101010011011010100111101111011000100011101110100110001111101100010101111001101010100100011
111111000010000100101111100010111110011111100000111010110111101100111011101110011101001010010100
010010101110010100011000111010110001101011101001010101011100011001001110111011100000010000100111
110011100001101001001011000110001100010111000101100011101011000110000110010111110000011110111101
110010100001101110100111010001011010011011100101101001111001000000000100100101010100110010010001
001011101100011101101001010010101100111000010101101001110000111001100000101110111000101011011010
001011100111001010001001110111110110011110001000100000011110111011100010010110001101001100001101
000010001100100010001110111010001001000001100110100100110111110011110001011001010010011101101010
110101111011111001111111101010110110100000010001001011001000110010001000110110100100110010110011
011001001011100111100101011000010110000001101110011010000001110101100101100011011001101100010111
001010100000101101101001110111000110110110001001110000010110110101010011011111100000011110001001
010111000101000100000111010100010101101111000011010000111111111110111000001000001111110010010101
000111011111000001110011101110101111110100011010110111111011110111000001011000100001001001010010
100001010100001001100100010011111100110000111000100101110111100100100000100001111000010110011000
101111001111100100001100001000101011010100010001100000011110010111001001000011001010101001000011
100001111101001110101100111011110000011011000101001011000011111101110011110101010110000010010001
100110010010010101011011110011100001100101000101001101101110001010000000000000110011011011000010
111101000100100001000111011111010000000110110010100110110110010010110001011100100110111101111101
100110110101011110100010101100011000011100100000110101110111101110110101001000110110001011111001
010010000000010111001000010010010011111110111001100111010001001101010111011011001001101111111000
010010011000011110101001011010011010001001110111110111000001000101100001111100100100111011110000
011011011001111010101000110110000001111010111010110011011010100000010010111101111001001000001101
100001000011101101001110000101000001101110100101011000111000000111000010010101111010101000101110
001100010110010010001101100001010000010001101101011010110110100101101111101111111100000111001000
101100101000000100011000011010110111010110010101011010110101011011110001111101101010001110111001
101101001010111111011110110111000011111001100000101101111000100010110100101001010011010000000111
001011000101111010110101011100001111001001001001101010110110110000101110001010011111100110100110
101100011111111001000011101001101101000010101000110101110101101110111011101010000101100100010001
001100101010001110011110101001001100000101110111111110001110100100000111001111101100111001100000
000001111000001011001010101111010000011011101100000110011101001110101000000011111011010010100010
000100001010111101010000101101010000100011111001111100111100001010111011110111001100111100110000
101011110010000010100010101111110100101101100011111001011011010010110011010011111000101010100101
001011110011110110011000010010110010011111011100001010000100001000010011011011001010111111010111
010001100001011011001000011110100110111111110111111001001011010000110001111110110000001100100111
001101011110000110001010101110011101110000001111010000001001100010010000000000110100110111111010
000001000100010010101111010011000001000011100100011100110111011111000001110001010111011111010011
000010110001011001100100010010111000000000100000001101001100011010000000010111010100010111111100
001100000101000010110100111111111000101011101000101011110110111010100010100000111000010101010110
000010100111111111100111010110111100101100000110110000011100010011111111001100111000001011101011
101000110001011110001101010111001111100000001011011000100111110110001100011110111001010001010110
100101000000000110110011110001011101101110010000011110110110101111100111110110000111100001010110
101111101111000111110000000111010111101011010101010110110101001010011100111001001010011110101011
011011110000101000001001110010110000101100000001111001001110001000100100110111011111001001100000
101011111010011001110010101101001010011010111110111100001110101001001100010000001000001000001111
101110001110111111100011100000101011001010110010000111000001000001101010010111000110000000011010
101110111101110100100111101001110101111001101100110010111111101010010000100101010011111111010000
