001111010100110001101110000010000001000110001100010011000110010001111011101000011111001100100101
101111001001110000000011101000001011001110101101110100100111101000111010110000100111111011100110
100111000110000000001110010001001100011010110010010111000010010101001001101110111100001010001111
110100100101001101000100001110011001010011000100011011100000000011010110100111101000111111010101
011000101111011110011001110110100100110011111111100010100010110000100111100011010111111000000001
100011110101110011010010001110111011001000011011011000110101000110000100111101100100111100110000
010011100111010011101100000110010101100110111111101101001110101111100011000101111111010101111010
011000100001010100100111010101010101000100111001010000010110110000010111000000010111010001100110
110100100011000111111100011111110010100011101010111001010011111001011011110000111111011110000010
100110101001100100011110111001100001110000000001100010101011000010100101110001010100010111011000
001111011100100101110000100110101110100001000110010110011101101110010001001111101100011100000010
111110111010101100011110010100010100000111100101001011001011110000011110101100010010110110100010
010000110101110110101010011110001110101010101101111011110101010100100000011011011110100010000000
101011101110100010000011001000000101001001100101001111101110111100000011010100010010011101000111
010010111101001011001101000100101110110000110111010011010100111100001101000101110110011100001000
011100001100000101010100100000111001000000000010000100100111001100101101011010111111001010101100
111110110001001001111000101011001101010111111110100000000101001100001001011000111000000000001010
001101101001111111101111110101000101010111000001011110100110010111000001100101011010111110101010
010101100110100000101101110110011010100101010111011010111111110010011000100010110001101111110111
000110100111010100101110001000010010101110111101000001001011101001100011110000101110110101100111
001010100101000110110110111000111011011100111111100110110011110100000001100110100111100110001110
011001100101001000011110110101001110101000010101000101111001100111001100110000110111001110101110
110001010011000111000000000111000010000010001111010111100011010001010110100000010000110000111010
100100010000101100111100100111110111100111010100010011011100000100111101101100000001111100111011
010010101011100010001011101011011101101101001111100001100110010001110011001100101101010111000101
000000000010011010001101110011010001010010000000011101000111000000010011000001111100110111110110
001110011110101001010010011110010110000011000001001011000001011001110100100110110110001111001110
110000011100101101011001000010111011001110101111010010011100100111110100100000100110000001110010
111100110001110100111010100110000100001001000000000100101101001010100100000011001000101110101011
000101110000011111101010000000101000000111110000110001111000010011000110001100010110011000101001
100100110011011011100110000011001010101111110101111011110100100111100110100000111000111010100110
010000010111101110000110110110100010011111101001110110111100101001001011111001010110001011101100
111010111100010101101101010000010101001001000001000010100101100001110111100000111000100001101110
111000001110011101001101001011100111100011011011001110100100111101101101110111000111111110011001
101011011111101110000010100101001100000101000000111110111010010011101010111010001000101001101111
000011110010010000000001000000101111110100110000110101111000001100001000010110100110010010100111
011101011000001111001100011101011110100000101111100101111010011100100110011001100000110001010001
101111001010010010001110101010111001011011000110001100100000110000101111101101110001101011000101
001001110101010111001111101010110000110101101101111001101011100001011000010011101100111101011101
101101100001001101110011110101010010010101111100110101001011010110101010010001100110111101010001
001101011010101000111011000001111110101011100111011001011001000010001111011010010110110001010010
101111110110001001001000001111000101010011111100000101100101010010100110000110001111010010110111
001110101110111101010111100100000010001000100111110000110001000101010101010000101001000111111000
111001010001101100110101010010110000111011110110110010100101110001111111111110001010100110001101
100010110111011111010010011000110010001010111111100110010101111101101111100101111010100111010010
001000110100110110111101111111000111011000001101011001100111011101000110110010001000111000100110
101011111011100011010101111001000000001110001011110110101110110100100111000000010110100001100010
000101110110011111001010010010001010010010011100000001001111000011011010110111110011101111000011
000000100111001110110001110100100001100000011000010111000111100110100010111000110010011111010011
010101100001010111101100110111011010010110100011010011010100000000011001000110000111101001010110
001110010000001011000100100100100011110001001111011011110101010101110000111100110111111111111001
111101110111001101111011100011110111100010010111011011010010000111000100011100110110111001100101
001101000110011111000110110000000010011000001000000001110100100100111001110011101001000101100101
101011111100110110011101010011101100101100110111111101000000011000010111010000111010110001010110
011011001111100001011100001110111110100100000000100101010000011000011110010110001111000010101000
101101011000000111001000111010011110010001100011001010110011010001110001010100000110010110111100
000101101011000010110111111111110110011001001100011001001000111111011100111110110110000100101111
111010011101110101001111111010000100001100111001001110000111110000011101010010100101000111110100
111110100111101100001100011010000000001111111110110010000101111010010100001001111001111110010000
000010010111001100100010011110001001000110010101111111001011000110101011010101100011001100111011
101000101010001011100011111100100110001000011010101001101011011000000101011111100000001011010001
101100100011000001010011001010010000101000000001110010010000111001001000001010111111010010001110
011101001000101011000110110010110110101001110000001010000011000000101100100100011101010111100101
000111101000110101111001001010110001010110101110111101110111010001110011000010100010100010110000
001011111101011101010101000110011011101011011000101111101101010110001011110010000010000010111001
001101010011000110011110010111100111111100000011111011001110001101010111100011001100111101000010
101001111110001100011111111001111100100010101011111011100101101110101011011110000001001100001110
100100000110100111001000011101111101011101011010001011011000111100100100011101110000111111110010
011110001010111100111111111000100111111100111010001111011010010001010100100101100101001011010011
110011100000101100111000011011100001100110110101101111101101111011000100001011101011001111001000
110010000100111110011010100111111001001101101101000100000111110001110111110001001111110011000111
011001101000101011101111100101001010011011101010011001001011010111001010101011011100001000010101
000111000111110110101001110010101101000110101100111101110110110000000001101001000110001110100010
001111110111111011011011111010011010110000011001100010000010110100100001101110111000101001001000
000011110100000100000100011101011001101001010001101111100111001110101101110110001101100100000110
100000101000110001011001010011111100100100100100101111001001010010000000100001111110011000011001
010100110011110010001011000001110100110011000010100001000110000000000010111100010101010010010111
011101000101001100101111101101010101110111101010010111111111010110000011101101011101101001001011
000101000011001001000010000001101000101011100110110111111001001110011101011100100000100011011010
111110100101000010001011000111110111101001101101000111111000101011011111111011010001100001000001
010010110001100100101101111001101000001101111101111000100000011010100111110100010100010111001101
101101000111100111100010110110111010111101000001100000111111110010111001000000110000011000101110
001101010110001100010111000000100001110110101010001000000001010110011111100010001100001110010110
111000100001011101111001100010001111000100011100100111001111010100011101011001101001011111000011
101000111101100111101001110010000010001110000111001101010101011000110111111000100101111100000100
010011011100011111010000010000110101101101011110001010110111110100000111100110101101101000110101
101000000001110111001101111111101001111101000100110000101000001111110001101010110000111010000110
010110101111011110000100101000010110000100010011101010010010110101000010101001111110010011001010
100011100001010110111110101010111000111100011010010010101010110100001110100010000011110011010010
000111011011001101101110111111110111111101001001100111001100101000010001000100010100001001011111
111010101101110100011010001000111101111011000111001001101100110111000001010010000011110011001101
101000011101110110010011111110010100011100000101011110001101011100100100110111100001001011101000
000010011011101000010110010100100111111110101000100011010001111010001000111011011000001000001101
010011010100101010000011111000001011111010000100001101110001011111000000011100110110101101100110
110101000000101110100111001010010111001000110001001011000010101011010010011111010011101001000010
101011100001101001001010100001000001110001010010101110101111001111010011000111100011110110100011
110001000100110000111101010101100110111010101011101010111100011011100100110010111001101110000001
000010100100001001110010101011001010101001010110100010111011110110101001111010010000010101000110
101110111011110011000010001010111110100111110111011010001010000011111000000110110001000111111101
000100001011110011011110000011101111000110010000011110100000000001000101101110101010110111010111
