111110100100010000000011010001110101111101001110001000010110110001100010011100001100011011101011
000110101011000101011111111010011110101011001110001110110111001000001001001111000110100001011111
100100100100101010110011010010111011001110000011100101110101011101010001100001100001010101001011
010101110101011000000010111000110011001010111000101111001000001101010001100101101100010101010111
100111001111000111000001000100001001101111001111110100110010010100101001101100000111101100100010
001010000101011001001010000011010101001001110111000100000011101110010110011011011010101110010000
100011110100100111011001101000001001011001111100010101100101100101000110111000001110111001001101
000001100001110000101111010000111001000001110111011010000011110000010100011001001101011101011010
001010100010000111101100100110000011000110101001000101101010111001010001101100110010101100010001
010011001001001001001101001110101101110100000000000100001001001001000100110000001011101100000000
011000110111110000101010111100101101011001000111000001101111101100110010101000011000001011011000
101101110001100011000010010101000100011011100011110100111000001001101111000110001000101000101111
101100100111001011100110110101010000100010110000000100000100010101101000001110101000110101111000
110011010100011001100100001111101110010110111001110010110100011100101111101000000000111101110010
000001110100100100100100000110010000000110111010111000100101111000011001011100000100000110110000
001001001011000000001110110001001110001011100001111011100011011000011100000111100101101000001000
011111111010001011101010000000010000000111000110001011011111111101110110110011110111000111001111
100111100111010101100001100000010111110110111100110110100110000011010110110101011000001111111101
010101001110101100011000010111100001001111001110000000000011001000010011100100110000011100100000
011000101100010000000100011010100100110001111110111001101011011101101111110011000111100001101001
111010101010100001111101111100010100010010000100010101100101110110001000010100011001101000000001
000111000101010010010011011100100101111111100110100011000110000100100011101001010111111010010111
100000110100101101000010111001001100110011000100110001001100101111111011100011100100100100000100
000011000000101011010111101001010010011111111101010010101000111000001000101101001011101010001000
011111111100001101101111100011010111011010000101010111100001000010111000011110110010111010111100
000011111001100000000010101111000001101011101010000001101000100101100011111100011100010110001010
101011001110011011000111011101000101111010010110111001010101100110100110000110110101000101111111
010000110100010011001110111101110100101010011010101110101011100100011001101001000101110111110100
111111111110100011011010100100100110011001100101101010010100011011101110011010100011110000111011
001001011100101010010100100111110010110010010100101010110110010000010011101010111100100010001011
100000111001110110010001110010000011000110000010011000010111001010001101011001000101011011101100
011101110111110100011000110000101111110010001011101111011111111110110111010010111101011111011011
110000100010100011111010111110010111010110111100011010110101010001001101011011000110101010001010
011001001110101001001101111110100101111100100100010110001000101000000000001011100110011111100110
010000010110000111000001100010010111000010101000010100010100110001010100111001001101111010111110
000010101101101000011001000100100001100110100000100111000100101110101001010110100101111001001101
000000001010011010000010011110010000101000110010111001111110111011110110110111110101010110000110
100001001011000001010000010101111010010010010100010011111100001101110010000001111100100100111010
110001001100111111000100100111101001110000001001001111110101000110011101001111100011110011010011
100101000111001111011100100111010011111011001010101111110100001000100000001011110101101101111000
101000110010111110001010100110000001001110111010101001110010100100111101000100110001001001101001
011101111101110100100110010000000100111010011010010001000110010000011001110100001100010011011110
000000010010011111101110010101001100110011001010111110101000101011010101000100110001100011110111
101001101101100000010011011001001100011101000011011010010110011101111011100011101100100010010011
011010010001110011011000100011000000010010111011001101011100111011001101000011000001101011011100
101101000011101010101011100101101110000101101100011001111100110100010001010001011011110101000001
001110111000010100011101100001001010111010100111000001001101111010110111100010111011001111000111
000010111001010001100010010011110100111010110100001100111110111000000011101101010101001111101010
001101001010011110010000010001000111001001101100001111000111100010111111111100110110101011100001
101110000100010111000101001000001110110011101111101111000110100011100011000110010001010011001100
111010110101000101100110111110000111010000001001101001000000111110000011010110010100000100001111
011110010000101110010100010011011011100100000010000101010110001101011010101110000001100110110011
001000110111001100011100000111100110101101011000000010011010010001110100111000011001000111100011
100001000001100010101011101010011011101000001110011011100000011101110111001011110000011011011101
000110101101101001100101001000100111111111000010011011110010111111100101011000001110011111000011
111000100101111011110110101010100000001110001001011000010101001100100001101101100001100010111011
110000011001000111101101010111010110000111100111101101000010001101010101101010111111111001000110
100000011001001011111101101001111101001110011110100001010000110111100100111000110100110111101000
010100101001001110100100110000011100100010101010011011010101000101101101111111011011011000100110
101111110100010011110010100011101111101110001110111001000101101010110101000010000011000111110011
100011100010101111101000000000010000100011101000010001010011011000001111111000001010110001010101
101101001110100001111001001000100101011010001000100001110011000001100010111111110100000001000001
001110110000111010110110100011001101101111111100010110100101010010001010101110101110000000000110
111101110111001011100100010110011010101000010101001010110101100110111010111101000110100110110100
001000101011011010001001111110110101010010001101011011110010011010011000010000110001110111010100
100001001100011110000101101101011001011111000001101000101111111010000101001011111111001100010001
100010110110111111010100101100001000110100101000111001001010001101100110101011011111010101111010
110001111000101010001001011000010011001100011111000100110111110100010010011000110110001110101010
000100011011100011110011000100101101000100010001010100000001101101110000111010011101100100101001
101100101110000101000011011110001011111000101010110000101010100101000000011010000111001100001111
110011100010100000001001000100011001000101010100111001010001101000001010010110001101110110001001
011011100010111011111100011111010101011001001111110010110000010010100110000000110000000100100011
100011101011000000010100110010010011010011001100111110101100111010110000010000111101010111010111
111001000011001101001001100001100110111111001001110111101101110010110110101010000011000110100110
101000000000010100111100010111110100011010110101101010110001011010101000100010010111001011111001
010000011111110111110100100101000101011010111110101011011001101111011011111101010000010111000011
010111001011101100001010010110010100000100001000110000010100010110001000110011111100010111010101
110010010100010001010011110110000010110101001111011010100010111001100100101101110111001000001000
011000000111001000001011100001000110011010101110110011110000000010101011000110011111011110001101
001001001010010101000010101011111011010100011000010110110110010000010100010110010010011101110000
111001001101001100100001000110101000010110010011011110001011001001001000001100011011011010001111
111011111101010011111000010110001000000111101110011010000111101011110001010010110100110111100011
111110100101011000001110000100001011010110000111010110001110110010100101100000000011100110110110
001100011111000100000100111000110000111111100010110010000110111001110001010001010011110101010011
001110001001111000011101001000100000010001111111001100000000001101010111101111101000111011111001
101011010010100111100010111100010000000010011111110000101111000110000000001000101010100111000100
110011010101111011100011011010110001110001100001101010001101010111001001111100101100010110110011
010011010101111001111000111001111101111010011100110110100111111010000101010110101000011101011001
100010010110011100011100010100110011101111101111111000111111100100001111101100011111011111011100
010101101000100001000011110101010011010111101100010001100101001000101100110110001111101110001010
101011000110101011000011001100110001101101000110101011000000000111101111000111100001100111001100
011101111110100001101010101111011010110001001101001111001001001101000001101001011000101110000110
111100000110111001010111101010101101011011010011001101001011001100001111001011011010010000001000
010010010000010110101000100011011111100000010100000110111111110000110011110010000010110011110000
011000011000011011000010111101100001000011010101110100001001111011101011011110100110111000011000
110110100010100110111111101110101010011100111000101000000111010000111001101111010101000010000010
010100110011101000010101110010001010001001001111001000101100010111011100100101000011001100111111
011100001011001101101011010011011101111000001100101000000010001000011101001101111011010111010111
110010001001001110110010011111100111100011111001111100100001110110110100101000000100011111110010
110100101111100100011011001110011110000100100110001011111010110100000010110011000010110101011110
000100110010010010001110110010101111100111101011011101111101101011100100001101001111100011000101
111110011100011111001011001100010010100110100100011101001000111110011000101011011010000110011101
101010000000110100000011010111111011110000111110111000101000011101001101100110011101010011010110
101010110111001100110001001101010101001110111110100011101010101101010011100111100010001000101001
110011110011001111001011010111110010110111011001010001010100110011011101101010011101101101001010
111101101001000110010010101011000110011110110010101000111101001101100011101100000001000101000000
001100001100001011000010000100001000101001110001011101010000010110101111111100111000110100001000
011001001011111011101001101010101010000100110100010111010001001111111111110100010110111000010110
101010111110011100110111110101001100101000101101000000100001101100101000001000101110110111110000
101000110010100011000111100101111101100011010000010111010101011011100001011110000101110110001001
001011011011110000111001000000100100100001100101101010110011000001010010011110010101111010000100
100001101001011101111010101101101110001111011000001011100001010010011111110110011110100100111100
101010011101010001011011100101001111101010100010000110001010000101100101111100010101100000011011
101111110110101111011001110010110111011000100001101011101100001001011000101011001110101001000111
001111011011101110011001100110000100011011000111111000011110110111110101001111111110111011111011
010001000011011001110100000001001110100111011010111110100111111110101100001110001101011001111011
111001100010111110101101001000010011110110000000111100001011101000010101110010101101101011111001
100010110011011001011101001000011100111111000001100000000010111011000001001111110111111001000110
100110001100101011011111001110010001001101100100110110001101111010011000000110001101111111010100
111100101100001100110110101000110000100000011100101000011000001000101100011001110011000111010011
011000111100011010001001001100111101000100110011101101000100001011100101000000101110000000001001
101011111010100001011000000011100010110110101001100011000110110011010110101101010000010011011001
100001110011001101010111010011101011101110001110111100101011010011000111100110111111100001010010
000000011010101100011011111000010000001010110010101011111111001001110001101100101100101110100001
111000010010010010100010001001000011000001000010101011101110000011110001100010110111101001110000
100100110101111000001110111000100110000000010001100101001101000111101100110110010111101010110100
110000001010001001011010001010001110111001001010000101001011010011000100111011000001110100110010
110110001110010011010000101000001101101000100111011100100000010110100110100100110101010110101100
000001000110000110001100000001101001010110110000000010000011010010111110010010111101110000110110
100000111000101000001110001110110000000010011001000011000111010000101111110110101100010000001111
000111001101011100111101100010111010110110111110010111111010100011111110000010010011000000010011
001111011110011001101011110000010010001011000111110001111010000000110110111001001100010000101101
001011010000101010110001010110010010011010100011011101010011101111001101000100110011111001101000
000110000001000100010101010001000111100001011011011100010110010110010010011100111110100101000100
111001010001101010010111010110010101110010111110101000110011010111100100011010100011010001110101
111110000011100100001111011010111100111111001111001110110100000111101000000001000010111101010100
111100100101011110110100010011111011011000100100101101001010011111110001110100011010010100001111
010011111100011110101001001101100011011100110100101100000001011000000001101101010011100101010110
000100010111000011010100110000011010011110101010001001001011000100010110100000110111110011000000
000001000101110100000101000001010000011111110010011010101000001111000010001011000100000001010010
100111111000100001011000000101111000010011000111110011111111000010011001001011101101101111111110
101011101001101110011001101000000101001010011011111101110001110101111101110011010100011001110000
101001100000110100110100000000100001111111010001011011000000011001011001110100111000001010010000
010111011110010000010111001011101011110011000000100101100010101101000100001010111000100110010000
000100110000111000101101110111001110000111110110101011101100000101100001101000011111010000110110
011001011110100101111110111010110011101001011001110001101000110011100100000011000011011101000000
000100010010111101100000101001100000110100011001111100110001000100110011001011111100011000011011
110110111011101110011011010000011110111100000100111011011101000110100001111000001101101110000010
010010011100010110111001011101000010011011101101111101101011101110110111001100100111001100001010
101101100010111101001100100110010001000010110000000100010100000100101000011111010011100001110011
000101011101010011100001010111001101111101111110110111001011100110100011011000001011100100111011
000010100010110111100010001110111010000111010101001010010111001100101101100000000110101101100000
010010000100111000010000111000001001110110111011011000111000000000011110101111000101011011001001
011110111101011111001011111100101011111110111011110111011010101100110011011110011101000111111101
001111011000011110101110110101111000101001001010010110011100111111000101101101001101100100001100
010011110100101000101111101101100001101011110011111110001001001111101101101111010010010010011111
100000010000001110001110110010011001100011000111111100010110101000010010010100010010011011101110
110001010001001001010110111110011001000010100010100110111111011111111111011100100101000011100001
010011111000000100000000000101110000000101111111010110110011101001101100101001001101001011011000
000000100011010110110111010111000010111111111000110100100101101111010000100001001001000101110110
100000000010011011001100100110100111010001110110100010010011100010101011010100110111110110001001
110110011011111001100001001001010101100110010000100011110001001110101101000011010000010100111111
010101110001101110101000000001011010110110010011000110111000110100011000011011010000001010001000
101000101100001100101101000110000010110000111101000010001001001011001100111010011110100000000000
010011010110000001101010010000100100111010110000110111011011100000010110001110111110010011110001
001010110010001100001010010011100110000001010100000100100110001111000101011101111111100111000011
111010011010010001100011010110001111001001110110110001110110100001110101111000011000000100110001
010110011110011001000011011101010111100001001111100011010010011001111001111110101001101111000001
011100001100110110001100010100000000111110111101111001001100100110001001110101111101100100110011
010000100100001110111001001110010000111100111100000010000010011110111100010010110100011111101001
010011011010010010011110001110000010111000001111001010110111110110111001001000000110101101001011
010010001011011111011110011000000101010101100110000100001001101101011011110000111010001110000001
001111110111111011101101111011001000110010010010110001001001110111000110001100101000100101100101
110110001000100101100010110101101000011011101000101100000101110011010110000010001101110101100001
010101100101000110001101001000101100010110101010001111101001010110100010111011010000100000010011
111001101001111111000100111001101110010101100010100101111001111110000001011110001010110000010011
001110101000010011000110010000100100010110110001001101110000111100111000101000000100011110001001
010011111111111101101110101000011010100011111100100110010011101111001110000111101100111101011010
001101111011101010001000010100001010110010100000100100011101101100000110111001010110001001011111
101101011011101100011000010101000011100010100101000100111110000101000000011110111011100010110110
101110110110001111110110111011001111101101110001010111001100100100010001101110010100001100001110
111001100001110100001000000111110001101001101110001110100001010010001111000101111000001001100101
100011000001011101110101110101010001101101011111001010110111001010001111011010110101010101010001
111011001110001011011001110001001110011110001111101000010000101010111000100011011010100011100001
111000011001001110010110100100001000001111010000010100111001111110001001011001110010011011100000
110101000001110100111000000101000010111011101011010000100111100010111110011101010101101000110010
001011101001001100100111000110010101110010111011101001110011110000111000110011111100110011100000
101000111111010100100101001101100011101101100000001000000110101010011011100111101110010011000001
110011111101100001111011100000111101010000000110001011100100111101111000101011110001010110011010
011011100000100010111001100101111000011100011011000001111100111100110010110111001011111011100101
100001011011101000111001000111011000000100011010111100100010101000001110101011010010100001010000
100000100110111111101110100000000000110110100000101110100100010111011000010011110011110110010011
111000110110010001111110011011101001110011011001010001001111001010011000010100110100101100101100
011100101111110110001111110011110010100000110101011011000010011100010000110011100110011001111001
110110100111110011000001011101001000000110110011111000111100010110010011010000110010011011001111
001001011010111100001011111001111110000111011010000000100100100010000011101101110000101101100100
001000110111010000011100001101110111000010000010010110101110000110100000111011100011001011100000
011000110101111010011001011000100110001101010111101010000010111010100111011000101101001001101011
010101000100101101100010100011000000110000101001110111100011001100100000000011001111001010101111
010001101000010111001101010110101010110000100010011001000011111001101111001100000100100111101001
