101110101111101011110101001000001010111010001000011100011001010010110000110000011110000111000100
111101000001011110101100110101010001110100001101010000110001110010000000011100011010001001010110
101101010011011101001111101000101001010110111100110000100100010000100101000100111110111100110100
110001000100010100111100000010110010100100010100000001110110111001010011010101010010100000111011
000001010011011010111001100100011011001001110111101000000000000001110101100010011000010010111100
011100110100111000010000111010000101001010001110111111100111000101000111110111100111000010101101
011001001010100110100100010011111000001111100011001001010000100001101100100110011000100110101111
000001011011100111100110000100101010111111001111110110111100000100010010110011011010111001000001
100101001110011010000010011101111111101000101011011011011111010010110111010011001110111101011111
011001111101111011100011010100101010100111010010010001010101010001011010010011010101111100011111
010100111100011000110000001100110010010000100011011100110101110110101100001010010000110111110010
111110010010001000010000101001100000011100010000010110100000100010110010001001010010000111100010
000101001101111100001110010101101101011110110111101110101100011000001011000101010111001100010111
101011001000010000101101000101110111101001111001110100011101001101000110111011010001001110110001
011111100101000010100011010111110110011110011101011100000011110101101000000110011100101001101100
010010000000000100101000001101011011010000110110111110000101000001011101101111011100010011011000
000000001101010110111001100100100000011001010101100100011111011101100010100110010111110110100101
010000101111011000011000111001001101111110100110110101101001010101100100100011110110000000011110
101110000000111100011000110010011101000010011100000001100010100100001100100100111100100000101110
010100100101001110001011001010010010010111010010110001010111011101110011101011000011010111000100
000101001000001111111000000101100011010101100000100101111100111100000111110000000100101001001111
001001000110010011011111000110100111010001110011010010100010000111000011001101011001010001010100
101111110101001001010000000101101011111000110011110100111000010100000010101010111111001111100000
100011010010110110100010011001101100011101001011010110000011001010110011001100110001100111101011
100010011110110111001111110110010111011010110111110000110101000001011011101111101000101010110011
011100010101100000010001110010110010001100100101001011010110101001110001101010101011000101111001
101110111010010000001111011000000010001100111100000011010100000110010001100101111100110101001011
111111000011100101111100110011101011000001010000011010011100101101100000011110010011001111100101
100010000111100100010101101100100000101110000110100101011010110010100100010111001111110110100011
000110001001110010111011000100011010111011001000000011110011111111011000000001111001100001110001
111110100011111000000010111100000000110001100111111010111010110000101011001111111011001100000111
010111010001100111010010110101000010110001010000100011010111000101111101111001110001010000101110
101000010011011110111110010100100011010011010101001110111010111111010000101100111011111010001101
000101101000001011110011011101111101100010101001110001001001011101010001110101010101110111101010
010011100100100110110011000000110011011001001110010111010001000000010001111101100001011110010001
101111111010000111100001101110011100001110101001001101101001011001111000000001110110001111101010
000011101101011110011011110011110000000001011101010110010001011110111010111111010000011111100111
100111101010000110111001110011100100100100000100011100100111001000000011111001011001001110110000
110110011110100010100010100001001000111100001001101100100110101101110000001100010000000001001011
110100010110101000101111000000011110010100011111000110111110101010011000100010000111001011100001
110111111011010111010100011101010010000000100000011011101000000010101010000001101010010110011000
001101101101110111011011111011101010111111000100100010110100101110111111010100111001101001111101
101011011011011000011010101011111010101010111010000010000011001011011000001001110100010001000101
100110101110000100000111000011000111100101011110101001010000100100110000010001100100100011010000
110010100011000111011101101101001101111000000101100001101100000001111000110111000100101111001010
111001110011010010110100101101110101011100111001111110110010010110000000110101010010101101101000
010000111000100001010110000000101000110101111001000111110011011100110011011111100110111011100101
101110001001001110010101000101110010000100011100101011000100001100010001110111011011101011010101
000010100011010011001011001111001101011111011111010100110001111010110110101110000001000000111110
011111010110010111111100100010111010001110011100011110010111010000101001000010111100000110110011
101001110100100010100101000010000010011010001011111101001101010010100010000000100101100010001011
110101000000001011011101101110100110101010011010100100100111110101001010100001101001101111111101
111111010001100101010101000101010101000101010001100011100111100000010101001111010100011111000001
101000011111101011101011101001000100011000100100011110111111100011111100000010101100001001100101
000010111101011111011011010110010100101100001100001001001001100011010010010111011011001000001010
111001100001000101110001111111000101001100001010111011001100000111011000100001101100001011011111
100110011001001000110010000101010100111000110101110011010010010000001010100001110011011111000011
000101010010000001011011000000101111101101111111001100011100010001010010111000101100010010011100
110100100100111001111110001010000110111110110010101010100101011000000011110101111101100110011001
111100010100000011100101011101111101010000111001101001010011010111000111110100111011111100101010
000001100111011010011000110011001101000110011001101100111001000110011111101001001110000000110111
001101000111000110101100010011010101000110111111001111000000000111110100000010011000110011010101
111001111000111100111010100111101110100110011000001010001011011100001011100010101001111001111110
110101011110000110100110000101010100010100010001011010111101110011101110011010001110111010100110
111000010101010110001100100110111010001001100110111011110001100101011001010100101011110111010110
101100000101001110001100100000111101001001011000010111011111010110010110001000101111011101011000
110011100001101111100100001100111101010111011000000111110000010111110001000100110101100110110110
111111010100110000011000110011101000001110110011110010101010000010011011101101100001100100000110
000100011100010101000010100100001011011100000110100111111000000101000101111010000100101111011001
110000001001101110100011111100111110011111110010001000100111111101100100100000101011001011110011
000101000100100101110001010000010110100001001010011100001000001011011011010100110010111101111011
001000000111011010011110100010111111100111110001101010110011001000010101111001001101000101100000
001000011101001100100111110101100001111101011010000010100011010110110110000011001100010010000111
100101111101100100111101101011101110010001000011011101010011001000111000000101001101100101001110
001111010001011100110000010001000110111001010001101001000110101111100101000001011110111110001000
100001011100100000011101111110000100110100110000111011111010100000111110011001110111011000101111
110001100101100000101010000000011101001011010001011110111110011110111011110001010011110011010010
011101000101101100001110100000001010110101011010011101010100001110011011111000001010101001001111
010010010111111010010010010111111100010101000100100010111101010110100000011010111110111011100000
010100011100000101101110010100111000100010001100000110110000101101010011101100011110001111101111
100100111110010101100000111101000000001000100100111000001101001011011110000011100001110001000111
011001101111000011111010000010101111100101101110101111000100101001100101111111100100011100001011
010011011011111111100001000110011011000101110110011110101110000101100010001100000110011101000001
110011110111101101101111001111000000000100111100101101010001101100111101110011101011110110100000
001100111001010011001000111101011101110101110100101011101011011110101001101110010101010111011100
010100111011011111000111010110110111111101101111001011101000001011001110110111111111100011111001
001000000100101011010110111111000010111001010111001011000101011100010100101000011110100010001111
000111111110010010110010000101011100010011100001111111111001010001101110001100100001011110111011
000001001001111100100100101001110010001101110101111011101001100000000000101101010011100010101101
100010001101111111110101000100110111101111110001000100010001010001101101001000100010000010101101
110010010000110011111001111010000001010011001010010100001111011000011000101010001001011111000010
100010010001011110100011100000000011100010101000100111000011010100000001011001000010011101100011
011010101011011111100010000011110011111011011110110001001000001010110001011001001110001011100100
110100000110111000010011111000110101001011101000110000100000000101100000011000000000000111010001
111101000001000000010101000010101011100010111011100011000100000111001111110001101100010111010101
111111101001100001111111000001001011001100101101100101011100101010011001011001001000000000111101
000011101101110100100110011101111110001001001000101001111011100011011001111111011011110101000110
101001111111111000011111001011100001010011011000111111010010100010001000011101011000000001101000
101110001100001011110111100110001010000111011001111111111100101111100010101111101100110110111010
010111001001111101110111100011001001110001011100011011110010100110000010001100110010001111100010
000001110001011011100001101000110101110000011011101100100101010111111000000000000001101101101100
000001110110100001100000110001100001111110110101000100111100000001001100010101100001001100101101
001110101110100011110001110101100010110110111110111000000111100101111010101100100101101110011001
111111101011000100110011011100010001101101000111110101011011001101100100101010100001001000000111
000001011011101111010010100011110111110100100000111100011111100110101100011100010100010011010001
011111011100010110100100011001111000100001000001010101100111011101001110110101000010110000111100
110001100000011111110110110010101100111000010100100010001011001011000011111110000011000001001111
000110111100101011110000001001100011000010001011110110101111000010111001011100010000111001110100
100001010000101011110100110110001001010110100110101110111110010111000110000011101011000111001011
000010000001101111010001101001110001101000101101001100001111010011111110011110010110000010111011
010101100000101010000001100010110001010110010011101001010011010101000110111011001011110011110110
000100100001001111001011001000000001101101000101101100111110100011010011101110101010010010011011
010010001101010001010011011100101111000010001011011011011110100101101011001111011111101011010010
100000101011111001101001011101000101101111010010010111101100100101001000000001000110001001101101
001001110111001101011000011110011100101110100000100111001011101111110111110100101100111001010011
000000101110010011000001000000101000000010101100001101111001010110110100111011100101000001011011
100000111000010111101001110011101100010010001100110111010110110110100100010010110010110001111110
101101100101110011100100101001000111001010011101111101101110010100001111101001110010010000110110
111101010000101011001011010100101011101010011101011111010011100010110000001101001101010000010011
000011011110011001000000011010010000111110001011100000110110101000011111100010101010010100011000
001111100110000101010110000010010010110101101100000010010001000001110110000101110110010101100101
111011111111000010101011001000000111110111000011010011111000110000111110100011100101001001001111
001000110100001111001001010111001010111011110100001100000101011010110001010100110110110011011001
111000011001100110111111110011011010001100011001001010010011000111101011011001000001101001011110
001101000010110101011000100110110010101100111000010000111011010100001000001000110100110000001101
001101111111100110010010100001100010001011110100111001011011001101110111011000011110101110110010
100010010111110000100100110101100011110001110101111001110111000111111010000000100111010000100101
111001000100110110011110010100100100111000001110111110000100100010110001110111001111011110111010
001110000101101111111100011111100000110111101110110010110011100110010110001000000001110101001000
000100101000010001000010011110111010100110011110001000000110001100111010100010010111111000111001
111011001101101010010000000110100000110001100110010111000001000100101001100111111101000011110111
110010100111100100011011011110111111001001010011010111001001100110100001001101001011010101000010
001110101011011111000101000110001001011010010011011000000110111100101001101000000100111011001111
101110110100001011100100011111100001000101100011110011000000101001100000010111111110111000100111
100010000011001011011000000100000111100100100000111001010000000010001000001000111111000100010111
100111100111110011011011110110001001110011010011001010001111000111100010111000111111110111101111
001001111101110010101111010000101001110010100000000110101111100000001111110101011010011101110000
100110110010011101001111110010101100011100100101111001100001101111111010111111010010110110100101
111010011100110011001010101100011100001100100100110100011110000110011001010101100000111010010110
010111101000101011011011101011100010010011010001011010110100101110110100011110000000001001100100
100100010000011111100010011010110000101000101111111101111000110111000101000011110001001100001010
001001100010111111000001111000100110101111100001101111011001110011100101000000010001110000011100
001000100101011101000010100010100000011111110111100010100100111101100110010110001101001100001111
001011100010110110110100001100111110000100101111011101101011010111010111010110010110000001001010
001001011100111100111100100101110100110101000101000010110000100001011100111111101000110000100010
111001111101011101111001101110010001110001011110111010001100000110111111000100010111011010110101
011000100011000001110010001111101110000100011100101000000000101001111010110001000111000000000011
001111011011100111101000011000001011111110001011101000100001000110101100110111001000011011100011
101001100101000100101100001010101011100001000000001100111100101010111101010011000101010110010001
100001000010111000111011101000001101101100001111011010100000110101000100001101101000101000110011
110001111110011111010001101011011001110110100000110010110010001110111011010010000110000100011110
001100110010110001110111000100100110011010011001001100111001111111111100000011010010010010101110
100011001110101100110000100010001010000100101001000111011111100110001110100011101110100111011100
101011000111001110100011010100101101100101100010000011001001101000101011100101001101011010100000
010110011110110100101001110110011011100011000110111001001100000101001001001101011101100011011010
111101110001111111011111001110110100101111010001100010110010011100011101011011010111000101100010
110110110001001000001111000000101000011101001110001011111010010110010001101100010100011010011010
011111111010110111110110000000001100011101100111111000010111110000111100111110011011101001010111
001110000010110111001111111011100101101110010000100110011011111010110110111001100000010000110111
010111011011100101100010011100111010100000001001000100111101001110001010001000110100110011001100
001011111100111100001010111011000101101010110000100100100001111001100110000011001110010011100010
011001000011010010000010101001100010000100000100001110101111000110100101101011110000101010010011
111001001100001001111101100000110110111110111100101110011010111010001110000001111011010100111100
011110101011000011011010111001011010010011000110001000101111001011100100110100111000010010010011
100000001100000011100100101010101010100111100101110011001100110001100011111001101000001000000111
111010001101010110101110110101001001100000100101101000011110110111011110000101001011011101110011
111101100100000101011001000011010011011001111110011110001110010111111011011000111000100011100111
100011011100010010010110000000101110100100110110011111110100010011110001011000001000110111000011
000010011101001000101110111011010100101000110110000000000001001110110010111111100001111001010011
000010110100001101101001010000100100011001001110010101110001010010110010100011100000000110000000
100110111100010001100010010010000100010011001000110101110100000100110100111010001100001010010100
011101011011101100011000001001110100110001100111001110000001110101011100011100010101111001001000
011111001010010011010100100010101110100110000000001010011000110110011101111000110000100011000010
100101011000000000110100111000101110100011101010001000001001111011011111100111111010101100010110
010110110010100100011010100001111000110100001100110101101110100100111010011110000011010001110111
000110110001101100000100100101110011011110111011110010000000111010101001110111110101010011010000
101010001101100010100111110010101001011110101111100111001110000101001101010000001000000100101111
101100001001010000101111010100000000100101111011100010001001100010000010110001011001111110100010
000011011100010001011001010000000101010111010000100010110100000011111101110000001001100011111101
101011111010010110000010111100110110001011000101010011001101011111111011011000011000111011011010
001101011110111100100000010110110101010110010111010011000011001011001010100011010110100111010101
010001010111000010011110011110101100001110111110001011000111000000001001111011011000100000110011
110011111101011101110000110000001001110110101011001000100011001010010011001100000011010110001000
110000011001101010000110100101100000100111011011001101000011001000010111101111101100011111010010
111010110011110100011011011101011110010010001011111110100000001101101001011101000011111001111001
100110000000101111111010011111011100000000101100101100101010100001100111100110101011010101100111
000110011110111100111110000011100111011001010111111111111000010111111111111011101101101011101010
100100110101110000101010101100011000111100010111000011101101101010000001010010100000101100011001
001000111010101000000101100100101011000100011010011011101010001010001101111000111011010000010000
011100101100000001111001101001111100000010010000001001000001010010100100001011110110000111110010
010000000001000000011100110011011011100111000111001111000001100110100101010110000111000011010111
001010101000111110110010010110011111110101010001010101101101000001011010000011101010010001100110
011001000001010001111011111101100101110000001011101100011001110111001100111100000000100110100010
111000101000001100110010100101001011001111001100100110101110110101110001011111000000110011110111
100011100011110101110010110000011000001110110001101100001111000100011011111100110011111101011011
000001000000100110000111001011110001000100010011100000100001001111011010111001111000010100011010
011001110100011000110000010001010011000010010000111010001100010111111010011000011001100010110001
111100001101010000001111110000000011101010110101100111101101100101111111101010101101101110101101
011111010010110001000011010110110010010010011001111010110111110101100110010010000100001101001010
100111110011000001010011001110100010101110110100111110011101100011001001100001111101001100001101
