101011011110101000000101010001001110011110110111011000100101110001011001011110111110101001000110
111100010101100000110100110110001010001000011110110111110100110100001100111101111100100110100000
010000110000010100011000110010100101001011001011011100111101101001011100110110110111101000111111
000000001001100011101100110110010000001100001010011010101100000111101100111110010101010010101110
001111101101100001100100100110111110010100010000010111111111101110011001100111001110101101111010
101000000000010001111010011001011110111010000001101111010111011111111011000000110011001100110001
101010100001011110010011001111010110010010101011000010011101000100001000101000110110000101110011
000010010111111010000000100100110011000011101101010110010111100110111010100111110100110100111111
010111111110101001110111110000011001111011010011101111000001100100100111000010101101101010100101
110000000010100100111000010100111100100111100111010010000100011001001101100110111010101000111010
011110000110100101010110111100111000000011111101010101001000010111001001110011000100101100101100
000010111111110111110100010000001111111011001010000100100111110111011101110001101111100101110101
010011011110111110001000111011111011001011001000110110101101001110011101101100110110110111011010
010000001001101111000011101010001011110110101110101011100001000100011000000010100101001110001010
110101011010111110101101001100000110011000001100100110001011011111011011011001111111011110111101
010101011110010100001001111000100111101001011111011011110000000111111001000111111100001010010011
111110000110100110010100111000101101110100001001101001010100101000100010010111110001110010100010
011011100111001010101001001001001100001111110101100100100100000110101010101110100100101111100110
000111110000101110001011000011010101001011101111100110010110011001011101110000110010101111111011
000000110101111011111011011011011001000110100000011001010100101001110101101010111110110110100100
100110011110000101101001101101001101110001001111000101110110001011100100000110111101111010111101
100111111111000101011101001000011110010000110011010000000110001010101101110111101010101110101000
110001100001011100010011000101010011111100010001101111111011000100101011001100000100001100010100
111100010100111010001011011011101111001000111011000011110100000001011111010101000010111100011100
001111111011111110110010111010010000110100001100000010011000010011010011111111010110110101101010
110010011000101001100110001011010001100010011011001000000011001110100011001100111100111101001110
111111111111111001000100000011010101000000011011000010101101011001101010010111110111101011010010
010000011000010001101001011000100001101110100100010111111101010011010100010100100001111010010101
101111001010001100011100010011001101101101001010001001001010110000111011000101110011100011111111
010111100001100001010000111111101000000001010101001101010010111011110011010100110111010110001110
011110001111010101000100101110010100111001011101101110111000110000100101001011011001101000101110
101001010000000001000001111101010001010101001100001010111101000101000010000110010101001100011001
001110101001000001001000100011010110000001100101010111110011010100111100101010011101000111010111
111111010010100010101010011111000110111001110110100011000101010101110001101010111001001000010001
101010111110100000100110010001010111010101111110110100110010010000101001101110000110010110111001
111010111100110110001111011110100111110100111011100010010011001001101000111100001011111011101101
001111111010001000010111100001000100100100111001111111100110000001110111000000111011111111100111
100001110001101010011101100000111101001100101000100101000010100101101010101001011110100110100101
001101111000101001110011000110011111000110100111011111011101111000110001010110101001010101101110
110011010110011010111001010001110010110101110011110100111101011000111001101101110111111000011100
000001111011010111001111001100101110101011001101100111111000101011010010010001111100000010011111
001001100101110011110111011000010001111100101001100000100000100101010111010010100001001010111101
111000001110011001101000110111101010110100000010111011011111001110110000010000111100111001110001
111000010010100000011100011000111110101110110111101000100110111010110111110101000111110100101000
111110110010010111100011010010101110000001100100011000101010010000111001010111001110001001100010
101101001000001010000100101010010110001000000101011000111110001100011010011110010111000110100101
110011110000111001010110100100000111000110101011110100010001000111001010101010001111000001011011
000110000110100010110011101000001110000110111000101111111011101011110001010011010111101001010010
001100101101001011100001011111000101100101111101011001100001111100010010001001111001111110100110
101000011000010111111110111100111111001101101111001000011000111101100101110010101110100110010100
000001111111100011110011111001111110011011001001011100001111101110011111111001100010011110101010
100110111111111111011110010110010010110100110010101100001011011000010101001001110111110001000010
111100101011110010011010110100000101110010101111000110001010010111111010111001110001101010101100
001010100001110111101101010000001010100110110110010000010100001111010010011100110111111110101000
010111101110011110011001110100110111110110110000000111011110100011010100110001101001001000100100
011111010111101001010010110111111000110010111111111001011001011010000100101011000011100001100011
011110001011110000111011110101000011101111110010111100111001111001001100100000000101000000110111
001111101100110001110000110010011000100011011111001111011010100000100101110101110111110001111111
011010010101111101111000001010110000100011111001110110000111010000100111110100100101011111101111
110011110101111010110111100011011111001111101001101011110011010011001011011001010001111000001110
100100100011100000001011010001101111000001010111010011100110101011111000001101010111010001101100
011000101111111101100110110111111101010111010011111100000100010110001100001101011111000111000011
111010111001011111101101111101101001001111010101001000111111111110111101100110110111000000110011
100100111100101101100000100101110110101100110111101110111001011011011111010111110110011100100011
010101001000010110101001100001101101110000100011110110100000011001010001110111100101101111100001
111110010001111011001111110101000000001100000011000100100001011011001111000000111101100101001110
010101000101010110010011010101000101111000111111110101001011110111011101001000111000010011011110
011011010011101110110000001010101010011101010010110100110110101011000100100110011000001100010101
001100011100100000101011100100011101110110111100110111000101110100100010011110110010010001001000
100101011010111001100111011011110010011100000111101010100000101010110111101000110110101011011000
011110000011010010011011010110010011011110100101001110101110010100100000010011001111001100101110
101011100100110010101111001001100100011100011011100110101101101000111110101110010010010111110011
101001011111100110011101110010000111010001101001101101101010111001101001001011111011011011100100
000010011010111011111101011011101000010001101111111110011110111101011101110110011111001111100100
010000001001100110011011101101010000010010101011000101100000110000011001000000100001001100110011
101010100101100010100000100010101100000011010111111111100100010100101010111010001100011011000010
001100100111110110001000110001101111001111001010110011000011111111110101001100010101100000101110
100110011101010101111110001001111101110000101011010100000010111001111010000001011110110110100011
000100101000101000111001000111111000101110011001110010111001101001110100011101101101011100010101
010001010011000001000111100011111110111101101101110101111100010001111001010011101100010001010101
101100100111101111001000000100101001001101111101010001101010001101101110011111100010010010011111
010001111110000100100011100011001000111110111111001111011100000000011011011101001000011100011111
100011001001000110010011010111110011111100011100000111001111110110001011011011010111101111101110
010000001010111101000000011110101011110010111010001010000100101010100011101101111011001010110011
111100000101001000000100111110010000011001111101100110001001110101000111111000100101110010110111
101010111111011111001010001000101001101111011011010010100101000111011010100011001110111011110010
011011111111001001100101110001010011101011010101001001100010011000101010000001100001000011000000
110000101111010011011110110101100001100011111100100011111100111001001011111001100001011101010111
010111010000110110001011111111101000110010110010010111110001110101101110111101001111111001010100
000111011011011111110100110111111100011110111101111011101010111101010000101110100100001100001100
011100111000000101001111001010001011111010110000010111010111010010111010000010111111100111101011
101010001101000100101001101000000100110000000000110011100100110100100110110101100110001101101001
000000100110100111110111000010011001011100100101001101111001011001001011101001000110101100111001
110000001010100100111001101111101110100001010100111000101000101000011010011111011001010100101100
101000101101111111111001101000111100001010001001011011111110000101100011100000100110000101001100
100101011001101011100111101110001110101000011011010100100101100111000010101011001100101111001001
010100000110000110101110011001111100001010000001100111010111111011001111100000100011010110111011
110111110111101010111011010110111000100111100101110000111101001110100001111100111001010001000010
100110100001111000101000110001001011101101101111101110101001111010111101111010101010110110111010
101110001111101001000001011111100101100011101011111111001010110011111011010101100010111110100000
011010011000001010110010001000100101011000111101100010010000111101100011000101010000001010101011
100001001000001010000101001111111100010011000000011011101110100100100001010111110111100101010101
110100101110100101000000101011001010001101000111010010100001000110101010010011001101000101001100
100010000001110100000011001100100100010110000011100010100001110100111101000001100110001100110010
111001111101100110110001011011111101010011011100010100111011111101001011010100011010011110011101
101000100100010100000011111001000111111001111110001010000101011110010000000111011101011011111011
011111011100011111010111101011010100011110010011111110010000010101001001000101010110010110001110
101000011111110000011100101100001001001010010010010000011100011010100011101000111101110101111111
101011111011001101111101100001010100001111011000000010101111010100010011010011111110100001010001
100111001110111011001011010011111110111010111011011001010111011000010001101111100001111111000010
100110100000000110111010010001011010001100101001010001000010100010110011000001000101000101000001
010011010001101011000101011100011010111110101000100111100111001001001001001010111000101001100110
011011000100011000011110100111100111000100000110011101011101100100001111100001100000110010000101
001110111010100100101101001011001001010100110111010000010011000011110100110100001111010111010100
100000011010010011111010101011111110001001100000011100001010010101001001110000100000101100010010
000111110100110110100010101011011001011010110001001101111111011101110011010100110011011110001110
111110000001110110110111111101010000100101111001111100100110001100001111101100100001010001111100
110010011011001110001100011110111001010001101011100100000111000000100010001110100101001010010001
001111001111000000101011001101111110101101010111111110101111100101110100111100011010000000101011
111111010001110110100100000100111111001010110111001111000000011000110110010111000000101010101001
001101000111001010010001101000111111110011011101101101100111011101110110100101111001000111000101
101001010011111000110100010100101110000110010111110110010011011011111011111000010100101110111000
111101001111110110101101110010111001000110010111000101011111100110001000010101101011000000001101
010011001000111011111001110111011110100100101101011101100010011111110100110110110111001010111010
011101110011010100000010010100010000011101101111111111101110100010011011101110101011000001000011
100011101110001111100100000100110100110001000100100100101010111010001011101011011011011110101101
111110001011011000110000010010011000001000101110111100101011010101111111001000100011001011010010
001011100000010111100001110011011110000010001100010011101111001010010010010011100101000101111101
011000010010001101100101000011100101011111010010101100100110110100111101101000011010010000110100
010010101110011010111000100110010001001001011011101101101101101000010011101110001100010011011001
000100111101100011100101000000100100010101000010110001000110111000000101001111111100001101000010
100010111000111111101110110011110111001010001100000101100100110001010001111111011110100101101000
001110101100110011000110010110101101000101010000000011101111100010111000001100111001100101011000
001100101000011001001011010000101100011111111101101001100110011100110101111100100101001011111110
000000011101011000100100001011011111010001010111001110001001001100011000011001000101010100101111
011110000101100010110110000010100011000110100001011101001110100110101111011110110000100100111000
111100001000100011100001001001011011010101011011000000111011111101010101101100110111011100011000
110110011000110111111111100011001010101100011010101001100101100110001010011110000100100010100001
001101100010110111000000000000110011010111110000010010111111111010011100111001001011010111011101
001010100010001110110011010001000011101111010110101011011110111010101100001100001110101011110110
110011110111100010000000100000011001001110111010101001111110001000111110000100100101110010011011
101001001111010001001000110100001110010100011010111010111101100111101010011010100011101100011000
110100011000010101110011100001000111000110001001011110111100101000010010110001101100110100110001
000110001100010011111011100000111011101110011000011101101111101111010101100011110100111110001110
110000010101001010110010111010100110110011100000101110010010010111101101010001000001100011101110
011100010010111000101001101010110011010000100111000001011001111000100111001100011110011000111110
101110100000111010011011010111111000101110110011101100110000101001111000101111000010010001000111
110110001111000111101110010110011101000100001001010011001001011000111000111101100000001001111010
010100011111100001100110111101001000010101100111001000010111010101101101010101101010000001010000
001110001111100111100110010011100000000010100101011010010010000100100010001100110000010100001010
101111110101011111001000100110010100101110010111101010000110101000110000000111001100000100100011
110001000001110110100011011100101101011101111000101101011010011000111000100010000110010111000101
001101000010011111011111101011000010001110011010100010100100101101000010010111011111011110110110
001001111010001100100110101011000111011010000011110100011001010101101000111010001100111110010101
000010010100110111011110000111000000101111000111000000100111010001100000111101001101111001000111
010011110010110101011101110111001100110000110001011011001011100110011000100000101111110001101111
101011110110100010110001101010101110011000011011011110010000000100001110101011101011010111101010
010000100001101111100000000001011000101001010111011010101000111111001010001101101110110010010001
001010001111101010011100001101000100010100011101111101011001111011101100101001000010001011111100
000010110100010011011001101000101010110001110111111111011000011100110111010000101111100101000000
011001101111101100011100110011111101010101101111010001010001100100011100100011110010001100011010
100000011100001001110000010110010110110111111101100001011010010101001001101000100111001100011100
010111111011001110010100010011010001001000000110000001000110101101001101001010010011101101110111
100110110101010111001000111011101001001111001010000001110111111111111011100110010011001110000000
001111000100011111110010111000011001000100100111100110101110111101100100001101011110101001101101
001100010001011001001000101100010101101010110001111101011110010101100001000101100101000110011110
101110000111111101101010100110010101110111000001101100110100011101011000001001101000011010110100
001110110101011100101000100100101011100111111000101000101101110000001111001110010101011001100100
010010010001110110000001101100000100100101101110101000011001011011110010000001100010010101100010
100011100111110111011101111100001100010110100110100110110111101101110110011111010111011010001010
011101111010011001010011000011010110110011000100111110100101010110111111011011111001011001110010
011011010101110011010001110001011110011001100010000010011000010000000001000011110001001011100110
101110110001111010001100011001010001100100111011001101111111010101101001011010101010000000011011
101011101101010110110101110101000101010111000011110110110010110111000111110011011001001000111110
111111100011110101110001111010100111000111100100110110110011001110000100111110100100100010110111
011010100101011000000000100110011101011111111100001000011001000101111000100111011111100000101011
110011111111001100110100000000100001111011000110110011110001000110101111100010101011101110100100
101001011011101010101111100100001000100110101111101000001100010111111111101110001111111110001111
010110001010011100010100100100000110111001000001010010101110111101011110011110011011110010101111
010001110101110111111111111001110001111000000011100111111000100001011010110110100111100000000011
100001001100101010110011110011100000111110011010111111000011010011111001110001110011111100101000
011111011010000001000011001110010000000110110001111101000111101100100001000111001001100110010111
011001011110001110000101000010101110101010001010000011000001111101011100111001001001110100011110
110110000100101001110101001010001111111100001111000111011110010011110011100000101001111010001111
001100111011100011100001111100101010101110011111110111101100011010000110001001101000000001100110
000000010101000001011101100101111010110101001110010000010111001100011011101111100000100111000001
011000111000101110110000100011110101101001111011010100010000010010000010111000101010001010111100
100111000100101010000010000001001110000101001111101111101100100110001101100000101111000001110001
111010100011101100101011100011111100010010010011100001111001000100111010110010110000111000100001
000110101110000110010010000001101110111101101011110101000011110111101101011101111011000101101011
011001000001011111000101110101110100101110101101010101101010100011001011110000011011001010101011
010010100111001100111100100111101111000111100111000110000100000110011110110010010011000111111001
001000000101101101100111001101001101010010011100011011010010101000110001000011100001000100000011
000011100111010010000001010101001100001010101100100111010110001011110101000111011011011100000111
011000110010111110000000000010101101000010101000110100000101010001010001100100100011101100011010
110100010001100010111101011001000011110001000011011111001101111001100010011110000011001110010101
011011010111000001111101100010111000110100111101111000010101011100011101110111000000011100001000
001010111110101110011101001100010010011111010110101101101010000001001001011110101111001011110101
101111011110011101011001101110111011001110111010000011000011011111010011111001011001101111011010
001110001100110111001101000011000010100010001010110110001101000110001110101111111000100110101001
