000101001000111100101000110010010001011111111001000011100001000011111010010000001100010001111001
111001110011101011100010001000011010011101111100001111101001011000010001000110100000001001001011
100011101110011000110001011110001111010011100101010111000100111101110000011111111001100011101100
100001010110101010011101100111111110011001111000011010000001111000000010100000110011011010011111
010011001100101111100101100110010001000001011100000010010011100111100111000111010100111000101101
101101111010010111010101101011110010101000101110001110101111010101101001101111111111111100010011
101100000011101100000101011111110110110101111010110001110110001010010000100101101011001110000010
001011001001111010101010110000001110010100000101001110110000111110100100011100010111110000001101
100010100111111101101100100101010011010110011101001010000001100111001010101011110101010001000010
010000110011010100000001101101011000110000100100101100010010100110011011001101000000010100101011
111111001110110001111100010010001001000011100000101101001010011110110110011011101011100100001101
000010110101010111100110000010100000111000000101100111010110100001010101110111100011100001100110
011011001001100111100010101111010110111001011010000010001011001000100011010001101111101111101110
111101000101100101100011111010001001001110100100100110011110000111111000110100111100001110100111
001001100110011101111011001110001111100110010111111100000000011001010101101000010010101111110110
010000110001110001000110101101100000100101100100010001011011000000010100001111101011101011101111
010101101101011001001010011011111001010100001100111001110110000001011111001010001011111101110011
101010101100001011101000100000101001100011000010000000011100101011001000111010010111110100101000
010011110101011010101000101000100110100110011110100101101011010000100110111011010100000001101100
110110101011011110110011001001111011111100101000001010010001110011100000011100111101101101001101
011100110000110000101010001111111100100101100011011110111001000001010100001010111000111100110000
111011001111101001010100111101010110010011100110001000100011001100010001001011011101101010100011
000110101000101001001101100101110001100100000100100001000000011011110110101001000000001110000000
001111100010001100010011000101110111110110111000111100000011110001001101100010101001010111001011
011110010011011010100000101101001101110000100001100100111000011110101111011100100001110101110110
011101111100111110101100110111000110011100000011010000010000101001000011110010100101100100101101
011101010110110111110001001111010011011000101101100101110100110000110010111111111000011010010011
100001000010010010110100100001111101111000000011011000110100100001000100000110111011111110101100
010001111100010010001111101010011101000000100100011101111110111011011100000001110011101101011011
000110001110010101000101000101101011100010100101000101010011101110011011101010001000001010000000
101111010100101111000110110011101010101100010101010010000101000100011000001010111010110011011100
100000101101110000110100111001001000000011110010011010100001001010001110100010001101101000000010
000010000110010100111001001000111001110001101011100110110110100001001100111001111100001101010111
100111100111111011110100110001101100111100011010010001011100010101110111101011110100101010011111
011000111100011010101111110101011000111111111101111101101000110000010010110111000111010011000001
001100001011011110110000101101100101100001010111000101101110001111111110000000011010101001100100
101101100001011001111111111001101101001111110100000011011001001010001001100110111101010101011111
010011100000111110111100010100010011001101100100011011111100101110110101011100110000011100001100
000001111010000010000101100110101000010010100100111011100100001001011110010110010110000011010110
111111010001000100001010100100011110001110101000011111111000000001000001010111011110010011011100
001010010110111011100111001010010101001000010011110110100110001001100111001010001101100011101101
000110100111010010100101101011101111110100101100101110110010100111111100001001010001001010000111
000011110000101101001011101111111110001100001000101011101111101100111101100110011110001101101011
001010111111011010000010110001110100001110100010111110101100110100000000100011100111010111101010
101000000000101010010001100101000101010110010100010001011101110010100000100000101110001100011001
010001000010001101010011010111111001011001011110000001001000011001100101001011101000100000110010
100010000000001111110101001101000000000101000001101100001111101010010101001000101000100011101101
010111001011111010101011011011010011011110111011001000011101000011000010011000100100101001101001
110010100010011111101001110111000101101001001010110010101100101111111000011111100101100000011001
111000010101111001101100111100111101101101001100010110011001110111000000010010101010111001001000
001111001011111110110010000111010110001001000010001111101111010000001011010111000100111000000011
010111001110101000111101001011001001111011011100110111110000100010011001011001101110010110110001
010111100111010000010001010111100000111001101011100110000001100101110011010000010111001100110111
000010101011000100111101100001010010110000001100110110101011100100100111010000101011111010100101
010000000110010000010111010110001010010001001100000101000100100010111111001111010111001010000010
001011110111111100001110111001010111111111110110111100110011110101111111010100011010000101000010
111100101110100111100001101111001001011110100011000110100101100100000001011011111000111101100100
011010011111100011001110001010100110111101011101001110110001000111100000011011111111110111110101
110010111101100110100111011101001000001111110000010101101100111000110000001010000011011011001101
100110110100011111101100000101100010100011001100100010000000111100100011111001101001000110011010
001000110111000000100000100111011010010011111110011011110011110100101010101111001001111001000110
100001100010110001111010111101001000100011100010101000011101101000011100010100011110000100100100
000000110101100000001010110011101110010110011001111110101011010111000101101110011010101101110100
110101000010110100011111101010010001101001011000101001101010011111110101110010001000000100100000
100000010100010110010001111101011100100010101010011111100010010010010001110011101010011010100100
110111111110000111010101000110010001100110110111110000001010000011110001011101100001001111101100
100011010010110100111100101111010011111110111101101011101100110110111100111101000010110001000001
111100011010011011111111101111100110011000001000010111011011101100010010011001101001100100111101
001111111001110001110111001010110101000000010001010000100011001111010001000110101101000101011110
110010100010010001011110011110101111010111001100101010110100110001100111111100011011011101100111
011000110011010011110110001101011101110110111110011000000000111000111100111011011110110000010111
000110000100011010011111111111000100101100101111110001000011011101001011110101100000011100110010
010100110011001111011011100110111000110011100000001011100100101000001110110011010011111011001001
111000001001000010111000111110011101011100001001001001010010111110110111000001111100101000110001
100110011000011110101111110001000101011001000000111101100010100101011011110110011011001001000010
010101111011010011000010101110010100000000111010001001000010111000000111010111111110010101000000
101011101100111111100011001101001000001111010001010100100011101101101000000110111001001110011111
111000111011101110101000010111010001110101111000010101000010000011010110000111110101011001111001
110011011010110010101000111101101010000010100011001101011000010000001011111000000011001101001011
010011101101100001010101000101100000011011100001110000011001101110111100111101000010111000100110
010110011011101101011101000001011000111100101111011101111011100111100000001010111010000011000110
011010111010110100001011010101101110001011000011100010010001010000100111010001110111001110011000
001010010011111111010010101110111101100010000100100010000001101101000010000110001101111110000110
110011000011101001101010000011111001101011000011001111000100000111010111001101100000101100001100
100110101100101010000011101111010000111110101110111010011100100001011011010011011010101010000010
001101110000111010101010101110101010111100101111001100010110101101111001110111011101001010101100
011101111000011111111110010111111101111110100011100110111010010111111111011101000100101100111000
001001101010111100010100000011010110101001100011000101110100100001000101101110000011110010111011
001100001010101001010101101010101111100100011111100110111111100101000001011100000110101011000010
100001010111011010000010001101111010011011100000010100001000011110001111101101111111101100100011
101100000001000010011000111100110000010000111000011000111010010101001101011000000100011000001000
001010001111100101001010010000000001111110111100010110010100101010010011001100000111000011110100
001111010110010001000000100010001011110101111001101011011110011001001110001111100110001110011110
101010101110011100000111100110110000010010001001111111110100101100110110110001010000001011010000
111101001001100010101000001111110101111010111000001101101010010100110101010110100001100011001001
100110111100110111010100011101000000100101101110010010010110110000110100110000101001000101011001
000110001010100000001110010110010010000100111100111010000101111111011010110110110111110101100111
110111011111111111101101011011001000011001011100000111000001110000010010101111111000110000001110
010101010111010101011111001011110110101111110010010010111110000010100010001011111101110101100000
110001000101111100110011110000011111000011111001101010111000010011100110101000101111001010000011
011010110000001100100101011111100000010001101010100101111000101101111111010000001001011000010101
011110111110001101100100001110110100110110100111101000011011100001011100001111010001110001010000
001100100110001011110010001000101111101001100001000111010000110110001101001101001111001111111111
010111010101100010010011100100011011011100011011010100111011111100101101001011011001110100010110
010010001010110011111111001011001111010111011111110010100100110010011010001010100001001111110011
001000111001100011001010100010100000111010011100000111001000111011011101000101110011110010100110
111010001101010101111111011000110101100001010110010010100110011010000110000010010001110000011010
011111011100101010110111101000100001000111110110010010010000001010001011101111111001110110111101
001001010010100101010100010011100010110111000011011010110010101100011000111001110011111111111111
001110101000101111110100000001000000001100010011001101001110110011001110011110001100101110001010
011010100000011010100100001110011010111101110110110000100101111110011011001101101001011110111011
001100011001011001100111000100001001001000001110000011110010111000011101111101101011101100110000
011100000110011000010000100101011001101101000100010011111010000011111100101101001010111010100111
110111001110011000100100011100110001100100000100000000011001001010100111101100001110110011110110
010010110100111010011100011011110100001101100001001101001100100111010001110011011110111111101001
100011010010000010010000100111100001001111010001100100110001101111110000010000101110011110101010
100101010010011001010011100000110101100110010001111101111100000011101111111001011000110011011011
110001111001001011110110001011011111101110011101001100100111100110001011011111100010000101111101
010101000000000010010101010101000000011111110010001100001000000111101011000110000111010111100111
010100010110010110011110010100010110100110001011001110011101011000010011010001101010001000110011
101001101010001110111100110111010000010100110011001111111010111100010010000101000001111111101010
011110011000110001100101111111000000100111010010000111100011000010101011111111000000101110101101
101101100000110110001010001010011110000011111000001001111001000011101100001010001111011100001101
001111100101110000100001110000011111011000111001101101100011111010000010100000001000110000101100
101011110101100101011000100000110100100100100011001111110011010001100010010010100111011010011011
101110101000101000111010101011110001000000111101011001011110110000010010110001100010110001001101
010011110011101111001100110000010111010101011110011111001011011001101100110110000010001111001100
011100001101000000010001110101110010000110010101100011001110100001101010010110101100000110010000
000101101110001111110010000110100000011100010000000100111011010000100011110100100010110110110010
001110011101001010110100000010000010111000101011000010010100010101101000111000001110110111110000
010011110110101101010110100111011111111000011110110011010001111100101100101010111111100101111110
111000000110000101011111001000101111001001011110110001001101000111011001100111111001010010101001
001101100110010111000000001010000111111010110010010110101100110010011100000011001000111101010000
010001000001111000000011111110100010010001001101100110110000011000100101111010010111101110111100
101001011101101011011111101010101001110001010011110011010010110110011010100110110100111000100100
010100000110010110110000001101000000100011010100110000111010001100010100000011000001000111110101
011110010111011111001100000010101111110000110001011100001111101110000110111110111101110011000001
011000001001110001001001100100001011000111011110110011111101010100111110011011000100111101101001
001000000111000111101101010111101001001000111011011111001101100000001111110111010011001011010001
111010101001101001100111100110100011011110110111100001000101001101000011000110011100111101111100
110100001011111110110011110101011101001001100011000011000111001111111010010010100100010110011110
011000001110000000011101101110000101010001010101001001100001111110100011001101101000001011011111
001011010101100101000011100000001101010011111100101000110111101011111110101111010110111110101100
100001100101010010010001011100101111101000011010110110001101110010111010011001011101110010011011
010001100011001010011111000011100000000000110100100011100001100110010100100111010100000010110001
110010111001000101100111100011000000101111000111110101101001101000010110001101000101100111101000
001101001101001100101001101100011010010111010000010111100101000101110011101010000100011011100001
000011001101110011110001000010001010001100101100000011100101011011110100010110001010111111001010
101111101110001001111001010111101101100001000111011001011011100011001001110111010000101101101100
100111011001110010010000101000000111011100111001000000010101100001100111010101110110110110100010
011110111001001101110100100011010100001001100001101100011001111111000010010100111110000101110101
111000110000011101100010111000011100101110110000100011001100111110000001111000010001101101101010
000100001111011011000101110110010010001010010011111110000000001001000011011111110100001010101001
000000011101111110001011110111111100000000011000101111101110111110001011111101101101010110110010
101011101101110011001010011111101000010011101100000000111110001110100000000010111010100001110111
010011110010000011010111011011100001010101110000111101111111101100110010001010010001111101011111
110101010000100100110111000001010000001111110011101011001011010000011111001100111001100000011011
100101101100000101100000111101111000100000101101110110111111001000011101001001111110101100101010
001101001000011010011111101101010101110100010001001011010111000011101110010000011101111010100100
110111001100100111111100010101011111111011110110001010000011001101100011100001000010000000100110
110100011110000010000011110011111010011010010111111001011000001010011000111101011100011101100011
010001101000011110100111100011001111000101110100110000100011011000000101011100101101101111001000
010011110101011001001101000110011000111000010100001101111010011111000110100000110111111010011000
100010100011011000101101000100010011111000010110101001101100010011001011110011000100111001100100
000101001100001001100010101011000011101110111101001000110010111010010101000001110101010111111100
101000000011010001010110101011100110000001001000101001011100011011111110111000110010101111011010
101111100111011001101011001001111100110111010101011100011101011100010010010010110110111101100111
111010001001110111101100001101110111011000001110011001010110101110010011100111010000100101110100
110100011101111010111001101110100100001010001110110110110100001001111010000111110000001001111101
000010001000110011110000001101110101111100001000001111101001000111010111000000110101110111011101
111111001110010110101100111001100011101110000011010100000010101001010111011000011010011101001011
000011110100100010100110101110000111101000011111000000100001100010001001100011010111001110010001
111011111000010010110111110010010110100111000111000000101001011000001010011011100111111111011001
000010000110111010100110101000010110110000001110111011000101010000000100101000110100011101000111
111100110010110101001110001101011101001011011110011111101000101110010100010011110111010100011010
100010010011001000001000111011101111011010101111000110111010100000110111011011111110001001111001
111001011011101100011101010011011111010100000000001100010011000001111111100001100001011111011111
000111101100000100111111100011010011001100100100101110010101011100100111001110011100000000111011
101110000011100110110011110000110001011001001100000111111001100011000001100011110011000010101011
010110011011010110011011110110001110011101000101101001100101101110101001001101011000001101110101
000010000011011010100001101010011111111111010001111101011101010010110100111110001010010001001010
010010110110100011010010100110111001011011000100001110110001000001110101111011101100001111000011
101000110001011110010000101001011011000111000101101010011010000001011010011010101100100001100010
000100011001010111001100001111101011011001010000000110000111001011100110110011111111100001000110
010100111111011010100101110100001111101000111100000100001011011000101101101001110000010110101110
011111010111010100001111000011110000111100000100011010011100110100001001110001001100010110100011
111011110101000100011111010100001010010101101100001010010101011111000110010001010001000000000101
111001001111010011001010101001000010010001101001111100001011110101101000011000101001111100000101
000010101001100010011101001011000011111111110100100110000110110110111010110110110000001100101011
011000111010101110100011000010001100111101110010101010001001000110010101111000010100001010001111
101000100010001001011110000011001001000101110011011011110101010111011000100111010101100010010000
101010111100110101011000110011011010001010011111100110000101100101101100010101010111010010111101
100100000111101100101100010100011001111100000001110101001101001001111100100110111111001100001111
000100000000110100011000101100101011001101010101110100111011000100000111100001100001110001100001
110000110111101001111110000100011100111101100011101001001101101100001101100101010011011000010101
111011001010100010000100100001110010000100001010101010101010001010010101111111001110101100010101
111101001010010100110010110010010001101100001111110011010000110011000000000010101010001100001101
001000110100000011000110001010101011101010100010101000110000110010100101011001110100100000000001
010111000100011101101110000011100110010100101111110110000010000000111010010100011110101001100110
001001000010111110010001111001001111111100010010011100011111011110011110110001101100011010111011
