101110111110101101101010011111111000000011110011010011101110011100011010101111101000100011111011
110111000001101001111111101001000000110101001110010000000101111011110110011010110100100000010101
001100001001011011000001011100000010010111111000001010011111101111010010101010111001111110010110
010100111111110101111101001110101111001010111010010101111101001111100110100101000100111101000001
011011100111101100110111101001011111011110111111010011101011111110011000111000001100001000001010
010001110000100111111110100110101110110000011101011001001101010111011110110101101101101100101101
100110101010101111000001011001101000111111111001010001101110001010110111110001010111011110110001
000111010110110111111100011110001000100011101010111100011110010010100111000111000011001001111110
100001011110110001001011101110000101100010001101010111100100011111011111110100101001010101011101
111001100010101000000000111110110000100001110000000110001000110111100011011110101111100100000110
011110001111110110001111010011011100000010110010100010111101000111010001111111110111011100111000
101000011001111101000111000111111011100101110000101010110001010110111101010110011111100100110100
111010110101010011010010100111110000101101001100110000000010111110101101110110111001011110001110
110111001011001100110011100010001101010100011100100001000001100110101111100001001100000110100010
000100100011110011000100101101011010010101011100101111100010100000001000100100000101100010101111
001011011101110100111010100110011100001000000100010011101100000110010010101110000010100101111101
010010100000100111100101010100011110000000111010001111010101100011101101011111001111101000100000
101001110011011111100100011111101101001011101001111111100100011010011011001101110100100000000001
101101111001110100010110111100101010011111001011111101111111101000011000101110001010101100010111
110101010000010110100110010001100111111111011110100000000000010000110110100100111111011100101101
100000100011111001000001001111111011011000100101011011100011101000010011111111110100100000110001
110110100010101000101101010100000000001110101111011100011100100000111100110001001001001101011110
100001011111111000011101011101100001101000000000011100000010001010110100001011011101111011000101
100110011011010010011011111101011111011100111010110000010111110011110100011100111011010110000011
001011000001000100101110110000000011000010001101100000111001011000011011111100100111011111111011
011011110111101000011101101001011110111011001110000011101101000100000111011001110100000111111010
100010011011101110111100011100110111100101011110000000010111111111011001011010100100100101111011
110011010100010000001100110001010001101000110001000011000010100101110011101000110111110110111101
001110001101100101111100111001110100011011000000011110111110100101110111001110100111000011100110
100101011001010000011000110001111010000101011111011011110001000110100110001110101001011110111111
000100000000010110111110111111000000011111011101000010111111000000100001001101110001000100111000
001100101101110001100101010001101111010000110000100000100001011001000000000111000011100101001000
001010100100100111011101110110111111111010010100100010110101001011001010101011000001101100101110
111110111100110000100101110010110011101000011101011100001100110101110111111111111101000010111001
010110100000110101101110110100010000001001010011010100010010110100100000001110000000011101111000
101001010001010101010000100100111111001101011110001101010110101110011011110110100110111001110110
001000111000101111100011100110100010101111000001001001011100100111011110001011000011101111100110
100000101100011010100010000110101111000110101011010101101001111011011001101101111001110000111011
000111111000010101110000000101001000001101000110110111001000111100100110100010101001110111110110
110001100000011101101001010011000001100110000001010100101001100111101000001010011101011100111010
011001011001010001001100010010000001001010000011100111010100100111111101101000111010000010010001
101011010111000111111101001100011111110000001100000110001111111000100100001010100110111110101011
100101011101011101111010001110010101000001011111101111100011001111000001000010010011000101110011
100011100100100110100000011101110001100000111010001100101100111000000111111101111110110110101001
001100000001110011001100101001111011111110011110100011101101110010100100101000011101011111011101
011010100100000111110100110000000010000001110000011100101011011001110010111100000110111100100001
100111010010001001101001100110100011001000100111110000110010101010110011101100110011111111010001
100011000110110111000000010001001110110100110111011011010100100100101100001010001101001100100011
110100100100101110001011001110110110011111100100101001100100101001111110001100111011000011110110
001110101011000000001101000110011111000110011100000100100000011000011011101100001110010111101001
100011010100111110111101001110011110110001001001000101001011001010100010010011110110010111101011
000100100011000011010001101100100001001001010010100010011001100001011001100101000010111100011011
110010011001000101110000010001000100111000010010100101000110111111000101100110110001010001111111
110110011110110110011111011000100010111101101011111010101100011100101110000101111010001010010111
100101010010101010010110010110000100000010110011001111110100110101011000010111011110111000100011
000100111000111111110001111011000110001100010111010100000100111101101000010010101011110010011000
111000010111101111010010100101010001100011111011100001110011001100000100010000001111000100101111
001001011000010000110000001001000101000010000011111001011101101010010110001001111101011100100111
110011011110010110010111111110110111011100101011111101000010011101010100111010100111111100101101
111100000100011110101111111011001110010101110011100110001110001011001111000101011110011110100001
101111001101111100000100011111101100000101010100000100111001011110100110000001001010101111110011
000010010111110000010100011010111111100001001011100000110110011011111001111010011010001101111011
100101111100000101100000100010001011011101000110111100101110100011000000010000000010000111001111
110010000110110111000011101000100110111101010101010000011010000110100000111100100000011111110101
100000010101011001001001111011001010111010000101001101110010001111001010010011110010100000000110
011001110110111101110111101100001001001000010010010010001000010101011010100100001101011111010111
100010100011000111011001001001110101001001011111000101011111101100010111110110010001011000011011
001110000000111111101100110100111010011111100110000010011010101111010010111011110000000010000111
110000010110100111010101001101000010101000101011101010110101011001111110101110011101110100011111
011111100001111000100101000100101100010111000110010000001011011101000101100111111100111000111001
000101101111101001001111000101101100000010101011101001001100000111010011111010110100101101111111
111110000101100111100001011111100101010110010111011010010100100100111001001001101010110010110110
110010000111011110111111111010110100100000000110100110100111111111011011011110000000100110110000
001110100111110101111011011111011100011011010100111001010000011101010011011111010001001001000001
010011101111111110000000111010001001110100110110010110100110011011111001011100010101010101010010
001010111010001010111110011110011000110011100110100000101010111011100110001011000010101001110111
001110010100011100111011100111101011111010111101001100001010010101101101011011010010100101010010
000001010101111010111110100111011001111010111010010100101100110101110001010010001100100100101100
011110101011101110101010111010011110010001011011100101011111001100011110011111010110101001100011
111111000001100010110100110101101110011111001000111101000110101110101100000011100011110111011010
011001110110110000010110110000101011111010010100011100110011101010111101000001011111010101001111
111111111100110100101001100000100101001001000011010110110100100110001001101010111011000100100110
011010000101110010000011110000101100111001111001100011110010011001011001101110011111111111100011
000101111100000100101111101010100010011101111111000001111100010001100110001001011011001001111011
101110100110000110001001101110110110010000110000100001101010000110011011011111110011010111100001
010000111100001001001001011101001011111010011111111011011011111000111001110001010100010101000100
010100100000111100011001100001000011110110000000100001111100101111100000100011000111100011101100
000110110111001110001011001000000011001101010111110100010100110010101100011110111100110010010110
010101100101000110000101111011011010111011111100001010001000011111010000101100000101011110010010
111011010001111101001100000010100010111001101111000011001001110100010100100110011101000101110100
000010001111111100011000101001111110001011000000001101101100101001101010110000011011110011101010
010100010011100000010100100110011101000110001000000101110100100110010111011100101000110001110000
110100011010111101001101010001110001111110111111011001001001111000010101111100010101010110101101
001100100000100010100101101110100101111100100111101110011000010111001110110011101100110101111111
110010111100100100001011011101010101110110000011011001011100111011010010111011011110110101110100
101010100111110010000101011100010000001101011100100011010001001100110111010101110000111110010001
010100111101100010011101000011000101110111110111011101010101100000011000111101100000101110110001
001000000111000111000010000100111010100100001010011001110011000001101110000111101000001000000111
111011010011111110110111011110010011011001111001111000111110011110101101101000001000100001101100
101111010111110000001001010011101110110100011001110010101011111000001111100110001001011011100001
000100001010011010001000101111100110010101110011100010100000100110110011001110100010111110111100
101010011100111111111101100000101000100110001100100000000010011110101111101100000100001000101100
111110111111100010011001101111010000011100011100001111111111011001101011111100000100101101110011
110100011001110000101011110001111100010000110100001000111011101110101011100100001001101110010000
110111111101101001011111010110001111000111101000110110101000111000101001010010100000100101011010
000110010011100000001001011100100011000111001001000100100101000111010110100001100001000010111101
001000111100010011001111001000010110000100111011000101110001001011111001110011000101111000010101
011100101001000111110000011001110011101000101110110000001101101101100000010010010001001011001001
101010010110001100010001010110110011001101011000111111100111010000100101110001001011011001000101
011100110111011110000000010110010011000111111000001010101101010100111110101011100011010011110000
010100110011100011110101011010111100110100101000011100000000011101000100001011100100001000101111
110010011100011011001001110111110011010110101011011100111101001000011111011010001100111111000001
111001110100001000001000110100000100110111001100111100010010001101101100011101010001101000111000
001101110100011001001001011010000011101010011001100010010011110001110000010111011111111001011101
100100100101110011110110010100110001101011100010110010111001011100001110000110101011111101011010
010000000011111100000000010101011010000110101001111000101100101011111111101001100001111001010000
110011111000100100110010111101001101000100000111010011010111011010101000100101101110101111000111
001110110001101111010100011101110111111011110111100001100001010000011101001010001001001010011000
110101010101010110110010000110110110110000011110111001101110110001001011111000100001011010010101
101000100000100010100110000001110001011111100111101010000101000101111000011011000100010100010011
011111101110011111101111100010100101001011010010001101111101111001011010111010111101011000011010
111101011101010010110000010101100001010010100000010110001001110100110001100000101000011011000001
111110100100001001000101100100111111101101101100010001001010111100000000010011100000110110100000
110111011100111000111001111000001010010111010100101101000001100001110001111011111001000011011100
000101011110011100110011101011110001000011000010010110001100111110110110101111011111010101110100
111001000111111101001111100000001110010000000101000111000101000111100011100010101100111101110001
111111001100101111111110000001001001101110001001000110110000011111101001001101101101110010010001
000001000010001100000110011011001111110101110101100111010110110111111110101011001111010011100000
110001010010100111010100001111010101111000011011111010000000011111011110111000011100111110000000
011000010010001111101010000100100110001111010110100110111101111101000010110000111001100110001110
111101010001101000101111011011011001100111111100010101111101100100111100110110001010001010000010
011010101101101000101100111110100110001000000001010010100011011100100100000111100011010001010111
101010010000010110001010000111110101100100000100001010100000100111010001001111101001000111111110
011000010110001000101100111011101110101011111111111000111100000100010000110010000000111100010011
011101010000100000010010100000000111001111010010000101001101001100100110110001011111000000100101
000001010110000001100101001110010001101111101101010001001000001110110010011010100010111101100100
001100101010001010011000101011000101111111110010101000000100010001000100010101101000000100000110
000111100101100010100110001001010001000011101000000110010010000011000111011110010111101101001100
011101101100110000100000100100000100011000011100011111111101111000011000010000101111000111000001
110101000000001000101111101101001001001010000111010001100101110010100010010100000111110010111000
011100011010011011111101010011100000110000000111111010111011101010000111011100010101110111100111
110001100111100111000101101011101001010100011010000001110011001000000010000010010000010011110101
000010111110110111000000001001111011100000101000010100001111111010011010110101101100000101110110
000001000001010101111111100110111111101110111001001001000100111000100010001010111001101100110000
001110010100011011011101010000100000111110110001001100110111001111000100011000000111111101100011
100010100110001010111101011101000111010111110001100010100010000001011100110111111101001010100011
110101011000001011001001001111001001010011010000111101011110110001011110101000101001101010000101
100101110010111101111001101000001010110100010100000110001010001010010000010000111110101111101010
000001000010100111110011111011000011000010101101111010100001111100100111100101110011101011111000
101100000100110000110010100010110100111010101101010000000100100000011100010011100100111010101100
011011001001110011000010010100101110101111101100110100100110001101111100110010011110011110010100
010101000101011000000001110111011010110110000110101010011100000111101110101110110110001011100101
100100000100110100111110010001101101011110011001000101101100100011010001100001111000111100111110
101001100101111100001101110110010000110001100001011100111100100001100101010110110011001110010111
110000000001010100001011110011001001011111000100010111011000001101011001001011011000111001000001
111101100110000111111111001100001001100101101110011000110101001111110001000000100100101001111100
001101001111001101001111011111001001111000110010011101001111110011000011100111101000101101100100
110100110011110111001111110001010100000001001110000011010101100001000010001011110111001100011000
111111010010110000110000001101100101100000110000010100010001010110101000100111100011100110010111
100110010000011011010101000001100000101110110010000101000101101110010010010010011010000111010001
111011010110111100011000111000000000000111010010001001101010000011111110001100011110011000111101
111100011001111110001011100110000110100001001000011111010101111101011011011001101001000000101110
110110011000001111111110000110010000011111100110011001111101101000000111000011111010010001101111
010011110010001100110111000101000011010100101100001010000111001010011010110101110101101111111000
011000001101011100011110011101001101101011100101010110010110101100100010011011000001100011110110
001101100101011011011011111000110110010101011011001000111000001010111010111100011100101111110010
001000100110000100010000010011101111110100001011011111001111011111100110011101000101100011100101
011001001000100101110000010000101101000101101100001011110101111010111101011100110100000100010110
111111001110111001001100110100001001111000000111111011011001010111100000010001011110011011001111
000100100011011101111010101000100100000011000100000011010010000000101111001001010001010010011111
100101110001000101110011110000111100010001100010110110000110111010110111111000110100000011011000
000010110101000011010000001011010100110110101011101000110000111001010110011111111110010001110100
111000100111011100111111110100110001110010101110110110111010110110101100011000000101010010101101
101110101001100000110110011100010000011001000100011101001110011100111100011010000100111000001011
101000001111011010100000111110101011000010111110010101101111110110010010110101001101001000011101
000101001111101111100010001110001011001001101001101101001000000100101101011001110001001011011001
101100010001001011000011100011010001110100001111110011001110110100000011000010000010100011100110
101010100110001100101111100111110101011011100100110111011011000110101000100011111001100010100110
000110000011001010101110011111001101100100100000011011100111101101000101011101110000010001010110
010101100101101101110100011111010101110010001110011100001010110100001101011011000011001101101110
011010010010110111110111000111011110000111001000001100101110110010100111000110100000001010100110
101011101100111001001101101111111011101110011000010001001110000011001110101110010001101110011001
100000100000100010100001000101110101011110010110001011100011100000101001001001110010001111111010
110100110001100011100001111011000000010001101011111101100110100101101011101001100111010100110101
001010100011000000101110001101100001011101100001001101101101001010000101110000001010110000101000
010000101100000010011101111010100101110011110010010000100010111101101111110101100111100110111110
111100000011110101101011110100100100100000110001001111100101110010101011100000111101110100001110
101011111001001010011000011111111111101100110110001001001000000101110101100100001010101110101010
001011110101010101110101000111100000000110011110100110111100100011101110000001001011101000011011
100001100111011100000111001000111010001010100011010101111100001101100000110001011011111101100101
000111110110110010001101100100011100110000001110010011001100111111101010111110100100111000111001
101011100111111101100100011010001101101010010101111011101110101000000001011110110000111011001010
000101101111111011100100101010110100101101010001011010011101111010001000100001011101111100011011
011010001000110101001000000011101111000100111110010101010000001011000101001110011100111000100000
111100100101100001001101001110111010010010000101100111011010011100110000011010101100111000111000
001001000110001001011101100000010000111010100010000111000111010010111001111110010010011000000110
010001110111101011001100000100001110001010110000110100001001100111010011100011101000000111010100
110010101111111110110010110011011111010001111101100000111101001000011001000010011111010100000011
111101001001101111000010111100101110010101011000010010111011000001110011011001010000010100010111
111000111111100101000000111000000000010100110100111010101101101001110010101011111010101110100011
