101110000001011100111011100010010001110101000010011110111100011111100011001101101101111010001100
101001110000000011000000110010001110111100101110010010111101001101110000000111000011110100110100
101100000000110101000111111101101101011001101111000110111110101011001101010011011000001001100010
110100110111111000100111110100101011100100010110000001010010111010010000100010010100010100000010
001001101000101100000001000000100010111001010011101011010001011011010011101001100001000011011110
110010110101010000011011001001011001100011010111000100000000100111001001000000001110010101011000
001000001010100111010110111000010110111010110100111011010110110001111001000101101100010110001101
111001011011111011001010011110111111001111111010101011001100011011010101110001111011100011100101
101000110010010001011111011101101001110111111111010010101111101111100001000110001111110010100010
100111110111110000011010110010110000000101111011101100100001000111000010101000100101001010111011
101100110001011000001100101110111001010101111110100011001101011000011000101000011101111011110110
100110010100101010001101110110001011100000110100011010001001001111111000000000010101101101111101
000001101000010101001101111001010011110000100110100101001101101010111011110011011000100101011110
001001000000001100111100001110100010000011101100000001111011111010000000111111001010011110001001
101100000100000000110011000111000101011111100000001001100010110101001101111101001001001001110011
000000101100110111111010111101010011010000010000110101000000100000010010010011111011110100111101
011010101000001100000111011001010101101101011111010000100000000110100111111000001000100001011100
010101101100100001010100000100000101010111101011000101111000010010110101000000010001001011110101
100110101010110110110010111011011110011010101101111101100100111111100010101010010000011001001100
011100110010000001101110111011100100101001111001101111010110010010110010000010100001011010110110
110110111011101001100110001111010110100001000000110010011101111000100101001011000110101110101101
010110101101110100111111001100011101010011010100110000000000001010011010000111110001000001010000
100001110000011000011100110000101101010010000011001100111100111111001001010111100101110110001111
100101100010101000100010010110110100100000100001110101001101100001001101110110001100000000000110
010100100100101011100111110010000011111001100000100011001011001110000110110100001110001011011110
100010101000010100101111101010101000000011001001001000011000011000011011101100101111101011100011
101110101001101010011111001000000011000010000110011111011111010110000011000110001000010011010111
000000111010011011011000101010011110101101010011010011000111000011010100111001100111001111100110
111100101000011011010000011011000110110011101011110110010001000011110010101101100111011111110111
101110111101100011111010001011100110101101010111011010110000010100001110000101101010000111100000
001011111111110100111110101001000011110101000000011101010101101110101100110011010011110111101111
111100011110101011000101010011000001110011001010101101010001000010001000010010101011010111000011
000000111001000111011000100000000110101000011110010110000001001101101010101011010101000100000101
100101100011000000000110001000111100101000001101100111001000110111110110001011101111010011111111
001111011100000001011010111010011110001110111011110111000011010100010010100001101110101000101110
100000111001011000110111111100110110001010000010100100010010111111100110000001000010110111011111
000000000010101010011110001010000011001110010011100010001101011000110000110101011010101110010100
001110111000011000011000110000000110111100110010111000010001010011111110100010110001110011101101
101110011011110011101111001011000100111001001111001101100001000100111111110111000001110100010001
001100011001100001001110000001001100111111011111011110111010100011011000100011111110101100011111
001111011110010110111100011001110101110010111000100111010011010111000100010010100111010111101010
001110010110010001110111010010110101101011011101001110000101001110011111100101000100101011100100
010010100111000000100101010001101011101001110001111101101111111001100100110111001011000101010100
001000010110000001101111011010010101000011111101001100100111111110100010101010101100010101111111
110001011101011101111001110010010011010100101101000111000100000010000000011110101101100111111111
100111011110000010001001000100011011101000111101100101110010111010001101011010010110010111100001
000101111010010111101111011110101110001000100001010110100110101110001101110110001010100111110111
000111111011100000010101111110010000011111010111110010111001000110010111011001111111101010010110
110100001101110111111111010011001110001000011111000100010110011011000110010111110000011011101100
100110011110001110011000011110011001011101001011010111100110011001001000110000011101101111000110
011010011000000000101100111110101111100001011011100001100011101110000011001001111100110101100000
110000100011100000011001110010110101001010010000111110001000100100101111011101000110000100010111
011000000001001100010000110101110000100100110111110100110111100100110011001010100010110110111010
000000001100010100000110011111101100110101010110110100100001000010111101001010101000100011001101
001011010010010101000101010000111100110111100011000101000011000101100010010001010001000000110110
000001110101110001110101110010011100111000111111100111111100011100100010010110111010110010110100
010110110110110111101101111010011100100011010010110010111001010111011001010011000111001001011010
111001101000111111000111111101010111000100000111001010011111111100101010010010011011011000010101
011110001100110100010010011110010011100001010000001100100111100000011111011001001101100000111001
101110111111010101010111000000100111111111110101111101010010100110010100011001001000011001110000
110011001101110101101111001100110011100110100100100001100101000100001101100000010011100111111011
010011001000001011111110111000110111111110100101011110000010101010101111010100010001000011110000
000101111000101101110001111001011100101110100011010101011011111111111100101100010101000001010010
111011110011010001011110111100000010111110001100111101101010010001010000110010000100001100110110
010101001010101000000011000010101001011011101010111101110110100001111111011110010010101010000111
111001000010110010001000001100110101110100000010111001011100010111000111111101001111000110111000
111110101100110100010111110010001000001011011001111110001010011001011100101100001101101001011110
110101011000000111111011010101000001111000011011101111011100010111100100111000000110100001011010
010100010110001100101111010110101001001110001111011010000101110010000000111111111101001010000011
000111100010011010000101000001100100010000100010010011010001010100101011101110011111110010100111
011001110100101000100000111001001101001111101111100001011111110111111100101010001101100000111011
010010010010000111010111111100111101000000011010001010011010101111101101001100001001001001100001
011011111111100000001010000101101111111101111110001010000101110001011100100110101110111101011000
101011101001001101011100110011100011111100001110110110110001001011001011011101000000000111101100
111010100111110100010011000100010101001001010010111011101111011011001010000011111101011100111000
000101011101101010001111101111010010001101111100110001010010000101100000001110011011000001010010
000100001011101010111111011010101101001000110011011001001100101000000101110010000001011110100011
000111101100000000111000101101111001011101000100100011110111001011011010000111001001010010010001
111101011001111111001110110010111100111110011100111001100011000001101100011101010000000101010110
110100010111100101011110111110011010110011001001011111010100010001000100000101001111011101111101
010101000010010101000101101101101001110011111011101010010111101100111110111001110001011101000011
101000010000110110101100001010101000110100010111010101110001100110111010000011110111000111101110
110011000011001000000010100010011111101000011111010101101010111110100011100010100010010001100011
010111010001101001010001101001011100001110100110111111001110110001011100000101110001110010111101
110000110001001111001110001001010110011111111110011111001001010100000010001110011010011011101000
100110110111010111001011100110100101111010011100010000101000010100011100101100101110100011100001
101001000001111011101111000011010100100000010100111001110101111101100011101001110111110000111001
011001101000111000001110011110000001011010010110110001011111100101100101010111110011010001101101
100110011101010111000110101001100101000111100110100110001011010000100101010101011111000011100000
000001101001011111101111011101101000001010110010101001011001010101011000110001100111000011001111
101000101111111011001011111110101011011110011110000100000011100110001001110011001010000101010101
101110100011001010110011110100000110010101101001011110010010111011011111011011100010011001000111
111100101110000011110101011001111000100110111011000111100101000001100000000100101100100010110101
101111111111111000000101000111001000111010111100110111010111101101110100101110001000100100011101
101010000111010010111110100110111111111111100110101101100101011110101000000000010000111100011110
000110010000100011001110100011100101100000010001111010111101010110100011101011001101110101001000
000001101110010111010101101010110011101110110101100001010010111011000011101101110110011010000100
001000111110000111101110001001010100111111011000001100111010001010010111001110011010101111011100
111111010000000100000100001010101010110011100001110001111010010011000101100000011101110100110101
101001110101110111011101111110011000000011111001100000001110101110110111000001000110111011110110
010111000100111110101000111000110101101001101001110011111101111000001101111111000001110010000110
001011010011101100000100100011101100101111100000100111111101010001000001110011000010111100010000
011111001000010010111110001110101011100100110001001111001110000010110000011010100000101001111001
100010100000101000010100101110110011010101000100000000111000100000110001000101000001001000011100
100000001100000000100110011001101010000000101101001011101101111000100111100001111100001101000001
000010000100100100100101101001001000101110000000101011101101101111011111110010000100110101001011
101111001010100101001010110110000000111101010100101110100100001110010101110010011101000010101011
001001011101111100100111101100111110000000010100100110000010001001100101110010110110000110011111
110000101101101110111001011100010100101101001101011000000101100111001000010111110000000111011011
000001011011111010001110000001100000000010111010111100111011110110110110001110101110001111010101
010110000000111010001000110000010000100101010101101100111101001010000111110001101000100101111100
011111100000010110110000100100110010000010010101110010110001101101101010111100001000001000101111
011100010001000011110011110111101100000011001101100001010001110101000000101110000111100000001100
111110000111000010100110000101010010011110111001001111100000100111101101001110011111011001110000
000010011100010010100100111000000000100101110010001001000001110101011010110100101001110001010101
010011110100111000000100011101110000101111001111111001010011100011011101000011110111100110010110
110100100101101000110010010111011100111110111111101100001110100100001010000001000010101010101010
101011011010111000001010001000101111110101001111011101111011001111110100001001001111100011110000
101110101101101000110100000101111100100101010000110001010110110000001100011001111011010011000001
001101100001101110000010001011111000010100101101001010110101111000101101111001110000011100100111
111011111000011011000011101001000110011101000011001001011010110001011010000101111101100111100000
011111001111101011101111100100000001110010001110000100110001111110101111111100101000011101100110
101111111001011110001100100001101011100100110010110000000000111000110001001000110111011101101101
111000011001000111010001000111010110000010010010111011100001010100011111100110010110010110101111
110100010010100001100011111110110011010010010111100010101010101010101101111101111011010100111110
101110100111101011101001000000101100000001110100001100000011110010110011111001110010010010011011
100100001101011111011010000010110101100011101110010010110111011000010101110001001000010100111000
011100011010001001010011110010010001100110010000101000110000110110000111010001111010111011100001
100001110010011110011100100000111110111100011010100011010110100001110111111001101001111010000110
101110001110010100111111111111011111101111111110111001111000101001010111001111010000100010110110
101010100100111010111111110101011111101101001111111001110001010101011011101101011001001101011010
100001101001100101001010011000011001111100111111011000101111000010011110100011110010001101111000
001101100101010111111010000100110110111001000010101110111101101100011100000011100100001101110101
111010001110100110111001111100101010111011110000000011110101100110110100101110001110100001101100
111110000101100011100100111011011100011111111001101101111001010011010001111101011101001100100101
110101100010010000101101110111111011111000101000110101001010011011001101111100100001010101100001
110010100101001101010101100101100011010011010000100001011110001100111101001001010011110111011010
100011000100111011100000000110110111001101110100000110011010111000000000011100000111010010010010
001100111100111010000001011101100101011110010100101011101101001000111101000001100011101010011001
101011001100001000111111101010110101100000100111010001100001001100011000010000111111010001001001
110011100001011110110100001100100001110100100010111100101111110011001101011101100011011101010100
110000000101011011111010110100001010111001100111010011111000100110010000000110110110011111010001
101011101110101101011110101110110111001000111000110100110000111110000011110111010001010010111010
101011010011111001011011001111101000100111011000001111110110110101001101000101111100010010011110
100111100111010010001101110000001110001110111000011001111001101011011110010100100110011110001010
100111110001110111010001001000011011011100100011111111110101001001010110101001011010001101011111
100100101001110111000111110001111100101101101100011000100011110000110000110101101011001101101011
011001101001001101111100011110100110110110101110001100001011001100110000100111101011100001111010
111010000100011110111101101000010000100110110011101101000111011000111001100110101011111110111110
111101010101111111010001010011001010000110101001011110010101000000110000010111101111110101011011
000100111111101110001010001000001010110100001111000001010100000101011101100011111010000010101101
001100011011100000101011000111111101010011101010101110100110111100111111110110110110101110110011
111000000100010110101110101001010111110000101000000000111010000110011101111111110000110001000111
110000011000110100011011010001101011001001011100101100101010101100111001110010000100100110110100
011001001011011010001010011100001010110111001100110000010100100001111110110010001101101001111001
101000011000010100001010010001110011111111000110001101000100101100001111100011110100101111101000
011101001001101011011000111110110000100110010000101101100001100111101110110110010111011110101111
101010000100000100111000000011111011011111111011100000111000111100011100000010110111000001100101
101101011010100100001001011110100001101000111110001010001011000001111000100011110000010000101110
111100110001010000010100000111110011111110110011110000000011010010010100110110011001001100000111
010010010001110001100011101111001101000001010101111001011001101010100010111100101011010010101000
001010011011001010101011000001011010010110001100001011100101101111100100100011010010110100100110
011111010100100011010101011001101100011100011011001000101011000100111000000101000000100000110000
000110000001101011111100000101110011101001010100000010101101000010100001001011001000011010001111
110100000111001000101001001011001001011001001000010111010110111101010110101111010101110010111001
011100111001110110001000011001001010110011101000010100100000000101100011110001100000001000101111
111010010101001111100001010110110100010010111010010010011101101100011011110011100100100010000100
101001111011111100100111110011101001000100101110101011111010010101000000111101010110110000100010
110110111001011111010111110110111010001011001111101000101101111000000010100111011110000111110100
010100000111100110110001010011110010000100101011010101101010101000011110000110101101110010000111
010001010010101000101011100011011100100100101100001100001011011010001111111111001000101100101101
101011010011111010100110001111111110110111000101010100110011011010110100010000010100010010000010
110010100000110101010110110111011010011101010111010100001001110110010011001101111010100000010100
000011000101101010011001111100011101111110100000111001011100011001011110000001111101101001101101
101100111000101111100111101010110111000100101110011000110111001100011001011111000010100101100100
111111101010110000011100000000111011011111111010110001000110010011100011010011001101010010011011
011000000010101101000010010011011100111101101011000100101100000011101110100011000110111111101011
100110101001111100101011111100110100000011110100100100111000100111010101000001011100111010011111
011100111110111001111100100100010011100101000100011100100111001111000000111100111001011100111001
010010001101000000011001100001100000110101010110011011101001010111000011101101000011100101111111
110010010011000100001100000011011100110101101000111110110111011100011010011101111001010001000001
111011001100000011111111000010010100010110010100000001100111010111111001001111011101011011110000
010111101010111111010110111101110000111111010001011100101010011000100000110110110001000111110100
100100111001001001001100010011000101110110001111100101111011000100100000101000100111111001001000
110001110001000110011001101010101111011011101010001100011010011110010110010101101010111100011110
011000011001111100010001101101010010001101111111111001001000111101001101101100010010101001011001
100010111110011011111101010011000111101000101011010001000110110110100110000100001001000111101110
010010111110011000010111011111100100100010011010101110001000011110111000011100010011000100010010
000000001111100101010100011111100000101110111001001010110011101110101010100111111110010111101010
001011000110000001110001111111101100110111011010001111011111000000001010000011101000011101100001
011101001101100111001100101000011000100101101101100110100010010111100001011101000111110110100011
111111100011010000111100000000101101010011100101100100011010110101101100110010110111100000011110
011001000010001111011111000011110001100100110101000011010100110011010100110100111100001100011011
011010100010101111010011100011010100110000010001001111001000100110010000011101010011010010100000
001101100110100111001111000100010110000010010010011001010010111101110110000001011011101110010100
011010010110110000100111111111010011011111110110110010111000010001000010010111110001010000101101
111101110101111010010000111011110101111010011010110100001110100111111000111010100111000001110011
000000111011101110100000011101100110100011001011010100011101000100110001100010100011000101100000
000110001011001001111001101101000011010100001100100110010011100111010001100010000111000100101001
001110010010101111110000110111111111100101001000010111101010011111110011101101111010010010000010
