111110000010110000011001001011111111011101010011010010110011010111101001111000010100001111101000
110100110111011001010010111011010000011001100111001111101111011011100100001000110011100011011001
100110100111101111000001011010000110110000101101011101100111111001100011001100000000100111010101
000110010011100010111000001101010001100010001010100001100101110011111010011101100001010101100101
111001110101111101011101101101100101000011100011001100000001010110100101110011010111101011110101
000001010000101110100011000010111011101011110101101110001110100100001000110001111101000011110111
101111011101111001000001100110110110000011100000000110011111001110011111110100110001101101100111
001100011001100000111100110111010100111001011011110110110000001111111011001110110111100100010001
111101101001111011010110111011110101110100111001101100100011101111011000010000001111110010110010
110100001100100010100010001000010101010001101001011110000010100100001110011011100100001011010100
011011100000000101000001010011011101001100001011011111011110000101000110001000010010010000001111
000110101110010001000110101110101100100011010111010101110011000100111001100101111100111101101110
011101101011100111110110000011010101111110101111000111110100110111011011101011101000110110010101
100111101101101001101010001010100101100101001110011011110001000010011110011000010001101101111011
010011101001011110111100100101100011111001010001110100111100101000110001111110000111110101101101
001010001010101111010010101110000101101100111110101111111100010011100011101110010100111001000000
000111011001100101100011010000000010101111111001011000000110101001001110011011111111010101001001
010100011100111101100101000101100001110110101000000111011101000011001010001110101110001000101100
111111010010011111001101011010010010011000011100000001100010111001001111100011100100010101000000
101111011001110111101010100100011011111010111100000111000111000010010001110101000101000111000110
000001000111111011010111101011001100110011001111000010011000101110100011001101010010011000100111
111111011000011011001001110001011101110001111000001011111000101011100001000000001000110101100101
101000001110011001000111010001110100101010111110110110100100111111101011100000101101011100000011
011111100001001011000000010110110011100110010110100111011001011001001100000001101111101100101111
111011110100000001111111110011100101001000010000001101110100101100101101011101110000010110011010
010110111010001100001010101010110111111010010100010111011111101001001101011010010101101111001111
001100010001000111110010101001100001000000010101000100101110010011010101011010011011010010010110
100100000110110101010011111001011101011111101101110100101101100100010101010111011010101010011110
101001110000001111010000001110011001000010100000111111101010100000101111011000100000100011011100
101001111111111101100001001100010110011000001110111100000001001010100100010000010110111001100100
111101111011110001110000000001011010100010011110011101101101101100111010010101100110010101000010
001111001111101001111111111101101100111100111101111001110010110001101110110010110011101101101111
111111000100110110101001110110101110111100011000011011101110001000000011110100011101111110101100
110010000110110010001101011110100111100000100001001101001010010100110000001011111111101111111000
110111000110010000101010110010000111000001011001100101011010001001000000011000111111111110111111
000000101100011111011101111101100110011000000001011111100010110001011101111010110001001110010010
111110011101011101001110100111111111110010001111101110111010101000011010101000010011101000111010
111011001011011010010111010101100100010110000001111111111111011000101101010010110010001101100101
010110110010000010010111101010111110010110001111001001010100001100110010011011001010100111010001
000001101101001100111110100111001110011011100011101110011100111001001100011110100110100101011011
111001010100010001100111011110001001100101100011111101100111100010011010001010011010110001101111
010011101110001110000001100000111100101101111100101111010101001101101111010011101001101001000101
010100100101101000100110011101010001011010000100100010100101101001100100011000011100100111101001
100110110010101100111101010110001101100010010011100111100000111000111010101101111001001010010101
101001101100010100100101110000001100000000011100110111010100111010001010101000011000101110111000
010010111010011111111010101001111000011100000011110111110010101011001010111010010110001000111011
001101001101111000100001110000111111111000100110101010101100101000101111010100010110001111011100
101101000010000000001011011101101111010101110111110100110101010101101000110000000010100100011011
001111000000111001110100000101101111101101001100101001111110010010110010011100001011100101011000
100100111100010101010001000100001001001101011110011000110110111111110101001111110011010000001100
000011010001001100110100011100101000010110101011011001010011111110101101000001101010010111011000
101100101001110100111000101011000011011101000111000011101001100011110111111111110011101011100001
100011010100001011010011001000010101000011001100111011001010000000000110101100111000110001101111
101001011010011010011100010001001011000101100101000010000011111111100001101111111001111111010010
000000101100000100001110000001111100100011100000011100100000011101111001110111101100101011100111
100001110100101010111110010110000111001000100111010000110110101011100101011000111000110101000000
000000001111111000010010001011000111000010111110110110110011000101110101101110001001010011011000
110100110001100011101011000100001100111101111001111101101000110011100000111001000011001111000111
010001100011011000100011111100001100001110011101001111011011011100111100011010011000001111001111
100011011011001111001000111001001110101010011010101000000000001101000110000011010011011100001000
110111010111001101110010110100111010000100001010001100001100101101011110111000010001110011111001
100010000111010110011011110101011100100111010110111001101100111110001100001011010111001100011000
000100000001010000101100111000111110110010110110110000100001001100110010111111000011110100001110
010101101101001100011001000010000111000001111111000010001011000100000001100010011000100110101010
110101011110100000111100000101110010110010100100110110100101110101010101011001001111111110000110
001000100001010101111001001010101000001101101010011000011100011000000010010010011110100010101110
101101100011111111110000001100110111100110101011111111010010110100111010111111011001101010111110
100001111001000000011001000000100110101100101011111101100011010001010000110001011001111100111111
100110011001101001111001110001010101111100111100100011111000010100010101100010111110111100011101
001110111111111100110001010110000110000100100101010000110101011100111101111000000111010000001011
001011101001000011011101011001101101101011111111000100010100101110010000010101110101010011010110
111110111011111100100111101001100011101011001101110001101100011100001110011010001001001010010110
100010000010001100100001011101010111010001011001101001101110000100000111011011011110110010111110
010011011010100001011000010011010001001001110010111000101000111011111101000011001000100100100111
011010111011001111111100111101011111111100110110010100010110000001100111101111110100110110011101
110011100011110000000010001000000000001000011111010011000101011001001100001110011010110001101100
010111001010010010000010001001000101010000111010001111111110001111011011101011010101000011111100
101101001000010011011010010011010010001100011011000011001110011100100001111101000110000000011110
111111011001011000010101110111000010010001001110000001110010111010011101011111001010110011011010
011001001111110111000000101000101111111010110101101000110001010001001011011100100100000100101010
100011000000011011001110110110110111101000011101100001110001001011000110011010011101011110111110
000010010011010010100101011000001110100000100011111101100001010000010001101110001000010001111100
100010000110111010011111110101101101110100111100000110100011111010110010001000100100001100000100
111001111111111001010110111110010010101111110011100011101101111100000000110110010011101101101111
111010111010101111100101111110011101011000010110001010011011011101111111111001000011001100000101
110111100100111011100111001111100101011010101011100101110001110010110001111110010001000111000010
101010011110000101110010011000100010000101000101000100001100001001100110010100111101101100001100
101011110001000111001101001010111111100111110011100101001010100111000000011011100000100001111001
010100101111100010001100011000000110001111101101100011111111001001010101111000011011001000110010
000101111000000110101110100110100000011010001010001110010110010100110000110101010111100110011011
110000011101000110010001001010110000011000111111000011101100110111111000010101001000011001101110
100001110001111001010011111101100000011010101101000001010010000110001101011001111000000101101001
111000101100000000011110100101011011101010111011001010100000101000000101011011010010111011111011
001001001110111100011011100101001100001100011100111010001101011110001101000110001101000010001011
000101011110000101100001100011011110100100111011101011100011011100111110000110001011111000111111
101000111111111000110011111001010001111001010000100101111000100000101100001101101011101110001000
011001101001101101000110100110111011101111010110010100011111110110110001000010111111000101110011
011000111110101110000001000110111110100000100001100000101111101001111111110011010100100001110101
000010101100001010110100101010011100011100101000110111101001111110101110011011010000111010010110
100100001001101100101100000100000001010111011010000010011010110010011110001010100010011010010000
010101011110110001101001001101001011000110010101101001101100011010111010100100110110001001110111
001001100000111100001001010100100100111111111110001000010011111111011000011100010010111011011000
111001110001100100100011101101010011110011000010011010110010110010000101100100111111001101101010
001000010111111010101100000000010001111010101111111100000100111100101110001111000101000001010011
001110011010101011110111010010011000011011000000010100000101000000100001001111101010000000000000
100100010011001100100011100011101010101100011010111001001111110101011010000000000000101010011101
100011101100000000111100000100101111010011011001110010000101010100000011010001011001110000001010
011011001000010011010011000110110100001111011111011100011111000000110111110111110010110001000010
010101001100101110000010000000011111000111011111010001101000111111010111110110001100011100110011
100101011111011000100000010101000111101101111100110000011101110101111000010111011100101110000111
100111111011111001111011000000100011001001100001100010001101001111111111110101000110110000111110
011010001101000001100001010000010111101010100011111100010001111110011111111010101101001011011001
010001000010010001110010001001100101011100100110001111100110001111011001100000010010100000110100
100011001010111011000011100000100001001110110100100110010110011001100001100000100110111100110001
011100101000011011110111111100010110101101010100100011011010001001001000001100010101100010000101
100000111011100110110001000000011010010001010111011111011110111110100010100010111010111011001101
010010100011001100011010111011000000010011011000011001100000010010110000001010101010010001110111
110001111110001100010110001011000011001101111011001010110001110110000110010111000111101010011010
001110111100101110011000001000011001011110101110101000111111110001101111010111111010000110101111
111001110101111011001010011001110100011101101100111110001010010001101000001100010100011110111100
101100101001111010010001111111110011001010000101101100110011111010101010011111101000010111010001
111110001010001111101010101001111111001110110011110011010011010111101011000111001001010111110110
000001000100100101110100010001100010111010010100001001110100101110100010111110000000101101010111
101010001111001110101010111011110100000011101100000100000000111111011110010011001011011001110001
110000110011111011111111001111101011100011010100011111001110111011101111001001001101001000110110
001011011110101010011010111000111010001111001111010100101111000010110111010001011110001110111001
010011000000110011111010001001011111110001010111111000101001110001000011101010101110001000010110
011100111100010001100100110110101010011101110011011000110001111010011010101010111101011010110100
011011011100000011011101001011100010110011011010001011101000011100011101001100111110110101100111
110011101100010101000010111001000000111000010011110100000010001000101000010000011011100011010101
111011000000100001100110011001001101011100111001100100011010010000001111011011011111110001101110
000101110001111100110110001111110010000010100011100011101010101101111111101000110100001100100000
110111111010000111110000111001000111101100001101001110000111010011010000100010100001000111001101
010110010011101111010010011000000011001101111110000000000011100101100110110100001110010101011001
101001101111101100010111110100111010110100010000100101100000101111100011001100100000110111001011
101111001010000110011101000101100000101110001011000011111001111100100001111010110000011000000101
111110100011001011110110001100101100101110111010111010000011010100011111101100011011001100011010
100111000100010001000001111100010000110111011000010100010110010001010010000111101100000011100010
111001101010110001000101010101001011110001101001000111001011110011000011101110100001010000001001
110000011101010100010111110011101000001100011000101101000101101111101100011011001010010000000011
111100111000000000001100110110001101010010101000110111111110011011010000000111100000100010100111
000011100111011000010000110010010111010111111101011001100110101000011010010001111110101000011010
000110011010101011001110010110100100110000101000110101101111110011111001011011101000001000100111
100000011110011000111000110110000000011111100110111011011000001010100000101100100000100101011000
111101101100001100011110010000100111111100101001111101111010011110001111011001101111100101100101
101101101111100110101000000111011010001011010110101001011110110000100100101100111001000001101101
001000111010110111100101110000110111001110000010110111100011000110001001010000010110101011100101
101010111100000110101011100111000111001000101101110010000000011001011110001001101101101011010010
110001000111000001011010011011111011110110000001001010101101010011101111001000011001001100110101
101011011010010011001101101110110001010100010100000001000110111011100111010111110101110111111010
101010100111111110101001110101011011100010010010101001011010011010001111010000001001110011010110
011000010111001101010100001100110101110111001011000101111101100010101010111100100110110110000111
110110100011010111100110100101001011001000100001110001100101111101110001011000100011010001010111
101000100000010001001101011111101100011111010101100010010001000001111001000100000111101111110111
111001101010010010110001101011101110111100111010011001010011011011010000010101100011110101100001
000011000010000110010011000011101111100110011110010100010011010111110001110101000111111001110001
010000101010111111100011010110110101101001101011111000100100111000001010100110000011011101001011
100101111010011100100011110010111010101010110111101111110101011010000111110001011100000010111011
011010001001000001111010100100000001000110110111110110110110001111111110110100001001010110010111
000010001100011001101101110110000101001110000011101011011101110110101111100000111110010011001000
010111011001010100111110111110001001100001101100111100100011110100110000001000000110001101010011
111110000100100110100111111001011001001001101111010100111000010110100111111111010110010100011101
000000110101101001011000011010000010010100001110010011000100001010010101011100101000101111110011
000001111100100010010001100101000001111110111011110010011100010010000000111011000100011000110000
111011110111010110101101111100110001000010000110101101100000111101101011010001000111011111011010
111010000110100111001011010000101000001100001010110001101110011011001111110011101100000100010110
010101010010010010011101000010100011111001001001011011010101001011100010011001001010010000110000
111101000111101100110010110001010110111110011111111110111111011011001100000101001100001100110100
010010011110011111111110010011001100110000100100111011000111011100001100011011010001011000000100
100011101111110100011111100010111101100000010011101111101111000111111001111111101011000100010110
101101111000011110100010110010001111011010000000101001000011001101100011011010110000101000100001
011101000101011000110000111001000011001000011001110101111001001010011010100110001001110100000010
110011010000111101111001101000000011011101001000111110011001000011000011010000101111011110011001
010010001001011101001010111001110100111001101001111111111000101001000001100111100101001010000010
110001010100100010010100100101011011100011000011010101111001100010111101111111110011110111111011
101000001111000011100000101111000010101110000000101000100110111000011010010010001101111011011111
110101011110111101011000101000000010101110011101000000010001010101011100110001101001011001100011
011011110110110110101111110000001000111000100001110011101100010001100011101010111110111010100001
001111010101100100001111101111011010010101100101011111010110101011000101110011111111111110110101
010111010000111000001111110001110011000010111101010101101111101100001001110110110010001010000110
110001111001110011110111000100010010001001000010110011011000000101101100101110101101000010010000
001001101001000010011100101110111000110111000100000101111011101100000100100110101011101111111011
110001011010111100010011111011000010101101110010111010010000101110000001101010001101100011110100
111000110101000100001000001100010010011000111010000011011010000101110010111001101111111100011101
001100010001000000011100010101110011100101111000111011110101011010010100011110001101100000101010
000110011100010101000101001000011001101110100001011100101100001100010010001011000000010011110011
001111110011000001001111110010000010100000110001111001110101000010101000010011101100100111110011
010001000011000101000010101101000101110000110101000000011011100010000011000001001101111101110100
110100100011111100111011111110101001000101010111010101010010001100110111100111100000000110101100
000010001111000101001010100111000010011001000011011101100111000101001100000001101111101101011110
100011000101100010010110111000111111100110001110001001000001011110101001010001110110000010101011
011110110001101011010101011111111000100011100110010010001001001001010101101010101010011011010110
100001100110100001100101110101110100000100110011000101100101001101111000110100000101001101000101
010111101111000000000001111010111011001110111000111110010100001000101011110100000100010101100001
100111010111010010110000000100110101010011111100100110010001010010110110101100100100101001110010
001000000011100000011011001001010000111000111100111100111010110001111100011011000000110000100100
001001000001001010111101001010111110111110010111001001000010100101111000001000001000101111001011
111111000111011001110000011000011111001101100010110010110100000100000001101001011001111001110011
001000010000110101100001110101001011000101001000101011010101011000001010010111110111100000101101
001100001000000101111010101100100011101110011100001111011011011100000111001001101111011001110000
