010100010001010110000010110001110001011000110010111110110000111001010100111011001000010101011010
110011111010110011001010110101010100111100000101110101100000100011010101000011101011011010000001
100001111101010000101001001110011100100100001011100000010000101001001111101010100001100101110100
000000101111000100101000101101111011001011000111101101000100010100101011101010111011101000001100
010001011011110011101101000100111001111011111000001110011000011100010101101101100010100000000111
111010010110111111000101100011010110100010101101100010100001011110111111111100011000100001111000
101000010001110000010001011010110110101101101101001100001000101001000010001111011010011111001011
000011100101101000001011000010001000010011001001101001000110000100000100111111111110010110000011
001010110110011000100100000101110100100010001101000110011111001110011110000101011010101111000101
100010001011001001110111100111101110011100100101111011111111011111101010111010010100001001110011
011101000100110000111000111011000010101001110110100110111001011101110010100110110111000000110100
101100111100001001011101000010011100101010101100100110111000001111111110100100100100100011001101
110111101101001111101110111010110100111101111100000101001101111001000101100110001000001100101111
110000010101101111111001001101101010101000111100101000010110110101110010111001010000100010101000
110101111101000111111010100011101101100111011011010001100011010100011100001100001100011100111110
101111011100000110111010001111101001110111001011100010001010101101111011001010100111000000010110
100101110110101101111101010011100101100101100110000101000110100010111010010101000000110000111010
111010101111110010110110001101011100111111010101111100101010111010110000101101101011101111001110
011100101111101111101011101101100001011001001101010111000011010101110010111001101110010000010000
110001000101111001000010010111000001100001111010010111001101000001101110001110111110000110010100
101011000000000111000110010011000001111001011111100011011001111010111001100111010111110111110101
110100111010000101101100011000000001000100110001110001000110011011101101111100111110001010011110
010000001010011001011111111001101000000011011000110011001110110111010001000001011110100011010000
010010101010011100110011000010110111110111001010110000101110111010010001100111011100100010010110
011100000110011111010100010101011101000011000001100010011111011111101100011100001111010000101111
100010111000000111010010011100011010111000001011000001000010000101110010100010110000010001011110
000100011101110100101100011101000110110101001010111000001110011011111111001100010110010010010000
010010101111101111100101010111110001010101101110110000111010011111000000001101000111011111000001
110101101000000100101111011111100101110100001001101100110011000011010100100101010111110001011101
001101111110100101111000010000010100100001000110100010010100101000001000110101110011001000100010
111100010111000011110111011110011110100101111110100110010001101001100011011110000011100100111111
000111011001010101101010111001110101110110000000011011101111010101010111100000110100101010001011
011111000101101101110100001101111110001011101101101010011001011101011101001111001011101101011111
011110001010000110011011010111011110010010111110100101100100111000111101101010111000111001011001
001110111011110100110111010110010110111100010010100111011110001011101101100011101101000011010001
111000100000000110001001011111010101000111111100010001110100010001101101100110000111101001111101
001001111001110011011010000111010110010100111101110010100001100001000110101001110110010111011010
111010000000111010110011110010111000001010111111010001010000000111100100110110001001001111000110
100111011010001101111101010101011101101111100000101101000111100000110000111101011101001110111110
000001101000101100100111111000001110000000110000110110001000001101101100011001000110010111000101
100011101000011111110111001100100100011000101101100001000101110000110110111111111001010100011010
101111001010110100010010011000011011011011100010001011010100100100101101111100011110101001100110
001110100100101110000001010001000100011010111001011110111110100011011110001001111100000011000000
001011010011111010010110000001001100101001011111110010111000011010001111110111110001001110011110
111011010000000000001011010011101000101001000000101101001010001100111010101100000000111001111110
100011101000111101001011101011000011111000101110010101000001110011101010110011101100101101110111
111001101101001100101110101110001100101010010000011101110110011111101000010100100110100001001000
110001010010001100010011101100001010011010100101101001000010010111101100101101011010000010001101
101110110100100111011000010000111110000000010011111110001101110011111000000011111100011110010100
110110010010010000011010110101010001101110110110000000011001101001111010010011101101110001000011
100000111110000111011111110100011111101011110101111011111011001011101011011000000110001011111011
100010011010001011011010000111101110010000000010100100000101100001001011000110100011100000101111
111011001101100111000100100011110011011111001100111110011010111110000010101110000010111111011101
110101111110101010111010010101010000111001110101100111000011001010100100100100100010100000111001
010001010101000011001111101101110001110000011100001011011110011100011111010100101111110110100001
100000011100001000000000110000111000001100011101100100110001000101001001000111001000011111110111
001011001110110011001110110000001111000111000100000000010000111011101101001001000001011011110011
100101011010101111101000000010000101001000110111100011111100011011110000000000011000001111001110
010011001001110101101100010001011000001100111011000111000100111000110010100001011001010000110011
100110010001011111001111000111000000011100100101000010111101101100111110000011011000010111011101
100111100110100100100010001110001110101001101001101010011101000101110100100100101001100101010001
111111001000101110111000100010011011110011010010000011101101000110000111110111011001011100110100
001011010100011011101110011000000000101100110010000110010101110101011010000000010110001111001001
010111010010000000100100011100111000000010110001111110010001000111101000111101000101110000111011
101011101110000001111110100110100010001001110010100110000111000001111100100001100111011010000000
111000111011011101100000010111101000101110001001100110011101101100101000100100000111101100100100
110001001110010101100000100001100000001010011000010001111101011100101001110001010000100100000011
000101101010100101111010101001100001001110000010001011010100111111000101000011101011111100011001
100100110100111010111001111111001011001100001101101111100100010100001111100111110101100100011011
011111010001111101010001000001111101100000010011110011111000110111010100111110000101011000110110
010101010000001100001101111011000100000011110010000000000101000000111100011110101110100011111001
000111111101111010011001010110110100001111010010011111110101110100010110000100100100001001010100
010010010000010110111011101100111010001101101011001001011100101101101100101001010011101001011110
011100001000010000101101110001011001111100110011000010001111111010100001001010101000001000010111
000000100111010010100001111011001100110011110011011111101001110111110010110110001011101111111111
101010011010001111001110101111010101111100001100111010110000110011001010111010010011111111000110
110100000001110010011111011111100001100110111011101110101111011100011110101011100010010101101010
100001010011010110010100100010111001010110011001100100011001000111000110111011000100111111000010
010101011100011010010011110100011111101111101000110011101011101111100001101101010000110100100110
000011110011011100011110010100000001011000000101001110001011001011001001111100001010011111110011
100100010101111110011111110111001001010100000110101111001000001101111010100111000000101000100000
110111011010111110100100010000010001110110110110010101011000100110001000100010111011110111111101
001110100110101110011100111000100100001011000010000110110110011010001011010000010011110110010111
100011011111011001001101111000010011010111011011111101010111001101000010001000010100101110100010
010000101000110111101100100100000110110101011001010010001010101100110101111001000101011100001101
101111110111011111110011101111011000000101101001000100000000110011101101010100101111100101010001
100001000010111010011010100101001001010100001001001110100101010111011100010111110000101110100111
110010111110011101111011011010110000010001011011011111001101110001000111000001100110100010001011
110001101010011110000000100001110010000110010111111101000110000000010111000110110101000110100001
110011011010111011001010101100100111100001100100010000010111101100110001010110100100010010101111
110101011000110111111111000001111110100110001100011101110111110101011001100000111010001111010111
110000101101111011111011011010101001011101111101101111001111001001001011111001000000111010011100
010010001100100011110101100010011000011101010001111111110001101101100100110100110100111011010101
100000011111001111111101111001010011011010000101110011110110100110110100110100001001110000001010
100110000100101011000011101101001001111111000101010101010101101101101110101100100001110100111100
110110100011100001000100001011001101111010001111100100101101011010100001011001110001001001100011
110001111000110011111001111101011000111111101001100001001111001101001101110000011001000100011010
001001110011110000000100001000001000100110111011110110000010100100010010001101001110010001111001
110000011000101100011100101111101011110001011101011110010000100011101110010100000100011101101000
110011101000111111011100000100110001011011011010101000101111101010111110111111010000111101100001
001110011001110010000010100100001100100100000000110110101011001110001111011001010001001011110001
111010100011011101111001001110100000010111001111110110110110101000011100101111101010011111100111
100010100000000011101100000111010010110011111101010110010100000110000110111011000111001110101000
010110010111001001110101100110111110100101101001110100001010111010101110000011011101000011100001
001111110000110000111111011011000100000101111010011001110000111000100111110010100110100010110000
100001110100111010101011001011110110000011110000101011100001111110111100000110010000111100001001
100110111100010000000110010011110111010001001111101111000101110010011010101001011000000111010000
011110000110000101010101100101000100110111100001000110011100101011000111001011011110100101111000
010000000110111101101011111001111101000101111100001010100010111010111010001100111010111001011001
010110000111100100110100001001101101000100100010100001100101000000010010100000010001100111000011
101111000011100100010111011000001011010111000101100111011000001101011001110100000011111010111110
111011110101110011110101000100000010011000011000111010010110101110010101101011100100111110110100
111000010110101011010111100000001010000110111000111001001111011100000001110001100001010111011001
110010010100100101100011010000001101001000101101000001011001111110110111100010000011100100010111
101111001110001010110100100111000000100011011011010000100100011001011101101011110110110101001100
111000000100010000101111001001100110101100100011001001011111001000110110001100111010101110101001
010000110011011001111011011100000000101000001000111010101001010010001110110101111111101111010101
011100001111110111010111110011110000010111010111001010101100100010001011110011001111101100010000
110010100010100101111111111001001000001100011011110010011100111011101110010000001100010001111110
101111111000010111111010100001011111101000100110010000100001011000100001110010010011101100110110
100010011001000110111110001010011110001110110100100110111101001101011001001111100010100010001001
101011000100100010101000010010111010001011101000011010001100101010101101110011000000110001110001
000100001100110000010110011011011001001100100001010111011110010010100001000101000000010011100011
100010100110100001111110111011011011001110000110100011110100100110001010001011111101010001111100
001100110001111010000011110011010011100000101101110010100001011101101111010001000110000000110101
110110001010011001101000001000010101110111001100010110010010101111000101001011001111001110110000
101001000010111110100100101101111101110000110000001100001101100011100111011000100000001000000000
001001010001010110111110110011110100110101111001100011000101001101000010001011001010110100000110
101001001001101000001110001001110111001011111101010100010001001110101100111001010111011010011101
001100001111010011000010100010011000011101100111111110011010101110111111010000001101101100101000
101011011101010101000001101011101000010111100110111000011110111000010110011101001010000010100110
000010100011100110111001011101000100010001100110101010110111010000111001101100111111001011101101
010011001000111100100101000001001101011001110101011110001101110100010110001001010010000110001010
000101001101011100010000101000111110111010100101001101000111110110101111000011100101000101011110
001111011100010100000010111001101111110110111011010110111010111001010101101100100011100110111001
111100000101111001100111110001000011111100111111000011000000111101110110110101111110100000110000
011110111010000010101111111011101111010111001101010011010001000111100011010001111011111010001101
100111001010010001010010010111000111111111111111101100011100100110101011011101011000110100001110
011110100011100001011001001100101011110111010100001110110011000001100011110111110100100101010001
000101110101110010111100101011011101000110010001011101101001101011101011011101000001010010100000
010011010010111101101110110100011101101010111100101010111010010001011101000110001001011100111000
000000100100010110000111111101001101100110010001000111011000100000100000001100101010100001100001
001100111100101111111100011101100011000101010010100111010011111001010000101110011011010110101100
110101111000001001000100111111011111011001110111110100011010000011110100110110111101010110000110
010000000111111101011100111000011011110111111011001011011010110110100111001001011011100011100101
110111100101110010001000100011111000010100000101110010010001110110110000111000110100010100100110
011001101110100100011010111111100110110000011011111001011101110010101101111000000010100011010110
111011111010001101010110111000011101000001010110011110001010100111111010001110111011111000011001
011000001110110110110000110101001001111010000001000101110110010011001110011000010001011000000110
000000011111001111001111010011011111000010000101101001100101110000100100101111011001000101111101
001011101101110110000101101001010001010100000001101110111011101010000001011010011010010011000100
011111111011010101110111000000110110101001001101111111110111100000001100101111011100110000000001
100001110111011101000110010101011101100011100010100011101001101111110110011010011110100010001011
100111101010111110101011110101110111101111011101100100101101001001010111010101010101110100111000
110101000101001110111010011011110010011101100100010011010011110000111111011100010011011100001000
011000001000011110000110010101011101010101101001111100001011000110111010010000101010001101100000
001010011100101001111100000011110000000001010000110101011100100010100001111101011110101100111010
111110110100010110101111001000010000110101111011101110001001110000101011111111100101110000000101
100001101001110010011100000111100101100101000100010101110100000111000111111000101100010010110000
000110101011011001101001001100010101011100011111100110111001010001100010101011101101101000110011
101011010110011111111000100101111011001010110111100001000000000010010100001011010100011100101010
100111101011001001110010010110111111010100001100100100110101100011000010111100010101011111100000
000001000111101110010101100101101100000000000010101000100011110011100010000001011110110000000010
110010110111000111110100110111011000010010111100010111110111001001100101011011010111101010000111
100000001111001000000011011111101101111011111111101110011110000111011000000110101111111010111100
101001001111100000011110010110010011001101100001110010000100101000101111001100010111000100011100
001100101100000100110010011101001111101101000000001101100100111111010111101000100001101001100101
110010010011010001011000111001101001001110011001100101110011101001101001001110001011011101111000
001011111011000001111001010011000111000111000001101100001110101000011110111101100100101111011011
111100111001010000110001000010011110000011011001100000110101001000001001101100000110111000001100
111000100111100110011101010111000101001011011100000111001110101110101010001111111110010101110001
000111111100000011100000100001111010110111001000111111111001010000010011101000110011010100010001
001001001001000001011000000010100000000010111001010110100011111100101011000000011011111010110111
100110111101111001111111000100110101100100011100101001011111111101101100001100011111101111111001
000101111110101111000100101000010110000101111101010111010101010000011110010101110100011111100000
101101000010100100111000100100011101110010000000111010110110001110001010111010101110011111111011
001000100110101101010101000101110100101010111000101100111011100111010000100101101010101010111110
101000010011111101010001100011110001011011100100110011101010101110011001010101100100000000101101
010100110101101000011011110101001110101100001010101110011101001010110101001000110001001110110101
101001010011101010001101100000000001001101010000110110110100011101111110110001011111001110101100
100011000001001000010000001010111000111011011011100001010000000010110010010001010010001111110001
000101110000110100100001000111000100100000100011000101010010100110110001011000011110011001011110
010011001000011110000111110010010111010100001110000110100100110110101100101010101010010110011011
111011100101111100111001001110000010101101011011000101111010111000100010010001001000100110111110
101110010100011100110011110000111011111000011110010001101000100011011101111101101111010001111110
110000100011010010101001110011100000001100101110001111010101110111110010111011100011001110100010
011000011000110000001110001011010101111001110101010101010110111100110001001011001101010101001111
010010000001101000000001011100111101100011101011011010101110000001011001100010001000110101000010
111000001000100001011001000011000011001111100010011100101100110111101010001000000110111000100110
000110010001110011101100011110010110000000101101000111001100010010111001010101111111000100010100
111000010001101010110110111111000000000111100111000000101010011100010111011010010101000010000100
000110111110011001111010000011010011101011110011100110101100010010011100100000101001111101010011
111000001010010011110110001110001101101100111011101111100101100100011010101000100001111001000010
001010010101011001111001111111101110101100110101111101001011101110011011100111011111110001010110
110101101111101110000011110010101010111010000110101100001011001100110001011001111011110101100010
101011100100101000101001100110110010101010110010101111100110110111100001101101011001010100110101
011011000010111001010011001101010010011000101010010011110100000101100100001011110001111000110111
011011011101000011110000000000100010001111111000000011101000101100011011000110001010101111101101
111100110110100010100000001011011100000011011111010010000000010110011010000001111011011101110110
111001010011000111011011100000100100001010110000100010001110011010001010100000111101100001011111
